pathway,pval,padj,log2err,ES,NES,size,leadingEdge,database,contrast
GOSLIM_WOUND_HEALING,1.425279779722552e-12,3.848255405250891e-11,0.9101197347744591,0.5991548784498697,2.5205863076844177,95,SERPING1;FBLN1;APOE;SERPINF2;CLIC1;CSRP1;FN1;LRG1;HBB;SERPINA1;YAP1;ANXA1;TLN1;FLNA;PRDX2;ANXA2;CD9;F13A1;ILK;CAV1;S100A10;PPIA;PDIA3;MCAM;AHNAK;ANXA5;MYH9;CD34;GNAS;RHOA;CD36;COMP;ACTB;ITGB1;CNN2;GPX1;MYL9;CORO1B;AP3B1;AQP1;GNAQ;CRK;VWF;VCL;THBS1;RHOC;CD44;FERMT2;DMTN;CTSG;PROS1;KLKB1,GO Slim,Cancer_vs_Healthy
GOSLIM_GENERATION_OF_PRECURSOR_METABOLITES_AND_ENERGY,1.0882094447591933e-10,1.469082750424911e-9,0.8390889356212738,-0.3648697321076046,-2.1586922836823392,234,NDUFA4;SDHC;MFN2;CISD1;STBD1;NNT;BCL2L13;PFKL;ATP5F1D;DLAT;TRAP1;ACADVL;SDHD;DLD;HK1;GAA;MT-ND4;PDHB;ETFDH;SLC35A4;ATP5PD;MT-ND5;DLST;PDHA1;NDUFB5;FH;H6PD;SDHA;FBP1;SUCLA2;ATP5F1C;GYG1;SDHB;FDXR;UQCRQ;PPP2CA;OGDH;NDUFS5;ACAT1;PFKM;SUCLG1;NIPSNAP2;NDUFB4;IDH2;MT-ATP8;MT-ATP6;ATP5MF;IDH3A;FECH;MT-ND3;ATP5PO;SLC25A13;ATP5MG;ATP5ME;NDUFS6;PFKFB2;NDUFA2;MT-CO2;GYS1;UQCRB;NDUFA12;PRKAG1;PHKA2;ENO3;PNPT1;COX7C;NDUFB9;AGL;PKM;NDUFA8;NDUFB3;IDH3G;MDH2;NDUFS4;ACO2;IDH3B;NDUFV2;PYGM;PRKAA1;COX7A1;COQ9;NDUFS3;NDUFB11;NDUFS8;STAT3;ACADM;COA6;PPIF;FXN;PHKB;SHMT2;NDUFB1;PHKG1;COX5A;UQCRC2;SLC25A4;COX4I1;PHKA1;OXCT1;NDUFA10;ALDH1L1;NDUFB7;NDUFA13;CYC1;NDUFV1;NDUFA9;NDUFA6;ATP5PF;SURF1;ETFB;PPP1R2;ARL2;ATP5PB;GALK1;NDUFS1;UQCR10;CS;PPP1CB;IDE;STOML2;NDUFS2;PRKAA2;COX5B;ATP5F1A;PGM1;UQCRC1;NDUFA11;PYGB;NDUFA3;NDUFA7;NDUFA5;GBE1;COX7A2;HCCS,GO Slim,Cancer_vs_Healthy
GOSLIM_RENAL_SYSTEM_PROCESS,2.875283008530111e-8,2.5877547076771e-7,0.7337619883564803,0.7644761683139849,2.4189146534976103,23,IGKV3-20;AGT;SERPINF2;IGHA1;HBB;IGHA2;GSN;GNAI2;AKR1C3;MCAM;JCHAIN;CD34;GNAS;RHOA,GO Slim,Cancer_vs_Healthy
GOSLIM_AMINO_ACID_METABOLIC_PROCESS,8.879118006023279e-6,4.794723723252571e-5,0.5933254763964051,-0.3555691570315382,-1.8969491631524535,115,FARSB;EPRS1;RARS1;DARS1;KARS1;LRRC47;DBT;GARS1;LARS1;ACAD8;HARS1;VARS1;ALDH5A1;DLD;NARS1;MMUT;DLST;FH;ALDH4A1;GLS;ACADSB;MCCC2;IARS2;BCAT2;MCCC1;IARS1;ACAT1;FARSA;HSD17B10;AUH;ACY1;GCDH;QARS1;IVD;RIDA;SMS;GOT2;ADI1;SARS2;PCCB;GCSH;SHMT2;GOT1;AARSD1;BCKDK;ASPA;GPT;ETFB;PCCA;ENOPH1;NIT2,GO Slim,Cancer_vs_Healthy
GOSLIM_MITOCHONDRION_ORGANIZATION,7.94053215740169e-6,4.794723723252571e-5,0.5933254763964051,-0.3206698931158354,-1.83826803243436,182,MYH14;MFN2;MARCHF5;SLC25A46;FAM162A;MAPT;FIS1;CLPP;MTM1;BCL2L13;TMEM11;NOL3;ATP5F1D;AIFM1;SLC25A6;MTX1;TIMM50;MT-ND4;LONP1;COA3;MT-ND5;NDUFB5;SUPV3L1;OPA1;NDUFAF3;ENDOG;SAMM50;APOO;PRDX3;MCU;NDUFS5;CLUH;AFG3L2;NIPSNAP2;NDUFB4;DNM1L;TFAM;HSD17B10;NDUFA2;NDUFA12;PNPT1;SMIM20;NDUFB9;NDUFA8;NDUFB3;MICOS13;NDUFS4;SIRT5;COX7A1;CHCHD7;TIMM8A;NDUFS3;NDUFB11;NDUFS8;APOOL;IMMT;PPIF;FXN;NDUFB1;CHCHD3;MICU1;SLC25A4;VDAC2;HSPA9;NDUFA10;NDUFB7;NDUFA13;TIMM13;SLC25A5;NDUFA9;NDUFA6;GGCT;SURF1;NDUFS1;ROMO1;PHB2;STOML2;LETM1;PARP1;NDUFS2;ATP2A1;NDUFA11;NDUFAF4;SLIRP;ATPAF2;ATAD3A;NDUFA3;NDUFA5;CCAR2;SQSTM1;COX7A2;TACO1;SCO1;TOMM22,GO Slim,Cancer_vs_Healthy
GOSLIM_ESTABLISHMENT_OR_MAINTENANCE_OF_CELL_POLARITY,1.195930614495892e-5,5.381687765231514e-5,0.5933254763964051,0.5693959237128668,2.1072095754454496,46,ANK1;FSCN1;CAP1;FLOT2;GSN;MSN;ACTR2;ILK;RAP1B;PARVA;ACTR3;MYH9;CTNNA1;CLIC4;RHOA;RHOG;ACTB;ITGB1;CORO7;AQP1;CRK;MAPRE1;CDC42;MAP1B,GO Slim,Cancer_vs_Healthy
GOSLIM_EXTRACELLULAR_MATRIX_ORGANIZATION,1.663257387498858e-5,6.415421351781309e-5,0.5756102610711286,0.5811832299196109,2.1209927231437686,43,FBLN1;AGT;SERPINF2;FSCN1;LUM;LCP1;ANXA2;CAV1;CAV2;COL6A1;CST3;COMP;ITGB1;TGFBI;NID1;LAMC1;LAMB2;MFAP4;FLOT1;TNXB;AEBP1;CTSG;COL18A1;ADAM10;COL4A1;LAMB1;COL4A2;COL1A2;DNAJB6,GO Slim,Cancer_vs_Healthy
GOSLIM_DETOXIFICATION,2.0413675395394945e-5,6.889615445945795e-5,0.5756102610711286,0.528496598948835,2.0382522258584235,56,CAT;CP;APOE;S100A9;HBA1;HP;SOD1;GPX3;SOD3;HBB;ALB;PRDX2;HBG2;APOM;CCS;TXN;CD36;GPX1;MGST1;CYGB;CLIC2;PRXL2A;ALDH1A1;SOD2;RDH11;PRDX6;TXNDC17;GSTO1;ADH5;MTARC2;PRDX1,GO Slim,Cancer_vs_Healthy
GOSLIM_TRNA_METABOLIC_PROCESS,5.163083040321975e-5,1.5489249120965925e-4,0.557332238758646,-0.4753524048134914,-2.0855727713120222,46,FARSB;EPRS1;RARS1;DARS1;KARS1;LRRC47;GARS1;LARS1;HARS1;VARS1;NARS1;IARS2;IARS1;FARSA;HSD17B10;FAM98B;QARS1;SARS2;TPRKB,GO Slim,Cancer_vs_Healthy
GOSLIM_CILIUM_ORGANIZATION,0.0037889419028908225,0.010230143137805221,0.27986565266193214,0.502805075344638,1.7581934730013988,35,YAP1;FLNA;GSN;EHD2;ACTR2;EHD1;ATG3;PARVA;ACTR3;EHD4;RAB8A;SEPTIN7;SEPTIN2;MAPRE1;RAB23;GDI2;SEPTIN9,GO Slim,Cancer_vs_Healthy
GOSLIM_DIGESTION,0.008726819386005922,0.021420374856559992,0.19311396334681513,0.6234780040273061,1.7729431130117608,15,SERPINA3;RBP4;EPB41;AKR1C1;TYMP;AKR1C2;CD36;ACO1;AQP1;EZR;COPA,GO Slim,Cancer_vs_Healthy
GOSLIM_CYTOKINESIS,0.014754098360655738,0.03319672131147541,0.13839546889485557,0.43406473004298984,1.5897280759812187,44,SPTBN1;ACTR2;ACTR3;MYH9;ARF1;SEPTIN7;RHOA;SEPTIN10;IQGAP1;SEPTIN11;CFL1;CALM1;SEPTIN2;MYH10;CDC42;RHOC;DCTN3;STMN1;SNX9;SEPTIN9;POLDIP2,GO Slim,Cancer_vs_Healthy
GOSLIM_CYTOPLASMIC_TRANSLATION,0.02647783251231527,0.05499242137173172,0.22082346409111278,-0.25185932339803085,-1.3449038552083332,116,RPS2;RPS9;EIF3B;EIF3C;EIF3J;RPS3;RPL30;EIF4G1;EIF3A;RPS15A;YBX3;EIF2B3;RWDD1;CSDE1;RPS4X;RPS8;EIF3D;EIF3L;ETF1;RPL4;EIF3E;RPL32;RPL27;EIF2S2;PKM;EIF3K;MCTS1;DENR;RPS11;RPS12,GO Slim,Cancer_vs_Healthy
GOSLIM_GLYCOPROTEIN_METABOLIC_PROCESS,0.07892841711075904,0.15221909014217816,0.05994547215146834,0.4187310136304751,1.4001563839857005,29,RAB1A;CST3;PMM2;RAB1B;MUSTN1;GANAB;ERP44;AGO2;RPN1;UGDH;CTSL;PRKCSH,GO Slim,Cancer_vs_Healthy
GOSLIM_NUCLEOCYTOPLASMIC_TRANSPORT,0.09378516943853946,0.16881330498937103,0.05068415016322251,0.3164181042883358,1.301114642605839,81,ANP32A;DDX19B;HNRNPA2B1;FLNA;NUTF2;APOD;HNRNPA1;RANBP1;TXN;ELAVL1;CD36;PABPN1;UFM1;PTPN11;RPL23;RAN;ALYREF;CALR;EIF6;AGFG1;DDX39B;KPNB1;TNPO1;RAB23;YWHAE;EMD;PPP1CC;LMNA;HSP90AA1;EPM2A;RANGAP1,GO Slim,Cancer_vs_Healthy
GOSLIM_PROTEIN_LOCALIZATION_TO_PLASMA_MEMBRANE,0.13247049866768176,0.223543966501713,0.04226673721698049,0.310445438269929,1.2565114028696172,73,ANK1;SPTBN1;FLNA;FLOT2;CD81;EHD2;EHD1;S100A10;ATP2B4;LGALS3;PICALM;EHD4;RAB8A;RHOG;ACTB;ITGB1;SORBS1;CLTC;RAB7A;FLOT1;STX7;VAMP2,GO Slim,Cancer_vs_Healthy
GOSLIM_VITAMIN_METABOLIC_PROCESS,0.18308618411393335,0.2907839394750706,0.03823145251184192,0.38676230916303,1.2487277537628476,25,SLC2A1;GCLC;AKR1C3;PDXK;BTD;CBR1;CBR3;GSTO1;LGMN,GO Slim,Cancer_vs_Healthy
GOSLIM_RIBOSOME_BIOGENESIS,0.2865072587532024,0.42976088812980356,0.053815213739216355,-0.23352710103049495,-1.09052553022042,60,RPS9;RPS15A;PRKDC;RPS4X;CUL4A;RPS8;C1QBP;SNU13;EIF2A;RPL27;SBDS;RPS11;RPS12;CUL4B;EIF5;RPS3A;RPS13;RPL7A;TRMT112;RPS24,GO Slim,Cancer_vs_Healthy
GOSLIM_MICROTUBULE-BASED_MOVEMENT,0.3218775073549077,0.4574048788727636,0.025627488139770775,0.28972155158007595,1.0962078150340298,51,RAB1A;SOD1;FLOT2;ACTR2;DYNC1LI2;ATP2B4;SORD;ACTR3;LAMP1;TUBB4B;RGN;AP3B1;CDC42;MAP1B;KPNB1,GO Slim,Cancer_vs_Healthy
GOSLIM_MUSCLE_SYSTEM_PROCESS,0.37964338781575035,0.5125185735512631,0.06220121123214926,-0.18464540554897557,-1.0285443622868917,146,MYH14;CAMK2B;PLN;CAMK2D;ATP1A2;NOL3;ATP1A1;CSRP3;ATP1B1;JSRP1;CACNB1;GAA;STUB1;RYR1;MYOF;ATP2A2;MAP2K4;CASQ2;CACNG1;MAP2K6;CACNA2D1;BIN1;SLMAP;CACNA1S;MYLK2;GPD1L;MYL3;SGCD;CKMT2;MYH2;ANK2;C12orf57;FXYD1;DTNA;RCSD1;MYL1;MYH7;CAMK2G;LMCD1;DMD;MAP2K3;SNTA1;GAMT;STAC3,GO Slim,Cancer_vs_Healthy
GOSLIM_KETONE_METABOLIC_PROCESS,0.43028720626631856,0.5532264080566953,0.02057796444826513,0.26139416839905827,1.0204076353077527,60,SNCA;APOC2;AKR1C1;CAV1;AKR1C3;AKR1C2;ACADL;APOC1;FABP5;KDSR;RGN;CBR1;PGK1;EIF6,GO Slim,Cancer_vs_Healthy
GOSLIM_PROTEIN_FOLDING,0.4682375804688449,0.5746552123935824,0.018216961184086878,0.23648919947836755,1.0015803315511722,99,CLU;B2M;PPIA;PDIA3;PPIB;TBCA;HSP90B1;DNAJB1;ST13;FKBP1A;PDIA4;CALR;AHSA1;CHORDC1;TXNDC5;PDIA6;P4HB;DNAJB4;CCT2;ERP44;HSP90AA1;TBCEL;HSPA8;DNAJB2;HYOU1;PEX19;DNAJB6;SNRNP70;KHSRP;HSPA5;MESD,GO Slim,Cancer_vs_Healthy
GOSLIM_TELOMERE_ORGANIZATION,0.5441996653653095,0.6388430854288416,0.018033745406479326,0.2670539733111551,0.9444294661941609,37,HNRNPA2B1;HNRNPA1;TNKS1BP1;HNRNPC;APEX1;CCT2;LMNA;HSP90AA1;MAPK3;RPA2;RUVBL1;XRCC6,GO Slim,Cancer_vs_Healthy
GOSLIM_CHROMOSOME_SEGREGATION,0.9817351598173516,0.9817351598173516,0.02592549029394816,-0.14171333446354117,-0.6528346311308251,56,DYNC1LI1;CLASP2;RPS3;MAP1S;MAPRE3;VPS4A;DDB1;CSNK2A1;CUL3;USP9X;BAG6;SLC25A5;NEK7;MAPRE2;NUDC;CLASP1;ARL8A;RMDN1;CHMP6;ABRAXAS2;MAP3K20;SIRT2;NTMT1;PPP2R2A,GO Slim,Cancer_vs_Healthy
GOSLIM_DNA_RECOMBINATION,0.8901251738525731,0.9817351598173516,0.024598111373244077,-0.18050541302480602,-0.7387212063958907,35,KPNA1;PRMT1;PRKDC;SUPV3L1;ENDOG;C1QBP,GO Slim,Cancer_vs_Healthy
GOSLIM_DNA_REPLICATION,0.9629844679924517,0.9817351598173516,0.010278124462616889,0.1801928515769526,0.5970038062399693,28,S100A11;PTMS;DUT;CDC42;SAMHD1,GO Slim,Cancer_vs_Healthy
GOSLIM_MITOTIC_NUCLEAR_DIVISION,0.9225964149918523,0.9817351598173516,0.009912115891340311,0.18559453982427074,0.6841738536033675,45,FLNA;RANBP1;CAV2;RHOA;RAN;RPL24;MAPRE1;CDC42;KPNB1;PPP1CC;POLDIP2,GO Slim,Cancer_vs_Healthy
GOSLIM_GENERATION_OF_PRECURSOR_METABOLITES_AND_ENERGY,6.741305166039236e-8,1.8201523948305936e-6,0.7049757151672383,0.4005580786871721,1.9110789290086947,234,GAA;PKM;NDUFB1;HK1;NDUFA9;NDUFA13;CISD1;NDUFS3;CYC1;NDUFS5;ATP5F1D;UQCRQ;PPP1CB;COX7A1;SLC25A4;COX5A;FH;UQCR11;NDUFB5;NDUFB4;FBP1;MT-CO2;PYGM;IDH3B;NDUFA8;COX5B;IDH3A;NDUFB3;UQCRC2;COX4I1;AKT1;NDUFA10;NDUFS1;PFKM;NNT;NDUFB11;COX6C;PDHB;NDUFB9;NDUFAB1;AKT2;NDUFV1;NDUFV2;NDUFA2;PLEC;NDUFS4;IDH2;AGL;PHKA2;FDXR;PPP1CA;ATP5F1C;NDUFA12;ATP5MG;ADHFE1;MDH2;STBD1;GYS1;ATP5PO;SUCLA2;DLST;UQCRC1;ENO3;GBE1;UQCRH;ACO2;PDHA1;STOML2;NDUFS2;PRKAG1;TRAP1;PHKB;PPP1CC;ATP5PF;GAPDH;UQCRB;ARL2;DLAT;ATP5PD;NDUFA6;ATP5PB;THTPA;ATP5ME;PYGB;NDUFA4;HK2;NDUFA3;ETFA;IGF2;PRKAA1;NDUFB10;ATP5MF;IDH3G;PPIF;CS;MT-ATP8;PPP2CA;ALDOA;NDUFA7;COX6B1;COX7A2;OGDH;SLC25A13;SUCLG1;NDUFB8;PGAM2;ETFDH;CHCHD2;NDUFS8;ACADVL;LDHA;FECH;GPI;COQ9;CYCS;NDUFS6;MT-ND3;NDUFS7;ATP5F1B,GO Slim,Training_CR
GOSLIM_MITOCHONDRION_ORGANIZATION,1.1555633044618086e-5,1.5600104610234415e-4,0.5933254763964051,0.3848366422473648,1.778484286820122,180,CLPP;NDUFB1;NDUFAF5;MARCHF5;TMEM70;NDUFA9;NDUFA13;LONP1;FAM162A;NDUFS3;AGK;NDUFS5;ATP5F1D;COX7A1;SLC25A4;NDUFB5;VDAC2;NDUFB4;NDUFA8;NDUFB3;AKT1;NDUFA10;NDUFS1;FIS1;SCO1;NDUFB11;BCS1L;NDUFB9;NDUFAB1;NDUFA2;PLEC;SLC25A6;NDUFS4;MAPT;NDUFAF4;NDUFA12;SAMM50;MCU;PRDX3;CHCHD3;FUNDC1;VPS35;TMEM11;PPP2CB;STOML2;NDUFS2;MTM1;TOMM70;TOMM22;NDUFA6;NDUFAF3;SIRT5;SLC25A5;HK2;NDUFA3;APOO;SLC25A46;NDUFB10;HSD17B10;TIMM50;PPIF;IMMT;COX7A2;NDUFB8;CHCHD2;NDUFS8,GO Slim,Training_CR
GOSLIM_DETOXIFICATION,5.0199905125952e-5,4.51799146133568e-4,0.557332238758646,-0.48638255510158795,-2.0457794343769837,57,SESN1;SOD1;ESD;GPX4;PRDX1;PRXL2A;SOD3;GSTP1;ALDH1A1;PRDX6;TXN;CD36;ADH5;S100A9;HBB;HBA1;CAT;CCS;MGST1;NXN;TXNRD2;GPX3;MTARC2;MPO;SELENOW;GPX1;ALB;PARK7;AKR1A1;PRDX2;CYGB,GO Slim,Training_CR
GOSLIM_CYTOPLASMIC_TRANSLATION,0.0028935185185185184,0.01953125,0.32635161099090676,0.36414309309361403,1.5863368428585076,115,RPL4;RPS2;RPL30;SYNCRIP;PKM;RPL27;RPL32;RPS13;RPLP0;RPL15;DRG1;RPS24;RPL11;EIF2B3;EIF2S3;PABPC1;YBX1;RPL7;RPS3;AKT2;ETF1;DHX9;MCTS1;RPS4X;RPL6;EIF5;RPS9;RPL31;RPS15A;YBX3;SARS1,GO Slim,Training_CR
GOSLIM_TRNA_METABOLIC_PROCESS,0.01978933929141398,0.1068624321736355,0.12901539272412768,0.41925641300289096,1.537252821390158,44,DARS2;ANG;RTCB;NARS1;EPRS1;FARSA;AKT1;GARS1;CARS2;IARS2;LARS1;KARS1;SARS1;RARS1;FARSB;DDX1;VARS1;IARS1;HSD17B10;DARS1,GO Slim,Training_CR
GOSLIM_KETONE_METABOLIC_PROCESS,0.06923289947382996,0.3115480476322348,0.09018881629928413,-0.31137154544864604,-1.3240199077602897,60,KYAT1;ACADL;STAT5B;SCP2;CES1;VKORC1L1;GLO1;CD74;AKR1C2;CPT1A;PGK1;CBR4;PRKG1;CAV1;COQ6,GO Slim,Training_CR
GOSLIM_CHROMOSOME_SEGREGATION,0.1218933037834415,0.4146706586826347,0.04996705025811024,0.33343335343643965,1.271509736933913,54,USP9X;DRG1;DYNC1H1;RPS3;ACTR3;PPP2R1A;TTN;MAP1S;KPNB1;ACTR2;EML4;PPP2R2A;DYNC1LI1;DDX3X;PPP1CC,GO Slim,Training_CR
GOSLIM_PROTEIN_LOCALIZATION_TO_PLASMA_MEMBRANE,0.12408330888823701,0.4146706586826347,0.06868906989776993,-0.2775349299804556,-1.2231672456441913,73,PALM;SCP2;SLMAP;RAB7A;VAMP2;STX4;FLOT2;RAB10;CD81;EPB41L3;SORBS1;EPM2A;ITGB1;CACNB3;PLEKHF1;TMED2;EHD1;STAC3;EHD2,GO Slim,Training_CR
GOSLIM_RENAL_SYSTEM_PROCESS,0.13822355289421157,0.4146706586826347,0.05960075543425571,-0.38721366272581564,-1.2905660555095304,22,RHOA;MCAM;OXSR1;GNAS;HBB;IGHA2,GO Slim,Training_CR
GOSLIM_MUSCLE_SYSTEM_PROCESS,0.17072829131652661,0.4609663865546219,0.03873001075931342,0.2582595388436218,1.1637051838048902,144,GAA;CAMK2D;MYL1;MYOZ1;SYNM;TMOD4;MYOF;CSRP3;COL14A1;MYL9;MYBPH;TNNT3;TPM2;MYH2;CKMT2;ACTA1;TPM1;TMOD3;DES;TNNC2;TTN;TCAP;JUP;PAK2;MYL4;MYL3;MAP2K4;TPM4;MYH11;ATP1A1;TMOD1;MYH8;IGFBP5;TOMM70;BIN1;AGT;PPP3CA;TPM3;PDLIM5;MAP2K6;CAMK2B;TNNI2;CALD1;TNNI1;ALDOA;MLIP,GO Slim,Training_CR
GOSLIM_TELOMERE_ORGANIZATION,0.18886551221880563,0.46357898453706836,0.03970086714662318,0.3425347785649115,1.208064420833015,37,XRCC5;APEX1;MAPK1;HSP90AB1;PPP1CA;RUVBL2;CCT5;CCT6A;UCHL5;CCT7;CCT8,GO Slim,Training_CR
GOSLIM_RIBOSOME_BIOGENESIS,0.24520289399182132,0.551706511481598,0.033576308279208794,0.2964824953506707,1.142938945504317,57,RPL27;XRCC5;RPS13;RPLP0;RPS24;RPL11;RPL7;CUL4A;RPS4X;EIF5;RPS9;RPS15A;SNU13;DDX3X;DDX17;RPL5;RPS5;RPS12,GO Slim,Training_CR
GOSLIM_CILIUM_ORGANIZATION,0.29122125040492386,0.6048441354563804,0.03081878984200473,0.32249255109162667,1.1168418624798941,34,USP9X;DCTN1;AKT1;ACTR3;RO60;ACTR2;VDAC3;SYNE2;SEPTIN9,GO Slim,Training_CR
GOSLIM_DNA_REPLICATION,0.3557135769803208,0.640534171249018,0.027563145766792033,0.32610327924861815,1.06729116800441,27,SET;DHX9;RUVBL2;MAP2K4;NAP1L1;LPIN1;PURA;UCHL5,GO Slim,Training_CR
GOSLIM_ESTABLISHMENT_OR_MAINTENANCE_OF_CELL_POLARITY,0.4025695931477516,0.640534171249018,0.034296102256155925,-0.2595888465436062,-1.0261423501469265,44,MAP1B;CTNNA1;RHOA;FLOT2;RAB10;CYTH1;ITGB1;WDR1;CRKL;MAP4,GO Slim,Training_CR
GOSLIM_EXTRACELLULAR_MATRIX_ORGANIZATION,0.43691962856227984,0.640534171249018,0.023552045660996383,0.2696567153218532,1.0082514697019918,49,FSCN1;LAMA2;COL14A1;COL12A1;CTSG;COL15A1;AEBP1;COL1A1;MYH11;AGT;FBLN5;TNXB;PRDX4;PBXIP1,GO Slim,Training_CR
GOSLIM_NUCLEOCYTOPLASMIC_TRANSPORT,0.4507462686567164,0.640534171249018,0.03421578704846918,-0.22101271928942928,-0.9962457040458642,81,DDX19B;RPL23;PKIA;NUTF2;PRKCD;YWHAE;TXN;EPM2A;CD36;ALYREF;EMD;PPP3R1;KPNA6;NUP93;ELAVL1;HNRNPA2B1;HNRNPA1;KPNA4;KHDRBS1;PARK7;STAT3;UFM1;ANP32A;RAN;KPNA1;PTPN11;HSP90AA1;EIF4E;TRIM28;TNPO1;CHCHD4;TARDBP;RPS15;AGFG1;RANBP1;LMNA,GO Slim,Training_CR
GOSLIM_PROTEIN_FOLDING,0.3926362297496318,0.640534171249018,0.02393174651325868,0.24292749235353367,1.033024556729135,99,MOGS;PDCL3;ERP29;ANP32E;HSP90AB1;AHSA1;HSPH1;TBCEL;RUVBL2;UNC45B;DNAJB4;DNAJA2;CCT5;CCT6A;HSPB2;TRAP1;ARL2;GRPEL1;DNAJB1;DNAJA4;PPIB;CCT7;CCT8;LMAN1;PPIF;HSPB1;TBCB;FKBP5;CDC37;RIC8A;PFDN4;PDIA4;DNAJC19;NUDCD2;BAG3;HSPD1;PPIL1;HYOU1,GO Slim,Training_CR
GOSLIM_WOUND_HEALING,0.41013824884792627,0.640534171249018,0.0367632352615047,-0.22054490895593948,-1.0197601477881886,93,DAG1;MYLK;GNAQ;RHOA;VWF;PRKCD;MCAM;GNAS;ITGB1;CD36;PROS1;HBB;PRKG1;CAV1;CHMP3;GNA13;YAP1;CHMP6;CLASP2;CSRP1;VCL;PPIA;GPX1;KRT1;DMTN;CD9;VPS4B;PRDX2;PAK1;PRKCQ;AHNAK;FERMT2;ANXA5,GO Slim,Training_CR
GOSLIM_CYTOKINESIS,0.6834170854271356,0.8254468857648265,0.024444073720786545,-0.2247025880162406,-0.8792123643575821,42,SEPTIN10;PIN1;RHOA;STMN1;DCTN3;STAMBP;CALM1;CFL1;SNX9;ATXN10;CHMP3;CHMP6;PDXP;VPS4B;CUL3,GO Slim,Training_CR
GOSLIM_DNA_RECOMBINATION,0.6953856082607293,0.8254468857648265,0.016578473162139402,0.2450747749294534,0.8549178954181454,35,XRCC5;APEX1;PCYT1A;RUVBL2;ACTR2,GO Slim,Training_CR
GOSLIM_MITOTIC_NUCLEAR_DIVISION,0.7031584582441114,0.8254468857648265,0.024172776824626305,-0.220031152643692,-0.8697726696875158,44,RPL24;PIN1;RHOA;DCTN2;CHMP3;CHMP6;CLASP2;ABRAXAS2;PDXP;PRMT5;NSFL1C;VPS4B;CUL3;RAN;LCMT1;SIRT2;CDC42;CHMP2A;HSPA1A;RANBP1;CAV2;NUDC,GO Slim,Training_CR
GOSLIM_VITAMIN_METABOLIC_PROCESS,0.6279596977329975,0.8254468857648265,0.025038495319218236,-0.2602364494439668,-0.8895346748914814,24,PNPO;VKORC1L1;SHMT1,GO Slim,Training_CR
GOSLIM_DIGESTION,0.8266569555717407,0.8768126063438049,0.020080629990166066,-0.25078757788207884,-0.7452556307523501,15,ACO1;AKR1C2;CD36;AKR1C1;RBP4,GO Slim,Training_CR
GOSLIM_GLYCOPROTEIN_METABOLIC_PROCESS,0.8443380653681083,0.8768126063438049,0.01410063985775156,0.2276540866646372,0.7521542077510176,28,MOGS;PMM2;DAD1;STT3A;MUSTN1;OSTC;STT3B;POFUT1;HEXB;RPN2,GO Slim,Training_CR
GOSLIM_MICROTUBULE-BASED_MOVEMENT,0.8146791912115905,0.8768126063438049,0.014094998014915736,0.2101955901343373,0.793357730593243,51,DYNLT1;PLTP;DYNC1H1;ACTR3;MAPT;LRPPRC;MAP1S;KPNB1;ACTR2;DYNC1LI1;VDAC3;DYNC1I2;SYNE2;PURA,GO Slim,Training_CR
GOSLIM_AMINO_ACID_METABOLIC_PROCESS,0.9193267556587348,0.9193267556587348,0.010972617061278342,0.17668471954589432,0.7666411644725022,112,DARS2;SMS;NARS1;FH;AUH;EPRS1;FARSA;GOT2;GARS1;CARS2;IARS2;ALDH5A1;ACY1;ADHFE1;HIBCH;DLST;LARS1;KARS1;SARS1;RARS1;GOT1;SEPHS1;FARSB;VARS1;IARS1;CARNS1;ETFA;ADI1,GO Slim,Training_CR
GOBP_CELLULAR_RESPIRATION,1.4056747021274702e-14,1.877257691860056e-11,0.9865462835875821,-0.4931458644266203,-2.7114012364094116,142,NDUFA4;SDHC;MFN2;CISD1;NNT;BCL2L13;ATP5F1D;DLAT;TRAP1;SDHD;DLD;MT-ND4;PDHB;ETFDH;ATP5PD;MT-ND5;DLST;PDHA1;NDUFB5;FH;SDHA;SUCLA2;ATP5F1C;SDHB;UQCRQ;OGDH;NDUFS5;SUCLG1;NIPSNAP2;NDUFB4;IDH2;MT-ATP8;MT-ATP6;ATP5MF;IDH3A;MT-ND3;ATP5PO;SLC25A13;ATP5MG;ATP5ME;NDUFS6;NDUFA2;MT-CO2;UQCRB;NDUFA12;PNPT1;COX7C;NDUFB9;NDUFA8;NDUFB3;IDH3G;MDH2;NDUFS4;ACO2;IDH3B;NDUFV2;COX7A1;COQ9;NDUFS3;NDUFB11;NDUFS8;COA6;PPIF;FXN;SHMT2;NDUFB1;COX5A;UQCRC2;COX4I1;NDUFA10;NDUFB7;NDUFA13;CYC1;NDUFV1;NDUFA9;NDUFA6;ATP5PF;SURF1;ETFB;ARL2;ATP5PB;NDUFS1;UQCR10;CS;IDE;STOML2;NDUFS2;COX5B;ATP5F1A;UQCRC1;NDUFA11;NDUFA3;NDUFA7;NDUFA5;COX7A2;HCCS,GO:BP,Cancer_vs_Healthy
GOBP_PROTON_TRANSMEMBRANE_TRANSPORT,2.1727519581713612e-14,1.877257691860056e-11,0.9759946830643197,-0.5888478325817507,-2.9694378447171315,85,NDUFA4;DMAC2L;SLC25A3;NNT;ATP1A2;ATP5F1D;ATP1A1;ATP1B1;MT-ND4;ATP5PD;MT-ND5;SLC16A1;NDUFB5;ATP5F1C;NDUFS5;NDUFB4;MT-ATP8;MT-ATP6;ATP5MF;MT-ND3;ATP5PO;SLC25A13;ATP5MG;ATP5ME;NDUFS6;NDUFA2;MT-CO2;NDUFA12;NDUFB9;NDUFA8;NDUFB3;NDUFS4;NDUFV2;COX7A1;NDUFS3;NDUFS8;PPIF;NDUFB1;COX5A;SLC25A4;COX4I1;NDUFA10;NDUFB7;CYC1;NDUFV1;SLC25A5;NDUFA9;NDUFA6;ATP6V1B2;ATP5PF;SURF1;ATP5PB;NDUFS1;UQCR10;SLC25A12;PHB2;LETM1;NDUFS2;COX5B;ATP5F1A;UQCRC1;NDUFA3;NDUFA7;NDUFA5,GO:BP,Cancer_vs_Healthy
GOBP_AEROBIC_RESPIRATION,1.4602365081153686e-13,7.500260290067326e-11,0.9436322252328375,-0.49478817017138543,-2.686294761019322,129,NDUFA4;SDHC;MFN2;NNT;BCL2L13;ATP5F1D;DLAT;SDHD;DLD;MT-ND4;PDHB;ATP5PD;MT-ND5;DLST;PDHA1;NDUFB5;FH;SDHA;SUCLA2;ATP5F1C;SDHB;UQCRQ;OGDH;NDUFS5;SUCLG1;NIPSNAP2;NDUFB4;IDH2;MT-ATP8;MT-ATP6;ATP5MF;IDH3A;MT-ND3;ATP5PO;ATP5MG;ATP5ME;NDUFS6;NDUFA2;MT-CO2;UQCRB;NDUFA12;COX7C;NDUFB9;NDUFA8;NDUFB3;IDH3G;MDH2;NDUFS4;ACO2;IDH3B;NDUFV2;COX7A1;COQ9;NDUFS3;NDUFB11;NDUFS8;COA6;PPIF;FXN;SHMT2;NDUFB1;COX5A;UQCRC2;COX4I1;NDUFA10;NDUFB7;NDUFA13;CYC1;NDUFV1;NDUFA9;NDUFA6;ATP5PF;SURF1;ARL2;ATP5PB;NDUFS1;UQCR10;CS;IDE;STOML2;NDUFS2;COX5B;ATP5F1A;UQCRC1;NDUFA11;NDUFA3;NDUFA7;NDUFA5,GO:BP,Cancer_vs_Healthy
GOBP_ENERGY_DERIVATION_BY_OXIDATION_OF_ORGANIC_COMPOUNDS,1.7361713634415107e-13,7.500260290067326e-11,0.9436322252328375,-0.4358180219526853,-2.4836429708062027,180,NDUFA4;SDHC;MFN2;CISD1;STBD1;NNT;BCL2L13;ATP5F1D;DLAT;TRAP1;ACADVL;SDHD;DLD;GAA;MT-ND4;PDHB;ETFDH;ATP5PD;MT-ND5;DLST;PDHA1;NDUFB5;FH;SDHA;SUCLA2;ATP5F1C;GYG1;SDHB;UQCRQ;OGDH;NDUFS5;PFKM;SUCLG1;NIPSNAP2;NDUFB4;IDH2;MT-ATP8;MT-ATP6;ATP5MF;IDH3A;MT-ND3;ATP5PO;SLC25A13;ATP5MG;ATP5ME;NDUFS6;NDUFA2;MT-CO2;GYS1;UQCRB;NDUFA12;PHKA2;PNPT1;COX7C;NDUFB9;AGL;NDUFA8;NDUFB3;IDH3G;MDH2;NDUFS4;ACO2;IDH3B;NDUFV2;PYGM;COX7A1;COQ9;NDUFS3;NDUFB11;NDUFS8;ACADM;COA6;PPIF;FXN;PHKB;SHMT2;NDUFB1;PHKG1;COX5A;UQCRC2;COX4I1;PHKA1;NDUFA10;NDUFB7;NDUFA13;CYC1;NDUFV1;NDUFA9;NDUFA6;ATP5PF;SURF1;ETFB;PPP1R2;ARL2;ATP5PB;NDUFS1;UQCR10;CS;PPP1CB;IDE;STOML2;NDUFS2;COX5B;ATP5F1A;UQCRC1;NDUFA11;PYGB;NDUFA3;NDUFA7;NDUFA5;GBE1;COX7A2;HCCS,GO:BP,Cancer_vs_Healthy
GOBP_WOUND_HEALING,4.328563671759652e-13,1.4959516049601358e-10,0.932595211336209,0.5964829791620845,2.5257965429298976,100,SERPING1;FBLN1;APOE;SERPINF2;CLIC1;CSRP1;FN1;LRG1;HBB;SERPINA1;YAP1;ANXA1;TLN1;FLNA;PRDX2;LCP1;ANXA2;CD9;F13A1;ILK;CAV1;S100A10;PPIA;PDIA3;MCAM;AHNAK;ANXA5;MYH9;CD34;GNAS;RHOA;CD36;COMP;ACTB;ITGB1;CNN2;HMGB1;GPX1;MYL9;CORO1B;MYH10;AP3B1;AQP1;GNAQ;CRK;VWF;VCL;THBS1;RHOC;CD44;FERMT2;DMTN;CTSG;PROS1;KLKB1,GO:BP,Cancer_vs_Healthy
GOBP_PROTON_MOTIVE_FORCE_DRIVEN_ATP_SYNTHESIS,6.976386645509177e-13,2.0091993539066428e-10,0.9214260034948982,-0.6302189396281526,-2.932603011488808,59,SDHC;ATP5F1D;SDHD;MT-ND4;ATP5PD;MT-ND5;NDUFB5;SDHA;ATP5F1C;SDHB;NDUFS5;NDUFB4;MT-ATP8;MT-ATP6;ATP5MF;MT-ND3;ATP5PO;ATP5MG;ATP5ME;NDUFS6;NDUFA2;NDUFA12;NDUFB9;NDUFA8;NDUFB3;NDUFS4;NDUFV2;NDUFS3;NDUFB11;NDUFS8;NDUFB1;NDUFA10;NDUFB7;NDUFA13;NDUFV1;NDUFA9;NDUFA6;ATP5PF;ATP5PB;NDUFS1;STOML2;NDUFS2;ATP5F1A;NDUFA11;NDUFA3;NDUFA7;NDUFA5,GO:BP,Cancer_vs_Healthy
GOBP_HUMORAL_IMMUNE_RESPONSE,1.4279000542032299e-12,3.5248732766616877e-10,0.9101197347744591,0.7185034640869064,2.672813279205044,47,CFH;IGKV3-20;CLU;SERPING1;C3;A2M;CFB;CFI;IGHM;IGHG2;S100A9;IGHG1;TF;IGHA1;DEFA3;IGHA2;C4A;IGHG3;CD81;B2M;C8G;C1QB;C1QC;JCHAIN;LGALS3;LYZ;C1S;PPBP,GO:BP,Cancer_vs_Healthy
GOBP_OXIDATIVE_PHOSPHORYLATION,4.388446962460903e-12,9.479045438915551e-10,0.8870749883998732,-0.5167097748737968,-2.6888600322956058,102,NDUFA4;SDHC;BCL2L13;ATP5F1D;SDHD;DLD;MT-ND4;ATP5PD;MT-ND5;NDUFB5;SDHA;ATP5F1C;SDHB;UQCRQ;NDUFS5;NIPSNAP2;NDUFB4;MT-ATP8;MT-ATP6;ATP5MF;MT-ND3;ATP5PO;ATP5MG;ATP5ME;NDUFS6;NDUFA2;MT-CO2;UQCRB;NDUFA12;COX7C;NDUFB9;NDUFA8;NDUFB3;NDUFS4;NDUFV2;COX7A1;COQ9;NDUFS3;NDUFB11;NDUFS8;COA6;PPIF;FXN;SHMT2;NDUFB1;COX5A;UQCRC2;COX4I1;NDUFA10;NDUFB7;NDUFA13;CYC1;NDUFV1;NDUFA9;NDUFA6;ATP5PF;ATP5PB;NDUFS1;UQCR10;STOML2;NDUFS2;COX5B;ATP5F1A;UQCRC1;NDUFA11;NDUFA3;NDUFA7;NDUFA5;COX7A2,GO:BP,Cancer_vs_Healthy
GOBP_ATP_BIOSYNTHETIC_PROCESS,5.0049852757752905e-12,9.609571729488558e-10,0.8870749883998732,-0.5817875942625672,-2.820516977927517,70,SDHC;DMAC2L;ATP5F1D;SDHD;MT-ND4;ATP5PD;MT-ND5;NDUFB5;SDHA;ATP5F1C;SDHB;COX11;NDUFS5;NDUFB4;MT-ATP8;MT-ATP6;ATP5MF;MT-ND3;ATP5PO;SLC25A13;ATP5MG;ATP5ME;NDUFS6;NDUFA2;NDUFA12;NDUFB9;NDUFA8;NDUFB3;NDUFS4;NDUFV2;NDUFS3;NDUFB11;NDUFS8;STAT3;NDUFB1;NDUFA10;NDUFB7;NDUFA13;NDUFV1;NDUFA9;NDUFA6;ATP5PF;ATP5PB;NDUFS1;STOML2;PARP1;NDUFS2;ATP5F1A;NDUFA11;NDUFA3;NDUFA7;NDUFA5,GO:BP,Cancer_vs_Healthy
GOBP_CELL_SUBSTRATE_ADHESION,2.388877508409193e-11,4.127980334531086e-9,0.8634153916066928,0.6103833144105841,2.472456120374975,76,FBLN1;RAB1A;FN1;THY1;CTTN;TLN1;FLNA;FBLN2;ANXA2;APOD;ILK;ACTN4;S100A10;PARVA;ZYX;CD34;CORO1C;RHOA;RRAS;CD36;ITGA1;ITGB1;CFL1;SORBS1;RSU1;NID1;LAMC1;LIMS1;TNXB;CALR;CRK;VWF;VCL;THBS1;CDC42;CD44;FERMT2;ARPC2;DMTN;NRP1;P4HB;CD63;PECAM1;ACTN1;ITGA7;POLDIP2;LAMB1;ITGA6;ACTN3,GO:BP,Cancer_vs_Healthy
GOBP_GENERATION_OF_PRECURSOR_METABOLITES_AND_ENERGY,1.7819033188146276e-10,2.691475452706055e-8,0.826657301178302,-0.3579915989777197,-2.1061565402660944,233,NDUFA4;SDHC;MFN2;CISD1;STBD1;NNT;BCL2L13;PFKL;ATP5F1D;DLAT;TRAP1;ACADVL;SDHD;DLD;HK1;GAA;MT-ND4;PDHB;ETFDH;ATP5PD;MT-ND5;DLST;PDHA1;NDUFB5;FH;H6PD;SDHA;FBP1;SUCLA2;ATP5F1C;GYG1;SDHB;FDXR;UQCRQ;PPP2CA;OGDH;NDUFS5;ACAT1;PFKM;SUCLG1;NIPSNAP2;NDUFB4;IDH2;MT-ATP8;MT-ATP6;ATP5MF;IDH3A;FECH;MT-ND3;ATP5PO;SLC25A13;ATP5MG;ATP5ME;NDUFS6;PFKFB2;NDUFA2;MT-CO2;GYS1;UQCRB;NDUFA12;PRKAG1;PHKA2;ENO3;PNPT1;COX7C;NDUFB9;AGL;PKM;NDUFA8;NDUFB3;IDH3G;MDH2;NDUFS4;ACO2;IDH3B;NDUFV2;PYGM;PRKAA1;COX7A1;COQ9;NDUFS3;NDUFB11;NDUFS8;STAT3;ACADM;COA6;PPIF;FXN;PHKB;SHMT2;NDUFB1;PHKG1;COX5A;UQCRC2;SLC25A4;COX4I1;PHKA1;OXCT1;NDUFA10;ALDH1L1;NDUFB7;NDUFA13;CYC1;NDUFV1;NDUFA9;NDUFA6;ATP5PF;SURF1;ETFB;PPP1R2;ARL2;ATP5PB;GALK1;NDUFS1;UQCR10;CS;PPP1CB;IDE;STOML2;NDUFS2;PRKAA2;COX5B;ATP5F1A;PGM1;UQCRC1;NDUFA11;PYGB;NDUFA3;NDUFA7;NDUFA5;GBE1;COX7A2;HCCS,GO:BP,Cancer_vs_Healthy
GOBP_LYMPHOCYTE_MEDIATED_IMMUNITY,1.869080175490316e-10,2.691475452706055e-8,0.826657301178302,0.6518133036883561,2.5098559404813834,56,CLU;SERPING1;IGHV3-7;C3;IGKC;CFI;IGLC2;IGHG2;IGHG1;IGHA1;AZGP1;HPRT1;IGHA2;C4A;IGHG3;CD81;B2M;HLA-B;C8G;C1QB;C1QC;C1S;HLA-DRA;HMGB1;TUBB;LAMP1;TUBB4B;USP5;CRK;C1R;STX7;VAMP2,GO:BP,Cancer_vs_Healthy
GOBP_B_CELL_MEDIATED_IMMUNITY,3.072480696273861e-10,4.084035879354794e-8,0.8140358378479079,0.7887212800637531,2.5728496721042573,26,CLU;SERPING1;IGHV3-7;C3;IGKC;CFI;IGLC2;IGHG2;IGHG1;IGHA1;IGHA2;C4A;IGHG3;CD81;C8G;C1QB;C1QC,GO:BP,Cancer_vs_Healthy
GOBP_ADAPTIVE_IMMUNE_RESPONSE_BASED_ON_SOMATIC_RECOMBINATION_OF_IMMUNE_RECEPTORS_BUILT_FROM_IMMUNOGLOBULIN_SUPERFAMILY_DOMAINS,3.9716304608513107e-10,4.902126740250761e-8,0.8140358378479079,0.6593876895341773,2.490464252163456,51,CLU;SERPING1;IGHV3-7;C3;IGKC;CFI;IGLC2;IGHG2;IGHG1;IGHA1;AZGP1;HPRT1;IGHA2;ANXA1;LGALS1;C4A;IGHG3;CD81;B2M;HLA-B;C8G;C1QB;C1QC;C1S;HLA-DRA;HMGB1;USP5;C1R;STX7,GO:BP,Cancer_vs_Healthy
GOBP_ATP_METABOLIC_PROCESS,8.701832349768513e-10,1.0024510866933327e-7,0.8012155746177786,-0.4390714799934611,-2.3578015673567156,123,SDHC;DMAC2L;FIS1;BCL2L13;ATP1A2;PFKL;ATP5F1D;ATP1B1;SDHD;HK1;MT-ND4;ATP5PD;MT-ND5;NDUFB5;SDHA;FBP1;ATP5F1C;SDHB;COX11;PPP2CA;OGDH;NDUFS5;PFKM;NDUFB4;DNM1L;MT-ATP8;MT-ATP6;ATP5MF;MT-ND3;ATP5PO;SLC25A13;ATP5MG;ATP5ME;NDUFS6;PFKFB2;NDUFA2;NDUFA12;PRKAG1;ENO3;NDUFB9;PKM;NDUFA8;NDUFB3;NDUFS4;NDUFV2;PRKAA1;NDUFS3;NDUFB11;NDUFS8;STAT3;MYH7;NDUFB1;NDUFA10;NDUFB7;NDUFA13;NDUFV1;NDUFA9;NDUFA6;ATP6V1B2;ATP5PF;ARL2;ATP5PB;GALK1;NDUFS1;STOML2;PARP1;NDUFS2;PRKAA2;ATP5F1A;PGM1;NDUFA11;NDUFA3;NDUFA7;NDUFA5,GO:BP,Cancer_vs_Healthy
GOBP_ACTIN_FILAMENT_ORGANIZATION,1.09678958267797e-9,1.1845327492922076e-7,0.7881868108002371,0.5225017470806058,2.273285349881592,120,SERPINF2;ADD1;FSCN1;ARPC5;MARCKS;ARPC1B;CTTN;SPTBN1;TAGLN2;SPTB;CAP1;FLNA;SPTAN1;TPM4;GSN;LCP1;ACTR2;DSTN;CALD1;S100A10;MYO1C;PLS3;ACTR3;ARFIP1;ZYX;ARRB1;CYFIP1;MTPN;ARF1;TMOD1;CORO1C;RHOA;IQGAP1;RHOG;ITGB1;CFL1;CNN3;SORBS1;ARPC3;HSP90B1;CNN2;CORO7;MYL9;CORO1B;CAPG;TMOD3;CNN1;CDC42;CAPZA1;RHOC;FERMT2;ARPC2;DMTN;ESAM;STMN1;NRP1;RNH1;PFN1;SNX9;EZR;ACTN1;VASP;LMOD3;PDLIM1;ACTC1;ARPC4;GMFB;SVIL,GO:BP,Cancer_vs_Healthy
GOBP_REGULATION_OF_BODY_FLUID_LEVELS,2.4869729581262135e-9,2.527934865671822e-7,0.7749390301364363,0.5918760955923091,2.349169088823492,67,SERPING1;FBLN1;APOE;SERPINF2;CLIC1;CSRP1;TTR;HBB;SERPINA1;NME1;TLN1;FLNA;PRDX2;ANXA2;CD9;F13A1;GNAI2;ILK;CAV1;PPIA;PDIA3;ANXA5;MYH9;GNAS;CD36;COMP;ACTB;MYL9;AP3B1;AQP1;GNAQ;VWF;VCL;THBS1;VAMP2;CTSG;PROS1;KLKB1;GNA13;COPA;ACTN1,GO:BP,Cancer_vs_Healthy
GOBP_ATP_SYNTHESIS_COUPLED_ELECTRON_TRANSPORT,3.0588247334545575e-9,2.9364717441163753e-7,0.7749390301364363,-0.5300433768892194,-2.589126279661167,72,NDUFA4;SDHC;SDHD;DLD;MT-ND4;MT-ND5;NDUFB5;SDHA;SDHB;UQCRQ;NDUFS5;NDUFB4;MT-ND3;NDUFS6;NDUFA2;MT-CO2;UQCRB;NDUFA12;COX7C;NDUFB9;NDUFA8;NDUFB3;NDUFS4;NDUFV2;COX7A1;COQ9;NDUFS3;NDUFS8;COA6;NDUFB1;COX5A;UQCRC2;COX4I1;NDUFA10;NDUFB7;CYC1;NDUFV1;NDUFA9;NDUFA6;NDUFS1;UQCR10;NDUFS2;COX5B;UQCRC1;NDUFA11;NDUFA3;NDUFA7;NDUFA5;COX7A2,GO:BP,Cancer_vs_Healthy
GOBP_COMPLEMENT_ACTIVATION,3.2764326870809344e-9,2.979829306987292e-7,0.7749390301364363,0.7809009651117691,2.5031190024283796,24,CFH;CLU;SERPING1;C3;A2M;CFB;CFI;IGHG2;IGHG1;IGHA1;IGHA2;C4A;IGHG3;C8G;C1QB;C1QC,GO:BP,Cancer_vs_Healthy
GOBP_ELECTRON_TRANSPORT_CHAIN,3.5891046126909314e-9,3.100986385364965e-7,0.7749390301364363,-0.5106973669623833,-2.546586623611634,80,NDUFA4;SDHC;SDHD;DLD;MT-ND4;ETFDH;MT-ND5;NDUFB5;SDHA;SDHB;UQCRQ;NDUFS5;NDUFB4;MT-ND3;NDUFS6;NDUFA2;MT-CO2;UQCRB;NDUFA12;COX7C;NDUFB9;NDUFA8;NDUFB3;NDUFS4;NDUFV2;COX7A1;COQ9;NDUFS3;NDUFS8;COA6;NDUFB1;COX5A;UQCRC2;COX4I1;NDUFA10;NDUFB7;CYC1;NDUFV1;NDUFA9;NDUFA6;ETFB;NDUFS1;UQCR10;NDUFS2;COX5B;UQCRC1;NDUFA11;NDUFA3;NDUFA7;NDUFA5;COX7A2;HCCS,GO:BP,Cancer_vs_Healthy
GOBP_HEMOSTASIS,4.227051205118697e-9,3.478259277354814e-7,0.7614608014455848,0.6339216761957664,2.413179246697751,53,SERPING1;FBLN1;APOE;SERPINF2;CLIC1;CSRP1;HBB;SERPINA1;TLN1;FLNA;PRDX2;ANXA2;CD9;F13A1;ILK;CAV1;PPIA;PDIA3;ANXA5;MYH9;GNAS;CD36;COMP;ACTB;MYL9;AP3B1;GNAQ;VWF;VCL;THBS1;CTSG;PROS1;KLKB1,GO:BP,Cancer_vs_Healthy
GOBP_NUCLEOSIDE_TRIPHOSPHATE_BIOSYNTHETIC_PROCESS,6.005939549999437e-9,4.717392519272285e-7,0.7614608014455848,-0.5124554220884109,-2.5329873140467254,77,SDHC;DMAC2L;ATP5F1D;IMPDH2;SDHD;MT-ND4;ATP5PD;MT-ND5;NDUFB5;SDHA;ATP5F1C;SDHB;COX11;NDUFS5;NDUFB4;MT-ATP8;MT-ATP6;ATP5MF;MT-ND3;ATP5PO;SLC25A13;ATP5MG;ATP5ME;NDUFS6;NDUFA2;NDUFA12;NDUFB9;NDUFA8;NDUFB3;NDUFS4;NDUFV2;NDUFS3;NDUFB11;NDUFS8;STAT3;NDUFB1;NDUFA10;NDUFB7;NDUFA13;NDUFV1;NDUFA9;NDUFA6;ATP5PF;ATP5PB;NDUFS1;AK3;STOML2;PARP1;NDUFS2;ATP5F1A;NDUFA11;CTPS1;NDUFA3;NDUFA7;NDUFA5,GO:BP,Cancer_vs_Healthy
GOBP_RENAL_SYSTEM_PROCESS,7.15372350972394e-9,5.374623576001292e-7,0.7614608014455848,0.7734028696057261,2.479084424188983,24,IGKV3-20;AGT;SERPINF2;TTR;IGHA1;HBB;IGHA2;GSN;GNAI2;AKR1C3;MCAM;JCHAIN;CD34;GNAS;RHOA,GO:BP,Cancer_vs_Healthy
GOBP_LEUKOCYTE_MEDIATED_IMMUNITY,1.8437938742580834e-8,1.32753158946582e-6,0.7337619883564803,0.5786396498087205,2.3082340333948483,69,CLU;SERPING1;IGHV3-7;C3;IGKC;CFI;IGLC2;IGHG2;IGHG1;IGHA1;AZGP1;HPRT1;IGHA2;C4A;IGHG3;CD81;B2M;HLA-B;C8G;C1QB;C1QC;C1S;HLA-DRA;HMGB1;TUBB;LAMP1;TUBB4B;USP5;SNAP23;CRK;C1R;STX7;VAMP2;S100A13;CTSG;PTGDS;C2;CTSH,GO:BP,Cancer_vs_Healthy
GOBP_MITOCHONDRIAL_GENE_EXPRESSION,3.9074979331583204e-8,2.7008625713990314e-6,0.7195128263389107,-0.5777052126998155,-2.563309596608555,48,GARS1;MRPL49;HARS1;TSFM;COA3;LRPPRC;SUPV3L1;MRPL46;MRPL15;MRPL13;C1QBP;MRPL38;IARS2;GFM1;TFAM;MRPS27;HSD17B10;PNPT1;MRPL12;PRKAA1;MRPS18B;SARS2;MRPS17;TUFM;SHMT2;MRPL37;MRPL48,GO:BP,Cancer_vs_Healthy
GOBP_ACUTE_INFLAMMATORY_RESPONSE,5.1016525260964674e-8,3.3906367558056526e-6,0.7195128263389107,0.8034431942835507,2.3952778575467812,18,SERPINA3;ITIH4;C3;SERPINF2;IGHG1;ORM1;FN1;HP;SERPINA1,GO:BP,Cancer_vs_Healthy
GOBP_B_CELL_RECEPTOR_SIGNALING_PATHWAY,8.755186809132339e-8,5.603319557844697e-6,0.7049757151672383,0.8582968184144759,2.3978682996618286,14,IGKC;IGHM;IGHG2;IGHG1;IGHA1;IGHA2;IGHG3;CD81,GO:BP,Cancer_vs_Healthy
GOBP_REGULATION_OF_CELL_SUBSTRATE_ADHESION,9.597717875565449e-8,5.9231630317775345e-6,0.7049757151672383,0.6269241424182485,2.319061028146089,46,FBLN1;FN1;THY1;TLN1;FLNA;FBLN2;APOD;ILK;ACTN4;S100A10;CORO1C;RHOA;RRAS;CD36;CFL1;RSU1;NID1;LIMS1;CALR;CRK;VCL;THBS1;CDC42;FERMT2;ARPC2;DMTN;NRP1;P4HB,GO:BP,Cancer_vs_Healthy
GOBP_CELL_MATRIX_ADHESION,1.4702609453149404e-7,8.468703045014057e-6,0.6901324587967956,0.5987112594815429,2.279142109188505,53,FN1;THY1;CTTN;TLN1;ANXA2;APOD;ILK;S100A10;ZYX;CD34;CORO1C;RHOA;RRAS;CD36;ITGA1;ITGB1;CFL1;SORBS1;NID1;LIMS1;TNXB;VCL;THBS1;CD44;FERMT2;DMTN;NRP1;CD63;PECAM1;ACTN1;ITGA7;POLDIP2;ITGA6;ACTN3,GO:BP,Cancer_vs_Healthy
GOBP_INTEGRIN_MEDIATED_SIGNALING_PATHWAY,1.430150504591682e-7,8.468703045014057e-6,0.6901324587967956,0.7062722824309803,2.348366564227026,28,FBLN1;FN1;THY1;TLN1;FLNA;ILK;NME2;ZYX;MYH9;CTNNA1;ITGA1;ITGB1;PTPN11;NID1;LAMC1;LAMB2;LIMS1;CDC42;FERMT2;NRP1;CD63;ADAM10;ITGA7;LAMB1;ITGA6,GO:BP,Cancer_vs_Healthy
GOBP_RECEPTOR_MEDIATED_ENDOCYTOSIS,1.727127638896074e-7,9.627343741975535e-6,0.6901324587967956,0.5836659397257443,2.2631675331087844,58,SNCA;CLU;APOC2;C3;APOE;TF;CTTN;CAP1;CD81;B2M;ANXA2;CD9;CAV1;AP2A1;CAV2;AP2A2;ARRB1;ARF1;PICALM;CD36;SDCBP;ITGB1;CLTC;APOC1;SNX1;FLOT1;AP2B1;EPS15,GO:BP,Cancer_vs_Healthy
GOBP_HUMORAL_IMMUNE_RESPONSE_MEDIATED_BY_CIRCULATING_IMMUNOGLOBULIN,2.681457804846076e-7,1.447987214616881e-5,0.674962860011025,0.7766743380339145,2.3476053073910075,19,CLU;SERPING1;C3;CFI;IGHG2;IGHG1;IGHA1;IGHA2;C4A;IGHG3;CD81;C8G;C1QB;C1QC,GO:BP,Cancer_vs_Healthy
GOBP_ANTIBACTERIAL_HUMORAL_RESPONSE,3.635635001113909e-7,1.8477580240955397e-5,0.674962860011025,0.8083280972808576,2.2998713548587975,15,IGKV3-20;IGHM;IGHG2;IGHG1;TF;IGHA1;DEFA3;IGHA2;IGHG3;B2M;JCHAIN,GO:BP,Cancer_vs_Healthy
GOBP_POSITIVE_REGULATION_OF_MAPK_CASCADE,3.612088140366264e-7,1.8477580240955397e-5,0.674962860011025,0.6090201999771089,2.283250636535035,49,APOE;SERPINF2;SOD1;AKAP12;CD81;PRDX2;GNAI2;RAP1B;PPIA;GLIPR2;CAV2;DDT;ARRB1;CD36;SDCBP;ITGA1;IQGAP1;PTPN11;HMGB1;CSPG4;GPNMB;CRK;CAVIN3;THBS1;CDC42;CD44;FERMT2;NRP1,GO:BP,Cancer_vs_Healthy
GOBP_COMPLEMENT_ACTIVATION_CLASSICAL_PATHWAY,5.707567488127649e-7,2.817907605567022e-5,0.6594443980379349,0.7702958436864814,2.2964567890675087,18,CLU;SERPING1;C3;CFI;IGHG2;IGHG1;IGHA1;IGHA2;C4A;IGHG3;C8G;C1QB;C1QC;C1S,GO:BP,Cancer_vs_Healthy
GOBP_DEFENSE_RESPONSE_TO_BACTERIUM,1.1612068805222756e-6,5.2804354987960324e-5,0.6435518361507222,0.6235653225022545,2.2316309988627125,39,IGKV3-20;IGHM;IGHG2;S100A9;IGHG1;TF;RAB1A;IGHA1;HP;DEFA3;IGHA2;S100A8;IGHG3;B2M;JCHAIN;LYZ;CD36;PPBP,GO:BP,Cancer_vs_Healthy
GOBP_MITOCHONDRIAL_TRANSLATION,1.1494201185945526e-6,5.2804354987960324e-5,0.6435518361507222,-0.5605603142364127,-2.4028025494191776,41,GARS1;MRPL49;HARS1;TSFM;COA3;LRPPRC;MRPL46;MRPL15;MRPL13;C1QBP;MRPL38;IARS2;GFM1;MRPS27;MRPL12;MRPS18B;SARS2;MRPS17;TUFM;SHMT2;MRPL37;MRPL48,GO:BP,Cancer_vs_Healthy
GOBP_REGULATION_OF_ACTIN_FILAMENT_ORGANIZATION,1.1055063777456556e-6,5.2804354987960324e-5,0.6435518361507222,0.5340865631865989,2.1260108863836553,68,SERPINF2;ADD1;ARPC5;CTTN;SPTBN1;SPTB;FLNA;SPTAN1;GSN;DSTN;S100A10;ARFIP1;CYFIP1;MTPN;ARF1;TMOD1;RHOA;CFL1;ARPC3;CORO1B;CAPG;TMOD3;CDC42;CAPZA1;RHOC;FERMT2;ARPC2;DMTN;ESAM;STMN1;NRP1;RNH1;PFN1;SNX9,GO:BP,Cancer_vs_Healthy
GOBP_ANTIMICROBIAL_HUMORAL_RESPONSE,1.1988715615052864e-6,5.3119232263618844e-5,0.6435518361507222,0.7094614163458741,2.274124930157991,24,IGKV3-20;IGHM;IGHG2;S100A9;IGHG1;TF;IGHA1;DEFA3;IGHA2;IGHG3;B2M;JCHAIN;LGALS3;LYZ;PPBP,GO:BP,Cancer_vs_Healthy
GOBP_NUCLEOSIDE_TRIPHOSPHATE_METABOLIC_PROCESS,2.0347349542318115e-6,8.790055002281426e-5,0.6272567397185284,-0.3542304746202514,-1.933397410322299,138,SDHC;DMAC2L;FIS1;BCL2L13;ATP1A2;PFKL;ATP5F1D;IMPDH2;ATP1B1;SDHD;HK1;MT-ND4;ATP5PD;MT-ND5;NDUFB5;OPA1;SDHA;FBP1;ATP5F1C;SDHB;COX11;PPP2CA;OGDH;NDUFS5;PFKM;NDUFB4;DNM1L;MT-ATP8;MT-ATP6;ATP5MF;MT-ND3;ATP5PO;SLC25A13;ATP5MG;ATP5ME;NDUFS6;PFKFB2;NDUFA2;NDUFA12;PRKAG1;ENO3;NDUFB9;PKM;NDUFA8;NDUFB3;NDUFS4;NDUFV2;PRKAA1;NDUFS3;NDUFB11;NDUFS8;STAT3;MYH7;NDUFB1;NDUFA10;NDUFB7;NDUFA13;NDUFV1;NDUFA9;NDUFA6;ATP6V1B2;ATP5PF;ARL2;ATP5PB;GALK1;NDUFS1;AK3;STOML2;PARP1;NDUFS2;PRKAA2;ATP5F1A;PGM1;NDUFA11;CTPS1;NDUFA3;NDUFA7;NDUFA5,GO:BP,Cancer_vs_Healthy
GOBP_ACUTE_PHASE_RESPONSE,3.2068245077180044e-6,1.3515592071552956e-4,0.6272567397185284,0.8099473198014893,2.221438102236439,13,SERPINA3;ITIH4;SERPINF2;ORM1;FN1;HP;SERPINA1,GO:BP,Cancer_vs_Healthy
GOBP_POSITIVE_REGULATION_OF_ERK1_AND_ERK2_CASCADE,3.3856186172897e-6,1.3929402311134767e-4,0.6272567397185284,0.6750840505266252,2.202159142834142,26,APOE;SERPINF2;AKAP12;GNAI2;RAP1B;GLIPR2;DDT;ARRB1;CD36;PTPN11;HMGB1;GPNMB;CAVIN3;CD44;FERMT2;NRP1,GO:BP,Cancer_vs_Healthy
GOBP_POSITIVE_REGULATION_OF_CELL_SUBSTRATE_ADHESION,3.591761526037086e-6,1.4433869574400197e-4,0.6272567397185284,0.6538810291900988,2.224936070404743,31,FBLN1;FN1;THY1;FLNA;FBLN2;ILK;S100A10;RRAS;CD36;CFL1;RSU1;NID1;LIMS1;CALR;CRK;CDC42;FERMT2;ARPC2;NRP1;P4HB,GO:BP,Cancer_vs_Healthy
GOBP_SUBSTRATE_ADHESION_DEPENDENT_CELL_SPREADING,4.01578511535011e-6,1.577108336210225e-4,0.610526878385931,0.6684666996466126,2.242446480439255,29,FBLN1;RAB1A;FN1;FLNA;ILK;ACTN4;S100A10;PARVA;CORO1C;RHOA;LAMC1;LIMS1;CALR;CRK;CDC42;FERMT2;ARPC2;DMTN;NRP1;P4HB,GO:BP,Cancer_vs_Healthy
GOBP_LAMELLIPODIUM_ORGANIZATION,4.604818395314984e-6,1.745693870411442e-4,0.610526878385931,0.6771120186651883,2.1927718339114617,25,FSCN1;CTTN;ACTR2;ACTR3;CYFIP1;CORO1C;ITGB1;CFL1;CORO1B;SNX1;VCL;SNX2;ABLIM2;CDC42;CD44;ARPC2;DMTN,GO:BP,Cancer_vs_Healthy
GOBP_LEUKOCYTE_CELL_CELL_ADHESION,4.647101738363792e-6,1.745693870411442e-4,0.610526878385931,0.5514135229778491,2.092274460502434,52,PNP;S100A9;THY1;LRG1;ANXA1;S100A8;LGALS1;FLOT2;CD81;B2M;PRDX2;MSN;CAV1;LGALS3;RHOA;ACTB;ITGB1;PTPN11;HLA-DRA;HMGB1;AP3B1;GPNMB;CD44;CTSG;EZR;PECAM1;HLA-A,GO:BP,Cancer_vs_Healthy
GOBP_PURINE_NUCLEOTIDE_BIOSYNTHETIC_PROCESS,5.869757814503397e-6,2.1580726603110366e-4,0.610526878385931,-0.40106100636836334,-2.075309727474332,97,SDHC;DMAC2L;ATP5F1D;IMPDH2;SDHD;MT-ND4;ATP5PD;MT-ND5;AMPD3;NDUFB5;SDHA;ATP5F1C;SDHB;COX11;NDUFS5;NDUFB4;IDH2;MT-ATP8;MT-ATP6;ATP5MF;MT-ND3;ATP5PO;SLC25A13;ATP5MG;ATP5ME;NDUFS6;NDUFA2;NDUFA12;NDUFB9;NADK2;NDUFA8;NDUFB3;NDUFS4;NDUFV2;NDUFS3;NDUFB11;NDUFS8;STAT3;NDUFB1;NDUFA10;NDUFB7;NDUFA13;NDUFV1;NDUFA9;NDUFA6;ATP5PF;GART;ATP5PB;NDUFS1;AK3;STOML2;PARP1;NDUFS2;ATP5F1A;NDUFA11;NDUFA3;NDUFA7;NDUFA5;PRPSAP1;AMPD1,GO:BP,Cancer_vs_Healthy
GOBP_POSITIVE_REGULATION_OF_INFLAMMATORY_RESPONSE,6.564158279371585e-6,2.3630969805737704e-4,0.610526878385931,0.7102284529861345,2.2035875804267953,21,SNCA;C3;AGT;S100A9;S100A8;LGALS1;CD81;FABP4;DDT,GO:BP,Cancer_vs_Healthy
GOBP_EXTERNAL_ENCAPSULATING_STRUCTURE_ORGANIZATION,6.982898365723877e-6,2.462540484892012e-4,0.610526878385931,0.5770033704593428,2.1343986281652767,46,FBLN1;AGT;SERPINF2;FSCN1;GSN;LUM;LCP1;ANXA2;CAV1;CAV2;COL6A1;CST3;COMP;ITGB1;TGFBI;NID1;LAMC1;LAMB2;MFAP4;CAPG;FLOT1;TNXB;AEBP1;CTSG;COL18A1;ADAM10;COL4A1;LAMB1;COL4A2;COL1A2;DNAJB6,GO:BP,Cancer_vs_Healthy
GOBP_AMINO_ACID_ACTIVATION,7.799584602432345e-6,2.6955364386006185e-4,0.5933254763964051,-0.6008599181966623,-2.3330652006854895,29,FARSB;EPRS1;RARS1;DARS1;KARS1;LRRC47;GARS1;LARS1;HARS1;VARS1;NARS1;IARS2;IARS1;FARSA,GO:BP,Cancer_vs_Healthy
GOBP_REGULATION_OF_ENDOCYTOSIS,1.0274041045225262e-5,3.4810868482645593e-4,0.5933254763964051,0.49698206498791053,2.004947139567872,74,SNCA;CLU;APOC2;C3;APOE;TF;SOD1;C4A;B2M;ANXA2;ATG3;CAV1;AP2A1;PACSIN2;LGALS3;ARRB1;ARF1;PICALM;EHD4;CD36;SDCBP;ACTB;ARPC3;CNN2;HMGB1;APOC1;FLOT1;CALR;AP2B1;CDC42;RAB4A;TGM2;C2;SNX9;CD63,GO:BP,Cancer_vs_Healthy
GOBP_ORGANIC_ACID_CATABOLIC_PROCESS,1.1602491709107243e-5,3.855597244872561e-4,0.5933254763964051,-0.39355240377605416,-2.036456097347932,97,HADHA;DBT;HADHB;ECI2;ACAD8;CPT2;ALDH5A1;DLAT;ACADVL;DLD;ETFDH;CRAT;CPT1B;DLST;SLC16A1;ALDH4A1;GLS;ACADSB;MCCC2;BCAT2;HSD17B4;MCCC1;CPT1A;ACAT1;ECH1;HSD17B10;AUH;ACAA1;ECI1;PM20D2;GCDH;IVD;RIDA;PLIN5;GOT2;ACADM;PCCB;GCSH;GOT1;TST;MCEE;ALDH1L1;BCKDK;GPT;ETFB;PCCA;ACADS,GO:BP,Cancer_vs_Healthy
GOBP_MITOCHONDRIAL_ELECTRON_TRANSPORT_NADH_TO_UBIQUINONE,1.3469661041429975e-5,4.0834340841387713e-4,0.5933254763964051,-0.5254286026032449,-2.252212926618956,41,NDUFA4;DLD;MT-ND4;MT-ND5;NDUFB5;NDUFS5;NDUFB4;MT-ND3;NDUFS6;NDUFA2;NDUFB9;NDUFA8;NDUFB3;NDUFS4;NDUFV2;COQ9;NDUFS3;NDUFS8;NDUFB1;NDUFA10;NDUFB7;NDUFV1;NDUFA9;NDUFA6;NDUFS1;NDUFS2;NDUFA11;NDUFA3;NDUFA7;NDUFA5,GO:BP,Cancer_vs_Healthy
GOBP_NEGATIVE_REGULATION_OF_PROTEIN_POLYMERIZATION,1.3333953124631599e-5,4.0834340841387713e-4,0.5933254763964051,0.6432791819381363,2.138913503906987,28,SNCA;ADD1;SPTBN1;SPTB;SPTAN1;GSN;TUBB4A;MTPN;TMOD1;CFL1;CAPG;TMOD3;MAPRE1;CAPZA1;DMTN;STMN1;PFN1,GO:BP,Cancer_vs_Healthy
GOBP_NUCLEOTIDE_BIOSYNTHETIC_PROCESS,1.3269530642475416e-5,4.0834340841387713e-4,0.5933254763964051,-0.3681411277063634,-1.93666668819933,106,SDHC;KARS1;DMAC2L;GARS1;ATP5F1D;IMPDH2;SDHD;MT-ND4;ATP5PD;MT-ND5;AMPD3;NDUFB5;SDHA;ATP5F1C;SDHB;COX11;NDUFS5;NDUFB4;IDH2;MT-ATP8;MT-ATP6;ATP5MF;MT-ND3;ATP5PO;SLC25A13;ATP5MG;ATP5ME;NDUFS6;NDUFA2;NDUFA12;NDUFB9;NADK2;NDUFA8;NDUFB3;NDUFS4;NDUFV2;ME1;NDUFS3;NDUFB11;NDUFS8;STAT3;NDUFB1;NDUFA10;NDUFB7;NDUFA13;NDUFV1;NDUFA9;NDUFA6;ATP5PF;GART;ATP5PB;NDUFS1;AK3;STOML2;PARP1;NDUFS2;ATP5F1A;NDUFA11;CTPS1;NDUFA3;NDUFA7;NDUFA5,GO:BP,Cancer_vs_Healthy
GOBP_REGULATION_OF_ACTIN_FILAMENT_LENGTH,1.2642535935654258e-5,4.0834340841387713e-4,0.5933254763964051,0.5641426746560767,2.0592266176465204,43,ADD1;ARPC5;CTTN;SPTBN1;SPTB;SPTAN1;GSN;DSTN;CYFIP1;MTPN;TMOD1;CFL1;ARPC3;CAPG;TMOD3;CAPZA1;ARPC2;DMTN;ESAM;PFN1;SNX9;VASP;LMOD3,GO:BP,Cancer_vs_Healthy
GOBP_REGULATION_OF_COAGULATION,1.2995398114020186e-5,4.0834340841387713e-4,0.5933254763964051,0.7356750430777297,2.1617217593627323,17,SERPING1;APOE;SERPINF2;PRDX2;ANXA2;CD9;CAV1;ANXA5;CD36;THBS1;PROS1;KLKB1,GO:BP,Cancer_vs_Healthy
GOBP_TRICARBOXYLIC_ACID_CYCLE,1.4080338539125228e-5,4.194969826829033e-4,0.5933254763964051,-0.6310847645656499,-2.3550306593235035,25,SDHC;NNT;DLAT;SDHD;PDHB;DLST;PDHA1;FH;SDHA;SUCLA2;SDHB;OGDH;SUCLG1;IDH2;IDH3A;IDH3G;MDH2;ACO2;IDH3B,GO:BP,Cancer_vs_Healthy
GOBP_AMINO_ACID_METABOLIC_PROCESS,1.6456740996492142e-5,4.2103971310220696e-4,0.5756102610711286,-0.35489278322544543,-1.879309524091009,112,FARSB;EPRS1;RARS1;DARS1;KARS1;LRRC47;DBT;GARS1;LARS1;ACAD8;HARS1;VARS1;ALDH5A1;DLD;NARS1;MMUT;DLST;FH;ALDH4A1;GLS;ACADSB;MCCC2;IARS2;BCAT2;MCCC1;IARS1;ACAT1;FARSA;HSD17B10;AUH;ACY1;GCDH;QARS1;IVD;RIDA;SMS;GOT2;ADI1;SARS2;PCCB;GCSH;SHMT2;GOT1;AARSD1;BCKDK;ASPA;GPT;ETFB;PCCA;ENOPH1;NIT2,GO:BP,Cancer_vs_Healthy
GOBP_CELL_CELL_JUNCTION_ORGANIZATION,1.5410916113434123e-5,4.2103971310220696e-4,0.5756102610711286,0.6116676890721479,2.114834154346472,33,AGT;ADD1;FSCN1;TLN1;CD9;CAV1;MYO1C;CTNNA1;RHOA;ACTB;LIMS1;VCL;CDC42;RHOC;FERMT2;ESAM;TLN2;PECAM1;ADAM10,GO:BP,Cancer_vs_Healthy
GOBP_DETOXIFICATION,1.6544226896085897e-5,4.2103971310220696e-4,0.5756102610711286,0.528496598948835,2.0350157336312074,56,CAT;CP;APOE;S100A9;HBA1;HP;SOD1;GPX3;SOD3;HBB;ALB;PRDX2;HBG2;APOM;CCS;TXN;CD36;GPX1;MGST1;CYGB;CLIC2;PRXL2A;ALDH1A1;SOD2;RDH11;PRDX6;TXNDC17;GSTO1;ADH5;MTARC2;PRDX1,GO:BP,Cancer_vs_Healthy
GOBP_ENDOTHELIAL_CELL_MIGRATION,1.5779416020165036e-5,4.2103971310220696e-4,0.5756102610711286,0.5808818608373256,2.1328020997280865,44,AGT;APOE;SERPINF1;S100A9;FN1;SPARC;ANXA1;S100A8;DCN;ATP2B4;PACSIN2;MYH9;EHD4;RHOA;RRAS;ITGB1;HMGB1;GPX1;CORO1B;CALR;THBS1,GO:BP,Cancer_vs_Healthy
GOBP_ESTABLISHMENT_OR_MAINTENANCE_OF_CELL_POLARITY,1.6137835324099968e-5,4.2103971310220696e-4,0.5756102610711286,0.5575216202009714,2.090179593802896,49,ANK1;FSCN1;CAP1;FLOT2;GSN;MSN;ACTR2;ILK;RAP1B;PARVA;ACTR3;MYH9;CTNNA1;CLIC4;RHOA;RHOG;ACTB;ITGB1;CFL1;CORO7;AQP1;CRK;MAPRE1;CDC42;MAP1B,GO:BP,Cancer_vs_Healthy
GOBP_LEUKOCYTE_MIGRATION,1.561577205325407e-5,4.2103971310220696e-4,0.5756102610711286,0.5197670793873452,2.0357666992918935,62,S100A9;THY1;ANXA1;S100A8;CD81;MSN;APOD;CD9;PPIA;MPP1;PPIB;DDT;LGALS3;MYH9;CD34;RHOA;ITGA1;ITGB1;PPBP;CNN2;HMGB1;CALR;THBS4;CRK;GNAI1;THBS1;CDC42;CTSG;P4HB;PECAM1;ADAM10;ITGA7;ITGA6;LGMN;MAPK3;MIF;LYVE1,GO:BP,Cancer_vs_Healthy
GOBP_NEGATIVE_REGULATION_OF_PROTEIN_CONTAINING_COMPLEX_ASSEMBLY,1.4923856102187265e-5,4.2103971310220696e-4,0.5933254763964051,0.5606324811542127,2.046413752715615,43,SNCA;CLU;ADD1;SPTBN1;SPTB;SPTAN1;GSN;TUBB4A;MTPN;TMOD1;CFL1;HMGB1;CAPG;TMOD3;MAPRE1;CDC42;CAPZA1;DMTN;STMN1;PFN1;LMOD3;HSPA8;SVIL;HSPA5;VPS35,GO:BP,Cancer_vs_Healthy
GOBP_PLATELET_AGGREGATION,1.6568692413744255e-5,4.2103971310220696e-4,0.5756102610711286,0.6615543001486204,2.142389436283512,25,CLIC1;CSRP1;HBB;TLN1;FLNA;CD9;ILK;PPIA;PDIA3;MYH9;GNAS;COMP;ACTB;MYL9;VCL;CTSG;ACTN1;RAP2B,GO:BP,Cancer_vs_Healthy
GOBP_REGULATION_OF_ACTIN_FILAMENT_BASED_PROCESS,1.639640253729449e-5,4.2103971310220696e-4,0.5756102610711286,0.46040519079852726,1.9263221288421946,92,SERPINF2;ADD1;FSCN1;ARPC5;CTTN;SRI;SPTBN1;SPTB;FLNA;SPTAN1;GSN;DSTN;CAV1;S100A10;ARFIP1;CYFIP1;MYH9;MTPN;ARF1;TMOD1;RHOA;RHOG;CFL1;ARPC3;CNN2;CORO1B;CAPG;TMOD3;CRK;CDC42;CAPZA1;RHOC;FERMT2;ARPC2;DMTN;ESAM;STMN1;NRP1;RNH1;PFN1;SNX9;EZR,GO:BP,Cancer_vs_Healthy
GOBP_REGULATION_OF_CELLULAR_COMPONENT_SIZE,1.5339908532193607e-5,4.2103971310220696e-4,0.5756102610711286,0.4871547568293353,1.969822667268993,75,APOE;ADD1;FN1;ARPC5;CTTN;SPTBN1;SPTB;SPTAN1;GSN;MSN;DSTN;COL6A1;CYFIP1;MTPN;PICALM;ELAVL1;TMOD1;RHOA;CFL1;ARPC3;CAPG;AQP1;TMOD3;CAPZA1;ARPC2;DMTN;ESAM;MAP1B;NRP1;PFN1;SNX9;EZR;VASP;AP2M1;LMOD3;HSP90AA1,GO:BP,Cancer_vs_Healthy
GOBP_REGULATION_OF_WOUND_HEALING,1.734409776246704e-5,4.3435653526873976e-4,0.5756102610711286,0.637745297831477,2.120513251299515,28,SERPING1;APOE;SERPINF2;ANXA1;PRDX2;ANXA2;CD9;CAV1;CD36;ITGB1;HMGB1;CRK;THBS1;FERMT2;DMTN;PROS1;KLKB1,GO:BP,Cancer_vs_Healthy
GOBP_CELL_KILLING,1.8991956588724182e-5,4.688300140759341e-4,0.5756102610711286,0.5775379037898942,2.1205242182981485,44,CFH;C3;IGHG1;AZGP1;DEFA3;HPRT1;APOL1;B2M;HLA-B;C8G;LGALS3;LYZ;PPBP;HLA-DRA;TUBB;LAMP1;TUBB4B;CRK;STX7;VAMP2;CTSG;CTSH;GAPDH;HLA-A;LTF,GO:BP,Cancer_vs_Healthy
GOBP_CELLULAR_OXIDANT_DETOXIFICATION,2.0929116564573836e-5,5.093734285011773e-4,0.5756102610711286,0.5577874370719309,2.0749540444794268,47,CAT;CP;APOE;S100A9;HBA1;HP;SOD1;GPX3;SOD3;HBB;ALB;PRDX2;HBG2;APOM;CCS;TXN;CD36;GPX1;MGST1;CYGB;CLIC2;PRXL2A;SOD2;PRDX6;TXNDC17;GSTO1,GO:BP,Cancer_vs_Healthy
GOBP_CELL_SUBSTRATE_JUNCTION_ORGANIZATION,2.175453154768194e-5,5.221087571443666e-4,0.5756102610711286,0.6024795319826939,2.0985050807005474,34,FN1;THY1;CTTN;TLN1;APOD;S100A10;TNS1;CORO1C;RHOA;CFL1;SORBS1;LAMC1;LIMS1;VCL;THBS1;FERMT2;DMTN;NRP1;ACTN1;POLDIP2;ITGA6;ACTN3,GO:BP,Cancer_vs_Healthy
GOBP_NEGATIVE_REGULATION_OF_CELL_ACTIVATION,2.452723116893404e-5,5.727439927015949e-4,0.5756102610711286,0.6816063822417111,2.1637371017415528,23,APOE;FN1;FBXO7;ANXA1;LGALS1;PRDX2;GCLC;CD9;LGALS3;PTPN11;HMGB1;CYGB;GPNMB;CTSG,GO:BP,Cancer_vs_Healthy
GOBP_REGULATION_OF_SUBSTRATE_ADHESION_DEPENDENT_CELL_SPREADING,2.446473366433732e-5,5.727439927015949e-4,0.5756102610711286,0.7067841201144982,2.1363524843124484,19,FBLN1;FLNA;ILK;ACTN4;S100A10;CORO1C;LIMS1;CALR;CRK;CDC42;FERMT2;ARPC2;DMTN;NRP1;P4HB,GO:BP,Cancer_vs_Healthy
GOBP_NUCLEOSIDE_PHOSPHATE_BIOSYNTHETIC_PROCESS,2.7446452916218718e-5,6.323662751896792e-4,0.5756102610711286,-0.32317792107181625,-1.7859167943466805,150,SDHC;KARS1;ACSL3;DMAC2L;GARS1;MPC2;ACACA;ATP5F1D;IMPDH2;DLAT;PDHX;SDHD;DLD;HK1;MT-ND4;PDHB;ATP5PD;MT-ND5;MMUT;PDHA1;AMPD3;NDUFB5;SDHA;ATP5F1C;PANK4;SDHB;COX11;NDUFS5;ACAT1;NDUFB4;IDH2;MT-ATP8;MT-ATP6;ATP5MF;MT-ND3;ATP5PO;SLC25A13;ATP5MG;ATP5ME;NDUFS6;NDUFA2;NDUFA12;NDUFB9;NADK2;NDUFA8;NDUFB3;NDUFS4;GCDH;NDUFV2;ME1;NDUFS3;NDUFB11;MPI;NDUFS8;STAT3;NDUFB1;CBR4;NDUFA10;NDUFB7;BCKDK;NDUFA13;NDUFV1;NDUFA9;NDUFA6;ATP5PF;GART;ATP5PB;NDUFS1;AK3;STOML2;PARP1;NDUFS2;ATP5F1A;NDUFA11;CTPS1;NDUFA3;NDUFA7;NDUFA5,GO:BP,Cancer_vs_Healthy
GOBP_RECEPTOR_INTERNALIZATION,2.9161876769465648e-5,6.630489876004821e-4,0.5756102610711286,0.6239068198707576,2.122943970130679,31,SNCA;CD81;ANXA2;CD9;CAV1;AP2A1;AP2A2;ARRB1;ARF1;PICALM;CD36;SDCBP;ITGB1;CLTC;SNX1;FLOT1;AP2B1;EPS15;CD63;EZR;AP2M1,GO:BP,Cancer_vs_Healthy
GOBP_PLATELET_ACTIVATION,2.9558630918793718e-5,6.633417432165656e-4,0.5756102610711286,0.6233049247680389,2.1208959245920322,31,APOE;CLIC1;CSRP1;HBB;TLN1;FLNA;CD9;ILK;PPIA;PDIA3;MYH9;GNAS;COMP;ACTB;MYL9;GNAQ;VWF;VCL;CTSG;GNA13;ACTN1;RAP2B,GO:BP,Cancer_vs_Healthy
GOBP_MITOCHONDRIAL_RESPIRATORY_CHAIN_COMPLEX_ASSEMBLY,3.3426334154909175e-5,7.40521864354911e-4,0.557332238758646,-0.48301826354458605,-2.1732806032284047,51,ATP5F1D;AIFM1;MT-ND4;COA3;MT-ND5;NDUFAF3;SAMM50;NDUFS5;TFAM;NDUFS6;SMIM20;NDUFB3;NDUFS4;COX7A1;CHCHD7;NDUFS3;NDUFS8;COA6;FXN;NDUFA13;NDUFA6;SURF1;NDUFS1;NDUFS2;NDUFAF4;ATPAF2;COX7A2;TACO1;SCO1;NDUFAF5;NDUFS7;MT-ND1;ACAD9;UQCC1;TMEM70;ATPAF1;COX17;UQCC3;CHCHD4;NDUFAF2;UQCC2;UQCRFS1;NUBPL,GO:BP,Cancer_vs_Healthy
GOBP_ACTIN_FILAMENT_BUNDLE_ORGANIZATION,3.4266174920337445e-5,7.47304314377262e-4,0.557332238758646,0.5530958016270551,2.045961914047335,46,SERPINF2;ADD1;FSCN1;MARCKS;FLNA;LCP1;CALD1;S100A10;PLS3;ZYX;ARRB1;RHOA;ITGB1;CFL1;SORBS1;HSP90B1;MYL9;CORO1B;CDC42;RHOC;FERMT2;DMTN;STMN1;NRP1;PFN1;EZR;ACTN1;PDLIM1,GO:BP,Cancer_vs_Healthy
GOBP_MITOCHONDRION_ORGANIZATION,3.459742196191028e-5,7.47304314377262e-4,0.557332238758646,-0.309282843199912,-1.7374986681353808,165,MYH14;MFN2;MARCHF5;SLC25A46;FAM162A;MAPT;FIS1;CLPP;MTM1;BCL2L13;TMEM11;NOL3;ATP5F1D;AIFM1;SLC25A6;MTX1;TIMM50;MT-ND4;LONP1;COA3;MT-ND5;SUPV3L1;OPA1;NDUFAF3;ENDOG;SAMM50;APOO;PRDX3;MCU;NDUFS5;CLUH;AFG3L2;NIPSNAP2;DNM1L;TFAM;HSD17B10;NDUFS6;PNPT1;SMIM20;NDUFB3;MICOS13;NDUFS4;SIRT5;COX7A1;CHCHD7;TIMM8A;NDUFS3;NDUFS8;STAT3;APOOL;COA6;IMMT;PPIF;FXN;CHCHD3;MICU1;SLC25A4;VDAC2;HSPA9;NDUFA13;TIMM13;SLC25A5;NDUFA6;GGCT;SURF1;NDUFS1;ROMO1;PHB2;STOML2;LETM1;PARP1;NDUFS2;ATP2A1;NDUFAF4;SLIRP;ATPAF2;ATAD3A;CCAR2;SQSTM1;COX7A2;TACO1;SCO1;TOMM22,GO:BP,Cancer_vs_Healthy
GOBP_RIBOSE_PHOSPHATE_BIOSYNTHETIC_PROCESS,4.135554124296535e-5,8.82251546516594e-4,0.557332238758646,-0.37941288813104457,-1.9632904844014758,97,SDHC;DMAC2L;ATP5F1D;IMPDH2;SDHD;MT-ND4;ATP5PD;MT-ND5;AMPD3;NDUFB5;SDHA;ATP5F1C;SDHB;COX11;NDUFS5;NDUFB4;MT-ATP8;MT-ATP6;ATP5MF;MT-ND3;ATP5PO;SLC25A13;ATP5MG;ATP5ME;NDUFS6;NDUFA2;NDUFA12;NDUFB9;NDUFA8;NDUFB3;NDUFS4;NDUFV2;NDUFS3;NDUFB11;NDUFS8;STAT3;NDUFB1;NDUFA10;NDUFB7;NDUFA13;NDUFV1;NDUFA9;NDUFA6;ATP5PF;GART;ATP5PB;NDUFS1;AK3;STOML2;PARP1;NDUFS2;ATP5F1A;NDUFA11;CTPS1;NDUFA3;NDUFA7;NDUFA5;PRPSAP1;AMPD1,GO:BP,Cancer_vs_Healthy
GOBP_MONONUCLEAR_CELL_MIGRATION,4.7456429376280226e-5,0.0010000574385635639,0.557332238758646,0.5761806850833047,2.0284618969315047,36,ANXA1;CD81;MSN;APOD;CD9;DDT;LGALS3;RHOA;CNN2;HMGB1;CALR;CRK;GNAI1;THBS1;CDC42;CTSG;P4HB;PECAM1;ADAM10;LGMN;MAPK3;MIF,GO:BP,Cancer_vs_Healthy
GOBP_AMEBOIDAL_TYPE_CELL_MIGRATION,4.953488677667598e-5,0.0010312805343385071,0.557332238758646,0.5438909209505087,1.9853039166029398,43,FN1;LRG1;CAP1;AKAP12;ILK;TNS1;GLIPR2;CORO1C;IQGAP1;ITGB1;CFL1;PTPN11;ARHGDIB;CYGB;AQP1;CALR;THBS1;CDC42;DMTN;NRP1;PFN1;CTSH;GNA13;CD63;FAM114A1;PDLIM1;AGO2,GO:BP,Cancer_vs_Healthy
GOBP_NEGATIVE_REGULATION_OF_CELL_ADHESION,5.478733998323662e-5,0.0011270538510837248,0.557332238758646,0.5642509703621892,2.0193553283971695,39,FBLN1;ANXA1;LGALS1;PRDX2;APOD;CD9;ACTN4;LGALS3;CORO1C;RHOA;CFL1;PTPN11;TGFBI;HMGB1;GPNMB;THBS1;DMTN;CTSG,GO:BP,Cancer_vs_Healthy
GOBP_PURINE_CONTAINING_COMPOUND_BIOSYNTHETIC_PROCESS,6.115933108643054e-5,0.0012433332249100232,0.5384340963099162,-0.32638838241551166,-1.774346607840097,132,SDHC;ACSL3;DMAC2L;MPC2;ACACA;ATP5F1D;IMPDH2;DLAT;PDHX;SDHD;DLD;MT-ND4;PDHB;ATP5PD;MT-ND5;MMUT;PDHA1;AMPD3;NDUFB5;SDHA;ATP5F1C;PANK4;SDHB;COX11;NDUFS5;ACAT1;NDUFB4;IDH2;MT-ATP8;MT-ATP6;ATP5MF;MT-ND3;ATP5PO;SLC25A13;ATP5MG;ATP5ME;NDUFS6;NDUFA2;NDUFA12;NDUFB9;NADK2;NDUFA8;NDUFB3;NDUFS4;GCDH;NDUFV2;NDUFS3;NDUFB11;NDUFS8;STAT3;NDUFB1;CBR4;NDUFA10;NDUFB7;BCKDK;NDUFA13;NDUFV1;NDUFA9;NDUFA6;ATP5PF;GART;ATP5PB;NDUFS1;AK3;STOML2;PARP1;NDUFS2;ATP5F1A;NDUFA11;NDUFA3;NDUFA7;NDUFA5,GO:BP,Cancer_vs_Healthy
GOBP_REGULATION_OF_ACTIN_FILAMENT_POLYMERIZATION,6.846271480751117e-5,0.0013756229207834802,0.5384340963099162,0.5791564020477855,2.047394639095654,37,ADD1;ARPC5;CTTN;SPTBN1;SPTB;SPTAN1;GSN;CYFIP1;MTPN;TMOD1;CFL1;ARPC3;CAPG;TMOD3;CAPZA1;ARPC2;DMTN;ESAM;PFN1;SNX9;VASP;LMOD3,GO:BP,Cancer_vs_Healthy
GOBP_CELLULAR_RESPONSE_TO_TOXIC_SUBSTANCE,7.174653097274261e-5,0.0014250345462172326,0.5384340963099162,0.5084994732181896,1.9717091919584668,58,CAT;CP;APOE;S100A9;HBA1;HP;SOD1;GPX3;SOD3;HBB;ALB;PRDX2;HBG2;APOM;CCS;TXN;CD36;GPX1;MGST1;CYGB;CLIC2;PRXL2A;ALDH1A1;SOD2;RDH11;PRDX6;TXNDC17;GSTO1;ADH5;MTARC2;PRDX1,GO:BP,Cancer_vs_Healthy
GOBP_VASCULAR_PROCESS_IN_CIRCULATORY_SYSTEM,7.5179657665573e-5,0.0014762550959785243,0.5384340963099162,0.57281539754544,2.038273331384642,38,AGT;APOE;SERPINF2;SLC2A1;SOD1;HBB;AKAP12;GCLC;CAV1;ATP2B4;RHOA;GCLM;CD36;ITGA1;COMP;ITGB1;PTPN11;GPX1;FABP5;MANF;FERMT2,GO:BP,Cancer_vs_Healthy
GOBP_ZYMOGEN_ACTIVATION,7.71401784245461e-5,0.00149773290244512,0.5384340963099162,0.7172384273877114,2.0714551632575406,16,SERPINF2;HP;CLEC3B;ANXA2;S100A10;CTSZ;HPR;PGK1;C1R;THBS1;KLKB1;ENO1;CTSH,GO:BP,Cancer_vs_Healthy
GOBP_EPITHELIAL_CELL_DEVELOPMENT,7.996280172297577e-5,0.0015352857930811348,0.5384340963099162,0.5791607035965641,2.0172829358033777,34,RAB1A;ADD1;YAP1;FLNA;VIM;MSN;RAP1B;CLIC4;TMOD1;IQGAP1;GPX1;LAMB2;RAB1B;VCL;COL18A1;FASN;EZR;PECAM1;RAP2B,GO:BP,Cancer_vs_Healthy
GOBP_REGULATION_OF_PROTEIN_CONTAINING_COMPLEX_ASSEMBLY,8.391211815889721e-5,0.0015880600762160858,0.5384340963099162,0.4207033612945847,1.8107300226297365,112,SNCA;CLU;APOE;ADD1;FSCN1;ARPC5;CTTN;SPTBN1;CAND1;SPTB;SPTAN1;GSN;MSN;LCP1;TUBB4A;RAP1B;LGALS3;CYFIP1;MTPN;TMOD1;RHOA;CD36;CFL1;NCLN;PTPN11;ARPC3;HMGB1;DUT;CAPG;VCP;TMOD3;MAPRE1;CDC42;CAPZA1;RHOC;NAPA;FERMT2;ARPC2;DMTN;ESAM;MAP1B;STMN1;PFN1;SNX9,GO:BP,Cancer_vs_Healthy
GOBP_TRNA_METABOLIC_PROCESS,8.45494947985416e-5,0.0015880600762160858,0.5384340963099162,-0.4753524048134914,-2.0902421711567523,46,FARSB;EPRS1;RARS1;DARS1;KARS1;LRRC47;GARS1;LARS1;HARS1;VARS1;NARS1;IARS2;IARS1;FARSA;HSD17B10;FAM98B;QARS1;SARS2;TPRKB,GO:BP,Cancer_vs_Healthy
GOBP_REGULATION_OF_CELL_JUNCTION_ASSEMBLY,8.62930822038407e-5,0.0016033811403036208,0.5384340963099162,0.549768983896971,1.9868105882449882,41,SNCA;AGT;THY1;TLN1;APOD;RAP1B;CAV1;S100A10;MYO1C;CORO1C;RHOA;RHOG;CFL1;LIMS1;FLOT1;VCL;THBS1;FERMT2;DMTN;MAP1B;NRP1;GNA13,GO:BP,Cancer_vs_Healthy
GOBP_REGULATION_OF_SUPRAMOLECULAR_FIBER_ORGANIZATION,8.731421741785261e-5,0.001605095401043078,0.5384340963099162,0.43206988894643594,1.84698555832306,107,SNCA;CLU;APOE;SERPINF2;ADD1;ARPC5;CTTN;SPTBN1;SPTB;FLNA;SPTAN1;GSN;TUBB4A;DSTN;S100A10;ARFIP1;COL6A1;CYFIP1;MTPN;ARF1;TMOD1;RHOA;CFL1;ARPC3;GPX1;CORO1B;CAPG;TNXB;TMOD3;MAPRE1;CDC42;CAPZA1;RHOC;FERMT2;AEBP1;ARPC2;DMTN;ESAM;MAP1B;STMN1;NRP1;RNH1;PFN1;SNX9,GO:BP,Cancer_vs_Healthy
GOBP_MEMBRANE_RAFT_ASSEMBLY,9.327684385661466e-5,0.0016945774570673111,0.5384340963099162,0.79272253902994,2.012074784560554,10,ANXA2;ILK;CAV1;S100A10;PACSIN2;CAV2;COL6A1;IQGAP1;FLOT1,GO:BP,Cancer_vs_Healthy
GOBP_REGULATION_OF_T_CELL_ACTIVATION,9.500642955503568e-5,0.0016945774570673111,0.5384340963099162,0.5436851322249822,1.9752125328773555,42,PNP;SOD1;THY1;ANXA1;LGALS1;FLOT2;CD81;B2M;PRDX2;CAV1;LGALS3;RHOA;ACTB;PTPN11;HLA-DRA;HMGB1;AP3B1;GPNMB,GO:BP,Cancer_vs_Healthy
GOBP_RENAL_FILTRATION,9.512385030991272e-5,0.0016945774570673111,0.5384340963099162,0.7912125713585438,2.008242210453558,10,IGKV3-20;TTR;IGHA1;IGHA2;MCAM;JCHAIN;CD34;AQP1,GO:BP,Cancer_vs_Healthy
GOBP_BRANCHED_CHAIN_AMINO_ACID_METABOLIC_PROCESS,9.908632513303805e-5,0.0017388296327510203,0.5384340963099162,-0.6251683569556522,-2.218540204019807,21,DBT;ACAD8;DLD;ACADSB;MCCC2;BCAT2;MCCC1;ACAT1;HSD17B10;AUH;IVD;PCCB;BCKDK;PCCA,GO:BP,Cancer_vs_Healthy
GOBP_REGULATION_OF_RESPONSE_TO_WOUNDING,9.962044770969387e-5,0.0017388296327510203,0.5384340963099162,0.5848780464271416,2.0222092662567674,33,SERPING1;APOE;SERPINF2;ANXA1;PRDX2;ANXA2;CD9;CAV1;CD36;ITGB1;HMGB1;CRK;THBS1;FERMT2;DMTN;PROS1;KLKB1,GO:BP,Cancer_vs_Healthy
GOBP_TAXIS,1.0082231532272606e-4,0.0017422096087767066,0.5384340963099162,0.49868049446059454,1.9399836869689449,59,S100A9;S100A4;CTTN;ANXA1;S100A8;TYMP;PPIA;MPP1;PPIB;PARVA;DDT;LGALS3;RHOA;TUBB2B;ITGA1;RHOG;PPBP;HMGB1;CORO1B;CALR;GPNMB;THBS4;CRK;THBS1;CTSG;NRP1;USP14;ADAM10;LGMN;MAPK3;MIF,GO:BP,Cancer_vs_Healthy
GOBP_RESPONSE_TO_TOXIC_SUBSTANCE,1.1283189771552491e-4,0.0019304308836873966,0.5384340963099162,0.463650440455244,1.883249811409521,77,CAT;CP;APOE;S100A9;HBA1;HP;SOD1;GPX3;SOD3;HBB;ALB;ALAD;PRDX2;HBG2;APOM;CCS;COL6A1;TXN;CD36;MPST;GPX1;CNP;MGST1;CYGB;CLIC2;PRXL2A;ALDH1A1;MAP1B;SOD2;RDH11;PRDX6;TXNDC17;GSTO1;ADH5;MTARC2;EPHX1;PRDX1,GO:BP,Cancer_vs_Healthy
GOBP_PHOSPHATIDYLINOSITOL_3_KINASE_PROTEIN_KINASE_B_SIGNAL_TRANSDUCTION,1.1499420866056493e-4,0.0019481371820142764,0.5384340963099162,0.5315327751692166,1.9401943656314466,43,CAT;AGT;FN1;COL6A2;ILK;AKR1C3;DCN;AKR1C2;COL6A1;TXN;RRAS;ITGB1;PTPN11;GPX1;LEMD2;RCN3;CAVIN3;COL6A3;THBS1;CDC42;FERMT2;PROS1,GO:BP,Cancer_vs_Healthy
GOBP_PHAGOCYTOSIS,1.2104908144273413e-4,0.0020308040071169375,0.5384340963099162,0.5526723761914406,1.977917569204587,39,C3;SOD1;ANXA1;C4A;GSN;ATG3;MYH9;CORO1C;CD36;ITGB1;CNN2;HMGB1;RAB7A;CALR;RAB14;THBS1;CDC42;TGM2;C2;PECAM1,GO:BP,Cancer_vs_Healthy
GOBP_FOCAL_ADHESION_ASSEMBLY,1.3736180464074576e-4,0.0022823192155693142,0.5188480777437918,0.6133515142292433,2.0007844116261224,26,THY1;CTTN;TLN1;APOD;S100A10;CORO1C;RHOA;CFL1;SORBS1;LIMS1;VCL;THBS1;FERMT2;DMTN;NRP1;ACTN1;POLDIP2;ACTN3,GO:BP,Cancer_vs_Healthy
GOBP_NEGATIVE_REGULATION_OF_COAGULATION,1.3933665581846515e-4,0.002293083250041026,0.5188480777437918,0.7412367604940735,2.032986025490411,13,SERPING1;APOE;SERPINF2;ANXA2;CD9;ANXA5;THBS1;PROS1;KLKB1,GO:BP,Cancer_vs_Healthy
GOBP_RENAL_SYSTEM_DEVELOPMENT,1.4125868153613906e-4,0.0023027830348532857,0.5188480777437918,0.5724294811366681,2.0047918795029243,35,CAT;AGT;RBP4;SERPINF1;YAP1;FBN1;ILK;CD34;RHOA;IQGAP1;MPST;NID1;LAMB2;AP1B1;AQP1;AP2B1;NRP1;CTSH;PECAM1;COL4A1;MME,GO:BP,Cancer_vs_Healthy
GOBP_ORGANIC_HYDROXY_COMPOUND_TRANSPORT,1.5573191734673977e-4,0.002514997693225853,0.5188480777437918,0.5430755325247394,1.9939900247704307,44,SNCA;CLU;APOC2;AGT;APOE;RBP4;AKR1C1;ANXA2;APOM;CAV1;NPC2;SNCG;CD36;ACTB;PTPN11;APOC1;AQP1;ABCA8;TGM2;ACACB,GO:BP,Cancer_vs_Healthy
GOBP_FATTY_ACID_BETA_OXIDATION,1.5779587973650477e-4,0.0025247340757840763,0.5188480777437918,-0.49203555152624673,-2.0534408530947883,37,HADHA;HADHB;ECI2;CPT2;ACADVL;ETFDH;CRAT;CPT1B;HSD17B4;CPT1A;ACAT1;ECH1;HSD17B10;AUH;ACAA1;ECI1;GCDH;IVD;PLIN5;ACADM,GO:BP,Cancer_vs_Healthy
GOBP_LYMPHOCYTE_DIFFERENTIATION,1.781020620542866e-4,0.0028234895709156626,0.5188480777437918,0.5763745701657478,1.978596728849912,32,PNP;IGHM;SOD1;FBXO7;ANXA1;LGALS1;B2M;PRDX2;RHOA;ACTB;ITGB1;HLA-DRA;HMGB1;AP3B1,GO:BP,Cancer_vs_Healthy
GOBP_FATTY_ACID_CATABOLIC_PROCESS,1.8654946735050228e-4,0.0029069861313728096,0.5188480777437918,-0.456035840641007,-1.9723352782115644,43,HADHA;HADHB;ECI2;CPT2;ACADVL;ETFDH;CRAT;CPT1B;HSD17B4;CPT1A;ACAT1;ECH1;HSD17B10;AUH;ACAA1;ECI1;GCDH;IVD;PLIN5;ACADM;PCCB;MCEE;ETFB;PCCA;ACADS,GO:BP,Cancer_vs_Healthy
GOBP_INNER_MITOCHONDRIAL_MEMBRANE_ORGANIZATION,1.8673348413332283e-4,0.0029069861313728096,0.5188480777437918,-0.534792124906237,-2.0765320808285526,29,SLC25A46;TMEM11;MTX1;OPA1;SAMM50;APOO;AFG3L2;MICOS13;TIMM8A;APOOL;IMMT;CHCHD3;MICU1;HSPA9;NDUFA13;TIMM13;ROMO1;LETM1,GO:BP,Cancer_vs_Healthy
GOBP_REGULATION_OF_TUBE_SIZE,1.9075613831958792e-4,0.0029430947055022138,0.5188480777437918,0.6170604894088099,1.998299873132682,25,AGT;APOE;SERPINF2;SOD1;HBB;GCLC;CAV1;RHOA;GCLM;ITGA1;COMP;ITGB1;PTPN11;GPX1,GO:BP,Cancer_vs_Healthy
GOBP_MEMBRANE_RAFT_ORGANIZATION,1.9693938952955077e-4,0.0030116041159917147,0.5188480777437918,0.7347300417715918,2.0151400834923576,13,GSN;ANXA2;ILK;CAV1;S100A10;PACSIN2;CAV2;COL6A1;IQGAP1;FLOT1,GO:BP,Cancer_vs_Healthy
GOBP_REGULATION_OF_RECEPTOR_MEDIATED_ENDOCYTOSIS,2.0334155596292338e-4,0.0030822299009116805,0.5188480777437918,0.6037768956770457,1.9695515099342171,26,CLU;APOC2;C3;TF;B2M;ANXA2;AP2A1;ARRB1;ARF1;PICALM;SDCBP;APOC1;FLOT1,GO:BP,Cancer_vs_Healthy
GOBP_REGULATION_OF_CELL_MATRIX_ADHESION,2.07772804323199e-4,0.0031220122249607644,0.5188480777437918,0.5913303153535492,1.9661826968635197,28,THY1;TLN1;APOD;S100A10;CORO1C;RHOA;RRAS;CD36;CFL1;LIMS1;VCL;THBS1;FERMT2;DMTN;NRP1,GO:BP,Cancer_vs_Healthy
GOBP_REGULATION_OF_LEUKOCYTE_DIFFERENTIATION,2.159990407200016e-4,0.0032176408824496788,0.5188480777437918,0.6002153477886085,2.0134896695164177,29,PNP;SOD1;FBXO7;ANXA1;LGALS1;PRDX2;HLA-B;FBN1;C1QC;LGALS3;RHOA;ACTB;HLA-DRA;HMGB1;AP3B1;PRXL2A,GO:BP,Cancer_vs_Healthy
GOBP_ANTIGEN_RECEPTOR_MEDIATED_SIGNALING_PATHWAY,2.3226010292323057e-4,0.0034303030585584823,0.5188480777437918,0.5719869395961884,1.9776384094001886,33,IGKC;IGHM;IGHG2;IGHG1;IGHA1;THY1;IGHA2;IGHG3;CD81;LGALS3,GO:BP,Cancer_vs_Healthy
GOBP_ACTIN_NUCLEATION,2.4263481609036527e-4,0.003553160696645349,0.5188480777437918,0.6660153728656597,1.985568969606417,18,ARPC5;ARPC1B;GSN;ACTR2;ACTR3;ARFIP1;CYFIP1;ARF1;ARPC3;CORO1B;ARPC2;RNH1;LMOD3;ARPC4;GMFB;GMFG,GO:BP,Cancer_vs_Healthy
GOBP_STEROL_HOMEOSTASIS,2.471151261683749e-4,0.0035883608236886707,0.49849310876659025,0.6732018861682796,1.9781494281575653,17,APOC2;APOE;AKR1C1;EHD1;APOM;CAV1;NPC2;FABP4,GO:BP,Cancer_vs_Healthy
GOBP_CELL_CHEMOTAXIS,2.5594247692532383e-4,0.0036855716677246632,0.49849310876659025,0.5177854179863622,1.8900139323740512,43,S100A9;ANXA1;S100A8;PPIA;MPP1;PPIB;PARVA;DDT;LGALS3;ITGA1;RHOG;PPBP;HMGB1;CORO1B;CALR;THBS4;CRK;THBS1;CTSG;NRP1;ADAM10;LGMN;MAPK3;MIF,GO:BP,Cancer_vs_Healthy
GOBP_ERK1_AND_ERK2_CASCADE,2.628399678002322e-4,0.0037536154079239777,0.49849310876659025,0.5183981990843236,1.917611684119088,46,FBLN1;APOE;SERPINF2;FN1;AKAP12;GNAI2;RAP1B;GLIPR2;DDT;ARRB1;RRAS;CD36;PTPN11;HMGB1;YWHAZ;GPNMB;CAVIN3;CD44;FERMT2;NRP1;CTSH;EZR,GO:BP,Cancer_vs_Healthy
GOBP_FIBROBLAST_PROLIFERATION,2.746282077272898e-4,0.003858191406119974,0.49849310876659025,0.662127582496504,2.001371940231267,19,FBLN1;AGT;FN1;S100A6;CAV1;GPX1;GNG2;AQP1;SOD2;EMD;FAM114A1;PRDX1;DAZAP1;MIF,GO:BP,Cancer_vs_Healthy
GOBP_REGULATION_OF_LYMPHOCYTE_DIFFERENTIATION,2.746282077272898e-4,0.003858191406119974,0.49849310876659025,0.6617805704034707,2.00032304831938,19,PNP;SOD1;FBXO7;ANXA1;LGALS1;PRDX2;RHOA;ACTB;HLA-DRA;HMGB1;AP3B1,GO:BP,Cancer_vs_Healthy
GOBP_ACTIN_FILAMENT_DEPOLYMERIZATION,2.958472163320868e-4,0.0041227741114665,0.49849310876659025,0.6217133237249888,1.9928550535933662,24,ADD1;SPTBN1;SPTB;SPTAN1;GSN;DSTN;MTPN;TMOD1;CFL1;CAPG;TMOD3;CAPZA1;DMTN,GO:BP,Cancer_vs_Healthy
GOBP_LIPID_MODIFICATION,3.1044740224380884e-4,0.004291624888618413,0.49849310876659025,-0.43893974831434085,-1.9475996484936218,48,LPCAT3;HADHA;MTM1;HADHB;ECI2;CPT2;ACADVL;ETFDH;CRAT;CPT1B;HSD17B4;MAPK14;CPT1A;ACAT1;ECH1;HSD17B10;AUH;ACAA1;ECI1;GCDH;IVD;PRKAA1;PLIN5,GO:BP,Cancer_vs_Healthy
GOBP_CELL_CELL_JUNCTION_ASSEMBLY,3.168185194281085e-4,0.004344939695014059,0.49849310876659025,0.6035953456299314,1.9546941074632167,25,AGT;FSCN1;TLN1;CD9;CAV1;MYO1C;CTNNA1;RHOA;ACTB;VCL;RHOC;ESAM;TLN2;PECAM1,GO:BP,Cancer_vs_Healthy
GOBP_FORMATION_OF_CYTOPLASMIC_TRANSLATION_INITIATION_COMPLEX,3.437466280404083e-4,0.004615140160183886,0.49849310876659025,-0.7219324403088025,-2.1987188765336123,13,EIF3B;EIF3C;EIF3J;EIF3A;EIF3D;EIF3L;EIF3E;EIF3K;EIF5,GO:BP,Cancer_vs_Healthy
GOBP_HYDROGEN_PEROXIDE_CATABOLIC_PROCESS,3.445330327915054e-4,0.004615140160183886,0.49849310876659025,0.6882761905733111,1.958297256096605,15,SNCA;CAT;HBA1;HP;GPX3;HBB;PRDX2;HBG2,GO:BP,Cancer_vs_Healthy
GOBP_REGULATION_OF_INFLAMMATORY_RESPONSE,3.396035631809862e-4,0.004615140160183886,0.49849310876659025,0.5104826857781634,1.9138280097883709,49,SNCA;C3;AGT;APOE;S100A9;SOD1;ANXA1;S100A8;LGALS1;CD81;MGLL;FABP4;DDT;GNAS,GO:BP,Cancer_vs_Healthy
GOBP_ACTIN_POLYMERIZATION_OR_DEPOLYMERIZATION,3.5383652286665894e-4,0.004632041753890808,0.49849310876659025,0.5061704389335367,1.8829402199777892,47,ADD1;ARPC5;CTTN;SPTBN1;SPTB;SPTAN1;GSN;DSTN;CYFIP1;MTPN;TMOD1;CFL1;ARPC3;CORO7;CAPG;TMOD3;CAPZA1;ARPC2;DMTN;ESAM;PFN1;SNX9;VASP;LMOD3;ARPC4;SVIL,GO:BP,Cancer_vs_Healthy
GOBP_REGULATION_OF_LEUKOCYTE_MIGRATION,3.5346105905142327e-4,0.004632041753890808,0.49849310876659025,0.5382181256097347,1.8948135338472765,36,THY1;ANXA1;CD81;MSN;APOD;CD9;MPP1;DDT;LGALS3;RHOA;CNN2;HMGB1;CALR;THBS4;CRK;THBS1;P4HB;ADAM10;LGMN;MAPK3;MIF;LYVE1;ECM1,GO:BP,Cancer_vs_Healthy
GOBP_REGULATION_OF_PROTEIN_MATURATION,3.515350619063937e-4,0.004632041753890808,0.49849310876659025,0.7228867914118638,2.0195662901009372,14,SERPINF2;CLEC3B;GSN;ANXA2;S100A10;MYH9;CTSZ;THBS1;KLKB1;ENO1,GO:BP,Cancer_vs_Healthy
GOBP_NEGATIVE_REGULATION_OF_LOCOMOTION,3.6188900912273637e-4,0.004701836148602169,0.49849310876659025,0.48539653674362626,1.8754351578920836,57,FBLN1;APOE;SERPINF1;THY1;APOD;DCN;ATP2B4;DDT;IFITM1;CTNNA1;CLIC4;CORO1C;RHOA;RRAS;CFL1;CNN2;HMGB1;ARHGDIB;CORO1B;CYGB;CALR;CRK;VCL;THBS1,GO:BP,Cancer_vs_Healthy
GOBP_MODULATION_OF_PROCESS_OF_ANOTHER_ORGANISM,3.850090165868309e-4,0.0049575144174342,0.49849310876659025,0.6226432569416647,1.9318417084874637,21,FBLN1;APOE;STOM;GSN;PPIB;CAV2;IFITM1;CFL1;EEF1A1;CDC42;FASN;LTF;SNX3;PC;TRIM25;PAIP1,GO:BP,Cancer_vs_Healthy
GOBP_TRANSLATIONAL_INITIATION,3.873058138620468e-4,0.0049575144174342,0.49849310876659025,-0.40875740792635995,-1.8964229049010657,58,EIF3B;EIF3C;EIF3J;RPS3;EIF4G1;EIF2S1;EIF3A;COPS5;BZW2;EIF2B3;CSDE1;EIF3D;EIF3L;METAP2;ABCF1;EIF3E;EIF2A;EIF2S2;EIF3K;MCTS1;DENR;EIF5;RPS3A;EIF1;NCK1;EIF2S3;EIF3M;RPS5;ABCE1;BZW1;DDX1;EIF5B;EIF1AX;EIF4G2;EIF4E3;EIF2B1;EIF4H;EIF4A2;MTIF2;AKT2,GO:BP,Cancer_vs_Healthy
GOBP_AMINO_ACID_CATABOLIC_PROCESS,3.982044603457244e-4,0.005059539025569204,0.49849310876659025,-0.44076909117781327,-1.9163987820960489,44,DBT;ACAD8;ALDH5A1;DLD;DLST;ALDH4A1;GLS;ACADSB;MCCC2;BCAT2;MCCC1;ACAT1;HSD17B10;AUH;IVD;RIDA;GOT2;GCSH;GOT1;BCKDK;GPT;ETFB,GO:BP,Cancer_vs_Healthy
GOBP_RESPONSE_TO_IRON_ION,4.4395208220546326e-4,0.005599629182854311,0.49849310876659025,0.7565952151667348,1.9203770292932945,10,SNCA;TF;ALAD;B2M;CYBRD1;ACO1;G6PD,GO:BP,Cancer_vs_Healthy
GOBP_MITOCHONDRIAL_TRANSPORT,4.507307446058538e-4,0.005630475091209491,0.49849310876659025,-0.3767907177688195,-1.8453236611848522,74,SLC25A46;SLC25A3;MPC2;CPT2;NOL3;AIFM1;PMPCB;SLC25A6;MTX1;TIMM50;CPT1B;SLC25A20;SAMM50;MCU;CPT1A;AFG3L2;VDAC1;SLC25A13;PNPT1;TIMM44;TIMM8A;STAT3;PPIF;SFXN4;MICU1;TST;SLC25A4;VDAC2;HSPA9;NDUFA13;TIMM13;SLC25A5,GO:BP,Cancer_vs_Healthy
GOBP_RESPONSE_TO_FIBROBLAST_GROWTH_FACTOR,4.5291437365631895e-4,0.005630475091209491,0.49849310876659025,0.7150834806028363,1.9977657763160432,14,SNCA;GCLC;GCLM;IQGAP1;ITGB1;PTPN11;RAB14;THBS1;CD44,GO:BP,Cancer_vs_Healthy
GOBP_BLOOD_VESSEL_ENDOTHELIAL_CELL_MIGRATION,4.5996472709398657e-4,0.0056772789172743485,0.49849310876659025,0.6177012931446291,1.9165085435033242,21,APOE;ANXA1;ATP2B4;PACSIN2;MYH9;EHD4;RHOA;ITGB1;HMGB1;GPX1;THBS1;NRP1,GO:BP,Cancer_vs_Healthy
GOBP_NEGATIVE_REGULATION_OF_ENDOCYTOSIS,4.8339071361671557e-4,0.0059241074690048546,0.49849310876659025,0.62137677874787145,1.953403705353665,22,APOC2;B2M;ANXA2;ATG3;CAV1;PACSIN2;LGALS3;PICALM;SDCBP;CNN2;HMGB1;APOC1,GO:BP,Cancer_vs_Healthy
GOBP_ENDOTHELIAL_CELL_DEVELOPMENT,5.046275494470529e-4,0.006055530593364634,0.47727081536286214,0.6775036891003527,1.9566973287033926,16,RAB1A;ADD1;MSN;RAP1B;CLIC4;GPX1;RAB1B;VCL;COL18A1;FASN;EZR;PECAM1;RAP2B,GO:BP,Cancer_vs_Healthy
GOBP_REACTIVE_OXYGEN_SPECIES_METABOLIC_PROCESS,5.042383912688042e-4,0.006055530593364634,0.47727081536286214,0.4516388922601879,1.7978156872745439,68,SNCA;CAT;AGT;HBA1;HP;SOD1;GPX3;SOD3;HBB;AKR1C1;PRDX2;HBG2;GNAI2;CCS;AKR1C3;COL6A1;TXN;ELAVL1;RHOA;CD36;GPX1;G6PD;CBR1;CYGB;EIF6;THBS1,GO:BP,Cancer_vs_Healthy
GOBP_TISSUE_HOMEOSTASIS,4.998551038172246e-4,0.006055530593364634,0.47727081536286214,0.5545477771854006,1.9036690283100008,32,SERPINA3;SLC2A1;RBP4;SOD1;YAP1;CD34;COMP;ACTB;ITGB1;PTPN11;LAMC1;RAB7A;TPP1;VCL;KRAS;ALDH1A1;ESAM,GO:BP,Cancer_vs_Healthy
GOBP_MODIFICATION_OF_POSTSYNAPTIC_STRUCTURE,5.185642477090766e-4,0.006179855310629547,0.47727081536286214,0.7533084753937183,1.912034682639708,10,CTTN;SPTB;CAP1;RAP1B;CYFIP1;RHOA;CFL1,GO:BP,Cancer_vs_Healthy
GOBP_REGULATION_OF_HEMOPOIESIS,5.273160513244816e-4,0.006241110525265096,0.47727081536286214,0.5163799293912457,1.8760125076178156,42,PNP;SOD1;FBXO7;ANXA1;LGALS1;B2M;PRDX2;HLA-B;FBN1;PITHD1;C1QC;LGALS3;RHOA;ACTB;HLA-DRA;HMGB1;AP3B1;EIF6;PRXL2A,GO:BP,Cancer_vs_Healthy
GOBP_ACTIN_FILAMENT_POLYMERIZATION,5.460371165143141e-4,0.006418722022698877,0.47727081536286214,0.5155692529286962,1.8730673133978017,42,ADD1;ARPC5;CTTN;SPTBN1;SPTB;SPTAN1;GSN;CYFIP1;MTPN;TMOD1;CFL1;ARPC3;CORO7;CAPG;TMOD3;CAPZA1;ARPC2;DMTN;ESAM;PFN1;SNX9;VASP;LMOD3;ARPC4;SVIL,GO:BP,Cancer_vs_Healthy
GOBP_NEGATIVE_REGULATION_OF_ACTIN_FILAMENT_DEPOLYMERIZATION,5.519687213421837e-4,0.0064446077735087395,0.47727081536286214,0.6455351829358075,1.95121912409774,19,ADD1;SPTBN1;SPTB;SPTAN1;GSN;MTPN;TMOD1;CFL1;CAPG;TMOD3;CAPZA1;DMTN,GO:BP,Cancer_vs_Healthy
GOBP_NEGATIVE_REGULATION_OF_CYTOSKELETON_ORGANIZATION,5.626007885034876e-4,0.006524658808953198,0.47727081536286214,0.5160128772929983,1.8570850094495488,40,SNCA;ADD1;SPTBN1;SPTB;SPTAN1;GSN;TUBB4A;MTPN;TMOD1;CFL1;CORO1B;CAPG;TMOD3;MAPRE1;CAPZA1;DMTN;MAP1B;STMN1;PFN1;LMOD3;GMFB;SVIL,GO:BP,Cancer_vs_Healthy
GOBP_NEGATIVE_REGULATION_OF_ACTIN_FILAMENT_POLYMERIZATION,5.780392270943422e-4,0.0066590118961268215,0.47727081536286214,0.6165378417404128,1.9381916829485308,22,ADD1;SPTBN1;SPTB;SPTAN1;GSN;MTPN;TMOD1;CFL1;CAPG;TMOD3;CAPZA1;DMTN;PFN1;LMOD3;SVIL,GO:BP,Cancer_vs_Healthy
GOBP_REGULATION_OF_CELL_SHAPE,5.938927950859471e-4,0.006796336092109382,0.47727081536286214,0.5797549306379524,1.9070707289612048,27,FN1;ANXA1;MSN;MYL12B;PARVA;CYFIP1;MYH9;SEPTIN7;RHOG;CFL1;MYH10;CRK;FERMT2;DMTN;GNA13;EZR;ITGA7,GO:BP,Cancer_vs_Healthy
GOBP_SENSORY_SYSTEM_DEVELOPMENT,6.018337679306986e-4,0.006841899677527942,0.47727081536286214,0.529271624593369,1.8633171007102771,36,C3;RBP4;SERPINF1;THY1;EFEMP1;VIM;FBN1;GNB1;ATP2B4;CLIC4;TMOD1;HMGB1;LAMB2;RCN1;MYH10;AQP1;RPL24,GO:BP,Cancer_vs_Healthy
GOBP_PLASMINOGEN_ACTIVATION,6.100669362152742e-4,0.006890167750196038,0.47727081536286214,0.7440822195682393,1.9441989609888986,11,SERPINF2;CLEC3B;ANXA2;S100A10;CTSZ;PGK1;THBS1;KLKB1;ENO1,GO:BP,Cancer_vs_Healthy
GOBP_HOMOTYPIC_CELL_CELL_ADHESION,6.39369877038808e-4,0.007169881373999674,0.47727081536286214,0.5659877661636139,1.9127899846503988,30,CLIC1;CSRP1;HBB;TLN1;FLNA;CD9;ILK;PPIA;PDIA3;MYH9;GNAS;COMP;ACTB;MYL9;VCL;CTSG,GO:BP,Cancer_vs_Healthy
GOBP_MITOCHONDRIAL_RNA_METABOLIC_PROCESS,6.514301942812204e-4,0.007169881373999674,0.47727081536286214,-0.6091857014827826,-2.0191569157381033,17,GARS1;LRPPRC;SUPV3L1;C1QBP;TFAM;HSD17B10;PNPT1;MRPL12;PRKAA1;SARS2,GO:BP,Cancer_vs_Healthy
GOBP_POSITIVE_REGULATION_OF_PHOSPHATIDYLINOSITOL_3_KINASE_PROTEIN_KINASE_B_SIGNAL_TRANSDUCTION,6.483663816225244e-4,0.007169881373999674,0.47727081536286214,0.5995793495770488,1.921906272935838,24,CAT;AGT;FN1;AKR1C3;DCN;AKR1C2;TXN;ITGB1;PTPN11;GPX1;THBS1;CDC42;FERMT2;PROS1;PECAM1,GO:BP,Cancer_vs_Healthy
GOBP_REGULATION_OF_MONONUCLEAR_CELL_MIGRATION,6.469776550041884e-4,0.007169881373999674,0.47727081536286214,0.5775024181601363,1.8996612178280505,27,CD81;MSN;APOD;CD9;DDT;LGALS3;RHOA;CNN2;HMGB1;CALR;CRK;THBS1;P4HB;ADAM10;LGMN;MAPK3;MIF;ECM1,GO:BP,Cancer_vs_Healthy
GOBP_POSITIVE_REGULATION_OF_RESPONSE_TO_WOUNDING,6.746000541023778e-4,0.007377904389170308,0.47727081536286214,0.7229930681654277,1.943790911869178,12,SERPINF2;ANXA1;PRDX2;CD36;ITGB1;HMGB1;THBS1;FERMT2;DMTN,GO:BP,Cancer_vs_Healthy
GOBP_PLASMA_LIPOPROTEIN_PARTICLE_CLEARANCE,6.964787650421887e-4,0.007569278654043409,0.47727081536286214,0.7220114462069844,1.9411517885833145,12,APOC2;APOE;ANXA2;EHD1;APOM;HNRNPK;CD36;APOC1;CNPY2,GO:BP,Cancer_vs_Healthy
GOBP_NEGATIVE_REGULATION_OF_TRANSPORT,7.101934871121977e-4,0.007670089660811736,0.47727081536286214,0.4117932482956005,1.7296710366250916,95,SNCA;APOC2;AGT;APOE;ARHGAP1;ANXA1;PEA15;B2M;ANXA2;APOD;ATG3;GNAI2;RAP1B;CAV1;PACSIN2;ARFIP1;LGALS3;TXN;PICALM;PSMD9;CD36;SDCBP;YWHAQ;UFM1;PTPN11;CNN2;HMGB1;CALM1;APOC1;YWHAB;FABP5;RAB7A;GNAI1;THBS1,GO:BP,Cancer_vs_Healthy
GOBP_MITOCHONDRIAL_TRANSMEMBRANE_TRANSPORT,7.310312551604836e-4,0.007846099434269041,0.47727081536286214,-0.4363929031219803,-1.9067340405423037,45,SLC25A3;MPC2;CPT2;AIFM1;PMPCB;SLC25A6;TIMM50;CPT1B;SLC25A20;SAMM50;MCU;CPT1A;AFG3L2;VDAC1;PNPT1;TIMM44;SFXN4;MICU1;TST;SLC25A4;VDAC2;HSPA9;SLC25A5;ROMO1;LETM1;SFXN1;TOMM22;SLC41A3,GO:BP,Cancer_vs_Healthy
GOBP_TISSUE_REMODELING,7.686096149532552e-4,0.008198502559501388,0.47727081536286214,0.6394467136984763,1.9063607300436805,18,AGT;CAV1;COL6A1;CST3;BGN;CSPG4;RAB7A;TPP1;GPNMB;THBS4,GO:BP,Cancer_vs_Healthy
GOBP_ENDOTHELIUM_DEVELOPMENT,7.813243595060632e-4,0.008232490812356568,0.47727081536286214,0.6090329460560152,1.9145987655116476,22,RAB1A;ADD1;MSN;RAP1B;CD34;CLIC4;RHOA;GPX1;RAB1B;VCL;NRP1;COL18A1;FASN;EZR;PECAM1;RAP2B,GO:BP,Cancer_vs_Healthy
GOBP_MEMBRANE_INVAGINATION,7.80959923619805e-4,0.008232490812356568,0.47727081536286214,0.6955699231410609,1.9077358394295696,13,C3;GSN;MYH9;ARF1;RHOA;CD36;THBS1;CDC42;SNX9;SNX3;HGS,GO:BP,Cancer_vs_Healthy
GOBP_PROTEIN_PROCESSING,7.957976001435078e-4,0.008334171230593827,0.47727081536286214,0.49621183097150345,1.8112662917241151,43,SERPINF2;HP;CLEC3B;GSN;ANXA2;S100A10;MYH9;CTSZ;COMP;HPR;PGK1;C1R;THBS1;DDI2;AEBP1;CTSG;KLKB1;ENO1;SPCS1;CTSH;P4HB;ADAM10;MME;LGMN,GO:BP,Cancer_vs_Healthy
GOBP_REGULATION_OF_IMMUNE_EFFECTOR_PROCESS,8.214255409506502e-4,0.008550742980498335,0.47727081536286214,0.46985218510975146,1.7886082535096859,53,CFH;SERPING1;C3;A2M;RBP4;S100A9;AZGP1;ANXA1;LGALS1;CD81;B2M;HLA-B;LGALS3;CD36;HLA-DRA;HMGB1;LAMP1;USP5;CRK;STX7,GO:BP,Cancer_vs_Healthy
GOBP_POSITIVE_REGULATION_OF_LEUKOCYTE_CELL_CELL_ADHESION,8.393504894694071e-4,0.008685015843132547,0.47727081536286214,0.5332667889877039,1.867634291036632,35,PNP;THY1;ANXA1;LGALS1;FLOT2;CD81;B2M;CAV1;RHOA;ACTB;PTPN11;HLA-DRA;HMGB1;AP3B1,GO:BP,Cancer_vs_Healthy
GOBP_REGULATION_OF_ALPHA_BETA_T_CELL_DIFFERENTIATION,8.546012505971722e-4,0.008790184291856629,0.47727081536286214,0.7332497204689457,1.9158949201989164,11,PNP;ANXA1;LGALS1;RHOA;HLA-DRA;HMGB1;AP3B1,GO:BP,Cancer_vs_Healthy
GOBP_MESENCHYME_DEVELOPMENT,9.067174040860373e-4,0.009109397047603504,0.47727081536286214,0.5584833587757431,1.8874283847176783,30,AGT;S100A4;FN1;LRG1;YAP1;GLIPR2;CORO1C;SDCBP;CFL1;NCLN;LIMS1;TNXB;CDC42;FERMT2;NRP1;RPS7;ACTC1;MAPK3;STAT1;PDCD6;PPP3R1,GO:BP,Cancer_vs_Healthy
GOBP_POSITIVE_REGULATION_OF_CELL_CELL_ADHESION,9.067223913123859e-4,0.009109397047603504,0.47727081536286214,0.5133003235355583,1.837011893367547,39,PNP;SERPINF2;THY1;ANXA1;LGALS1;FLOT2;CD81;B2M;CAV1;RHOA;ACTB;PTPN11;HLA-DRA;HMGB1;AP3B1;FLOT1;CD44;CTSG,GO:BP,Cancer_vs_Healthy
GOBP_POSITIVE_REGULATION_OF_EXTRINSIC_APOPTOTIC_SIGNALING_PATHWAY,8.991880460788523e-4,0.009109397047603504,0.47727081536286214,0.7295808678705445,1.9063086416637678,11,AGT;PEA15;CAV1;PDIA3;CTNNA1;THBS1,GO:BP,Cancer_vs_Healthy
GOBP_REGULATION_OF_ADAPTIVE_IMMUNE_RESPONSE,9.045896191273656e-4,0.009109397047603504,0.47727081536286214,0.5761800066131912,1.8659117766879492,25,C3;AZGP1;ANXA1;LGALS1;CD81;B2M;HLA-B;HLA-DRA;HMGB1;USP5;STX7,GO:BP,Cancer_vs_Healthy
GOBP_ENDOTHELIAL_CELL_DIFFERENTIATION,9.237378442998186e-4,0.009226699392775067,0.47727081536286214,0.6366549124223454,1.8980376278916358,18,RAB1A;ADD1;MSN;RAP1B;CLIC4;GPX1;RAB1B;VCL;NRP1;COL18A1;FASN;EZR;PECAM1;RAP2B,GO:BP,Cancer_vs_Healthy
GOBP_ARP2_3_COMPLEX_MEDIATED_ACTIN_NUCLEATION,9.566944651724926e-4,0.00945720336190146,0.47727081536286214,0.6589757118320989,1.9031867069749557,16,ARPC5;ARPC1B;ACTR2;ACTR3;ARFIP1;CYFIP1;ARF1;ARPC3;CORO1B;ARPC2;RNH1;ARPC4;GMFB;GMFG,GO:BP,Cancer_vs_Healthy
GOBP_POSITIVE_REGULATION_OF_APOPTOTIC_SIGNALING_PATHWAY,9.577607571370113e-4,0.00945720336190146,0.47727081536286214,0.5339323865229064,1.8597475372840926,34,CLU;AGT;S100A9;SOD1;PEA15;S100A8;CAV1;PDIA3;CTNNA1;EIF5A;THBS1;BCAP31;RPS7;CTSH;SFPQ,GO:BP,Cancer_vs_Healthy
GOBP_SMALL_MOLECULE_CATABOLIC_PROCESS,9.7957791541276e-4,0.009617674078598008,0.45505986738722953,-0.2905749437454949,-1.594809992693755,141,HADHA;DBT;HADHB;ECI2;ACAD8;BCL2L13;CPT2;PFKL;ALDH5A1;DLAT;ALDH1B1;ACADVL;DLD;HK1;ETFDH;CRAT;CPT1B;DLST;SLC16A1;ALDH4A1;GLS;ACADSB;MCCC2;BCAT2;HSD17B4;MCCC1;CPT1A;ACAT1;PFKM;ECH1;HSD17B10;PFKFB2;AUH;ACAA1;ENO3;PKM;ECI1;PM20D2;GCDH;GPD2;IVD;GALM;RIDA;PLIN5;MPI;GOT2;ACADM;PCCB;GCSH;GOT1;TST;OXCT1;MCEE;ALDH1L1;BCKDK;GPT;ETFB;PCCA;ACADS;GALK1,GO:BP,Cancer_vs_Healthy
GOBP_COLLAGEN_METABOLIC_PROCESS,9.98246924157775e-4,0.009636707737120867,0.45505986738722953,0.6387542645824531,1.8769278713832023,17,SERPINF2;VIM;COL6A1;CST3;ITGB1;MFAP4;CYGB;RCN3;TNXB;CTSB;MRC2;COL1A2;CTSL;PRDX5;PEPD,GO:BP,Cancer_vs_Healthy
GOBP_REGULATION_OF_EPITHELIAL_CELL_PROLIFERATION,9.954910332258772e-4,0.009636707737120867,0.45505986738722953,0.5103378121830429,1.8264095844671313,39,APOE;SERPINF1;SPARC;LRG1;NME1;YAP1;B2M;CAV1;NME2;CAV2;HMGB1;GPX1;LAMC1;LIMS1;THBS4;THBS1;CDC42;NRP1;LAMB1;ECM1;HMGB2;STAT1;SRSF6;PDCD6,GO:BP,Cancer_vs_Healthy
GOBP_REGULATION_OF_LAMELLIPODIUM_ORGANIZATION,9.976890536711014e-4,0.009636707737120867,0.45505986738722953,0.6963499692164107,1.9454289947608636,14,FSCN1;ACTR2;ACTR3;CYFIP1;CORO1C;CFL1;CORO1B;CDC42;CD44;ARPC2;DMTN,GO:BP,Cancer_vs_Healthy
GOBP_REGULATION_OF_TRANSLATION,0.0010073016705628337,0.009670096037403203,0.45505986738722953,-0.30890976305311274,-1.6362195700233566,113,RPS9;EIF3B;EPRS1;EIF3C;RPS3;HBS1L;EIF4G1;TSFM;GSPT1;TRAP1;EIF2S1;CIRBP;PRMT1;COA3;PRKDC;BZW2;LRPPRC;YBX3;CSDE1;RPS4X;MRPL13;C1QBP;METAP2;ABCF1;ETF1;EIF3E;FXR1;EIF2A;MRPS27;CSNK2A1;PKM;RPS6KA3;EIF3K,GO:BP,Cancer_vs_Healthy
GOBP_REGULATION_OF_ALPHA_BETA_T_CELL_ACTIVATION,0.0010286250718469238,0.009820243779842456,0.45505986738722953,0.654781450379671,1.8910732671341377,16,PNP;ANXA1;LGALS1;CD81;LGALS3;RHOA;HLA-DRA;HMGB1;AP3B1,GO:BP,Cancer_vs_Healthy
GOBP_TRIGLYCERIDE_METABOLIC_PROCESS,0.0010446589053280432,0.0099185197165212,0.45505986738722953,0.6183759764195667,1.8912294496185416,20,CAT;APOC2;C3;APOE;CAV1;MGLL;PTPN11;GPX1;APOC1;TNXB,GO:BP,Cancer_vs_Healthy
GOBP_ENDOCYTIC_RECYCLING,0.0010735704494508856,0.010137320965306723,0.45505986738722953,0.5898532951103268,1.8907301406963026,24,ARHGAP1;EHD2;EHD1;EHD4;RAB8A;EIPR1;RAB11B;VPS29;RAB7A;RAB14;EPS15,GO:BP,Cancer_vs_Healthy
GOBP_LEUKOCYTE_MEDIATED_CYTOTOXICITY,0.0011152544484723894,0.01038372675241983,0.45505986738722953,0.5643161968921795,1.8408286663950628,26,IGHG1;AZGP1;HPRT1;B2M;HLA-B;HLA-DRA;TUBB;LAMP1;TUBB4B;CRK;STX7;VAMP2;CTSG;CTSH;HLA-A;PRDX1,GO:BP,Cancer_vs_Healthy
GOBP_LIPID_LOCALIZATION,0.0011063887221152086,0.01038372675241983,0.45505986738722953,0.4102793340621178,1.6938013690377138,85,CLU;APOC2;C3;AGT;APOE;SLC2A1;RBP4;ANXA1;APOL1;AKR1C1;HDLBP;ANXA2;APOD;EHD1;APOM;CAV1;NPC2;PITPNA;FABP4;CD36;ESYT1;PTPN11;DBI;APOC1;FABP5;PSAP,GO:BP,Cancer_vs_Healthy
GOBP_UBIQUINONE_METABOLIC_PROCESS,0.0011176928101563012,0.01038372675241983,0.45505986738722953,-0.7088423097689255,-1.96427225228494,10,COQ8A;COQ7;COQ3;FDXR;COQ5;COQ9;COQ6;RTN4IP1;NDUFA9,GO:BP,Cancer_vs_Healthy
GOBP_EMBRYONIC_ORGAN_MORPHOGENESIS,0.0011724865171840499,0.010786372623995765,0.45505986738722953,0.6526971997371953,1.8850537461631216,16,RBP4;SOD1;SPARC;YAP1;EFEMP1;FBN1,GO:BP,Cancer_vs_Healthy
GOBP_RIBOSE_PHOSPHATE_METABOLIC_PROCESS,0.0011735173919625022,0.010786372623995765,0.45505986738722953,-0.26734078084942314,-1.5018752603871484,165,SDHC;DMAC2L;FIS1;BCL2L13;ATP1A2;PFKL;ATP5F1D;IMPDH2;ATP1B1;SDHD;HK1;MT-ND4;ATP5PD;MT-ND5;AMPD3;NDUFB5;OPA1;SDHA;FBP1;ATP5F1C;SDHB;COX11;PPP2CA;OGDH;NDUFS5;PFKM;NDUFB4;DNM1L;MT-ATP8;MT-ATP6;ATP5MF;MT-ND3;ATP5PO;SLC25A13;ATP5MG;ATP5ME;NDUFS6;PFKFB2;NDUFA2;NDUFA12;PRKAG1;ENO3;NDUFB9;PKM;NDUFA8;NDUFB3;NDUFS4;NDUFV2;PRKAA1;NDUFS3;NDUFB11;NDUFS8;STAT3;MYH7;NUDT9;NDUFB1;NDUFA10;NDUFB7;NDUFA13;NDUFV1;NDUFA9;NDUFA6;ATP6V1B2;ATP5PF;BPNT1;GART;ARL2;ATP5PB;GALK1;NDUFS1;AK3;STOML2;NT5C1A;PARP1;NDUFS2;PRKAA2;ATP5F1A;PGM1;NDUFA11;CTPS1;NDUFA3;NDUFA7,GO:BP,Cancer_vs_Healthy
GOBP_NEUTRAL_LIPID_METABOLIC_PROCESS,0.0011829965855136974,0.010815968781839519,0.45505986738722953,0.5962129190617376,1.8926583540323108,23,SNCA;CAT;APOC2;C3;APOE;CAV1;MGLL;PTPN11;GPX1;APOC1;TNXB,GO:BP,Cancer_vs_Healthy
GOBP_HYDROGEN_PEROXIDE_METABOLIC_PROCESS,0.0012025513441880863,0.010936888014510595,0.45505986738722953,0.5971762442445872,1.8773252045356672,22,SNCA;CAT;HBA1;HP;SOD1;GPX3;HBB;PRDX2;HBG2;TXN;GPX1,GO:BP,Cancer_vs_Healthy
GOBP_LIPID_OXIDATION,0.0012128967940088283,0.01097322335103275,0.45505986738722953,-0.4220082603846146,-1.8348294660917832,44,HADHA;HADHB;ECI2;CPT2;ACADVL;ETFDH;CRAT;CPT1B;HSD17B4;MAPK14;CPT1A;ACAT1;ECH1;HSD17B10;AUH;ACAA1;ECI1;GCDH;IVD;PRKAA1;PLIN5;ACADM,GO:BP,Cancer_vs_Healthy
GOBP_REGULATION_OF_CELL_PROJECTION_ASSEMBLY,0.001239523909078968,0.011155715181710713,0.45505986738722953,0.5187225844336243,1.8457925795440966,38,FSCN1;CTTN;YAP1;ACTR2;ATG3;CAV1;ACTR3;CYFIP1;SEPTIN7;CORO1C;RHOG;CFL1;CDC42;ARPC2;DMTN;NRP1;PFN1;GDI2;SEPTIN9;HSP90AA1,GO:BP,Cancer_vs_Healthy
GOBP_ESTABLISHMENT_OF_ENDOTHELIAL_BARRIER,0.0013558626492221608,0.012139537087336238,0.45505986738722953,0.7027127671895385,1.8892666481346252,12,RAB1A;ADD1;MSN;RAP1B;RAB1B;VCL;FASN;EZR;PECAM1;RAP2B,GO:BP,Cancer_vs_Healthy
GOBP_MODIFICATION_OF_SYNAPTIC_STRUCTURE,0.001458467507188474,0.01299088583722517,0.45505986738722953,0.7013904136922273,1.885711456773145,12,CTTN;SPTB;CAP1;RAP1B;CYFIP1;RHOA;CFL1,GO:BP,Cancer_vs_Healthy
GOBP_QUINONE_METABOLIC_PROCESS,0.0014673852929164915,0.013003291211075371,0.45505986738722953,-0.6888914008735224,-1.981379910191671,11,COQ8A;COQ7;COQ3;FDXR;COQ5;COQ9;COQ6;RTN4IP1;NDUFA9,GO:BP,Cancer_vs_Healthy
GOBP_ACYL_COA_METABOLIC_PROCESS,0.0014881599633595742,0.013120104166761959,0.45505986738722953,-0.4175955716454526,-1.8156437484569512,44,ACOT9;ACSL3;MPC2;ACACA;DLAT;PDHX;DLD;PDHB;OXSM;MMUT;DLST;PDHA1;SUCLA2;HSD17B4;OGDH;ACAT1;SUCLG1,GO:BP,Cancer_vs_Healthy
GOBP_POSITIVE_REGULATION_OF_ENDOCYTOSIS,0.0015269063603498493,0.01339337152631746,0.45505986738722953,0.5134735830918207,1.8151971688861523,37,SNCA;CLU;C3;APOE;TF;SOD1;C4A;B2M;ANXA2;AP2A1;ARRB1;CD36;FLOT1;CALR;AP2B1;CDC42;C2;CD63;AP2M1,GO:BP,Cancer_vs_Healthy
GOBP_CRISTAE_FORMATION,0.001781822466703758,0.015550450618505523,0.45505986738722953,-0.6722281004549364,-2.0473392401848276,13,SLC25A46;OPA1;SAMM50;APOO;AFG3L2;MICOS13;APOOL;IMMT;CHCHD3;MICU1,GO:BP,Cancer_vs_Healthy
GOBP_POSITIVE_REGULATION_OF_SUBSTRATE_ADHESION_DEPENDENT_CELL_SPREADING,0.0018295941143692174,0.015887128792110593,0.45505986738722953,0.6733812686572163,1.8812601457407094,14,FLNA;ILK;S100A10;LIMS1;CALR;CRK;CDC42;FERMT2;ARPC2;NRP1;P4HB,GO:BP,Cancer_vs_Healthy
GOBP_POSITIVE_REGULATION_OF_RECEPTOR_MEDIATED_ENDOCYTOSIS,0.001841305390505362,0.01590887857396633,0.45505986738722953,0.6936944452526371,1.865020589640952,12,CLU;C3;TF;B2M;ANXA2;AP2A1;ARRB1,GO:BP,Cancer_vs_Healthy
GOBP_CILIUM_ORGANIZATION,0.0020569151985871167,0.017683330662480286,0.4317076958033464,0.5091267681867873,1.8116473794803294,38,RAB1A;YAP1;FLNA;GSN;EHD2;ACTR2;EHD1;ATG3;PARVA;ACTR3;EHD4;RAB8A;SEPTIN7,GO:BP,Cancer_vs_Healthy
GOBP_NADH_DEHYDROGENASE_COMPLEX_ASSEMBLY,0.0021122303859430363,0.018068980727275082,0.4317076958033464,-0.4851491435642047,-1.8356982828085844,26,MT-ND4;MT-ND5;NDUFAF3;NDUFS5;NDUFS6;NDUFB3;NDUFS4;NDUFS3;NDUFS8;NDUFA13;NDUFA6;NDUFS1;NDUFS2;NDUFAF4;NDUFAF5;NDUFS7;MT-ND1;ACAD9;TMEM70,GO:BP,Cancer_vs_Healthy
GOBP_NEGATIVE_REGULATION_OF_SUPRAMOLECULAR_FIBER_ORGANIZATION,0.002212265904259473,0.018831504840198864,0.4317076958033464,0.4715895753721547,1.768015573526512,49,SNCA;CLU;APOE;ADD1;SPTBN1;SPTB;SPTAN1;GSN;TUBB4A;MTPN;TMOD1;CFL1;CORO1B;CAPG;TMOD3;MAPRE1;CAPZA1;DMTN;MAP1B;STMN1;PFN1;LMOD3;HSPA8;GMFB;SVIL,GO:BP,Cancer_vs_Healthy
GOBP_PLASMA_MEMBRANE_ORGANIZATION,0.0022800429184549357,0.019313304721030045,0.35481951210374685,0.4691460592153618,1.7654263669628683,50,CLU;SOD1;SPTBN1;CAVIN2;GSN;EHD2;ANXA2;CD9;ILK;CAV1;S100A10;NDRG1;PACSIN2;CAV2;AHNAK;COL6A1;MYH9;IQGAP1,GO:BP,Cancer_vs_Healthy
GOBP_ESTABLISHMENT_OF_CELL_POLARITY,0.002435181206130927,0.020526795727776787,0.35481951210374685,0.5473125643012214,1.836021351798503,29,FSCN1;FLOT2;GSN;MSN;RAP1B;MYH9;RHOA;ITGB1;CFL1;CORO7;CRK;MAPRE1;CDC42;MAP1B;EZR,GO:BP,Cancer_vs_Healthy
GOBP_ANTIGEN_PROCESSING_AND_PRESENTATION,0.002453102453102453,0.02057748077165553,0.35481951210374685,0.5570082166079748,1.8520611730359413,28,AZGP1;B2M;HLA-B;PDIA3;CTSD;HLA-DRA;PSME1;AP3B1;CALR;THBS1;RAB4A;CTSH;HLA-A;LGMN;RAB10;CTSL,GO:BP,Cancer_vs_Healthy
GOBP_POSITIVE_REGULATION_OF_EPITHELIAL_CELL_PROLIFERATION,0.0025218810265539237,0.021009736968741363,0.35481951210374685,0.5911496058527541,1.858379440599725,22,LRG1;NME1;YAP1;NME2;CAV2;HMGB1;LAMC1;THBS4;CDC42;NRP1;LAMB1;ECM1;HMGB2;SRSF6;PDCD6,GO:BP,Cancer_vs_Healthy
GOBP_RESPONSE_TO_MOLECULE_OF_BACTERIAL_ORIGIN,0.00252894982031146,0.021009736968741363,0.3350685587170139,0.4611979345132322,1.7499619059166112,52,SNCA;DEFA3;ALAD;AKAP12;S100A8;VIM;B2M;PRDX2;COL6A1;RHOA;CD36;PABPN1;PPBP;PTPN11;HMGB1;GPX1,GO:BP,Cancer_vs_Healthy
GOBP_GLIAL_CELL_DEVELOPMENT,0.00256373735935052,0.02119683328687894,0.34452128726268,0.5379714754591794,1.8181072309404804,30,CLU;S100A9;SOD1;S100A8;VIM;CD9;ILK;PHGDH;NDRG1;COL6A1,GO:BP,Cancer_vs_Healthy
GOBP_FIBROBLAST_MIGRATION,0.0025898842169408895,0.021311047270827888,0.35481951210374685,0.61981018658323,1.8734617745723225,19,AKAP12;ILK;TNS1;CORO1C;IQGAP1;ITGB1;CYGB;AQP1;THBS1;DMTN;GNA13;FAM114A1;PDLIM1,GO:BP,Cancer_vs_Healthy
GOBP_T_CELL_DIFFERENTIATION,0.0026568265682656825,0.021758276350536013,0.34452128726268,0.5813403652553553,1.8454459198372548,23,PNP;SOD1;ANXA1;LGALS1;B2M;PRDX2;RHOA;ACTB;HLA-DRA;HMGB1;AP3B1,GO:BP,Cancer_vs_Healthy
GOBP_T_CELL_MEDIATED_IMMUNITY,0.0026913875598086126,0.021937347657307937,0.34452128726268,0.5984969712905511,1.856924328100184,21,AZGP1;HPRT1;CD81;B2M;HLA-B;HLA-DRA;HMGB1;USP5;STX7;CTSH;HLA-A;MAPK3,GO:BP,Cancer_vs_Healthy
GOBP_MYELOID_LEUKOCYTE_MIGRATION,0.0027878449958182324,0.022616883346356365,0.32635161099090676,0.4998327205108126,1.7669749117855704,37,S100A9;ANXA1;S100A8;CD81;CD9;PPIA;MPP1;PPIB;DDT;LGALS3;ITGA1;PPBP;CNN2;HMGB1;THBS4;THBS1;CTSG;PECAM1;LGMN;MAPK3;MIF,GO:BP,Cancer_vs_Healthy
GOBP_REGULATION_OF_EXTRINSIC_APOPTOTIC_SIGNALING_PATHWAY,0.002807017543859649,0.022666010821446134,0.32635161099090676,0.5165535994255007,1.799215235215171,34,AGT;CTTN;YAP1;PEA15;PRDX2;GCLC;CAV1;PDIA3;LGALS3;CTNNA1;GCLM;GPX1,GO:BP,Cancer_vs_Healthy
GOBP_POSITIVE_REGULATION_OF_CELL_JUNCTION_ASSEMBLY,0.0028804608737397984,0.02315086692940638,0.34452128726268,0.6900044964962899,1.8551000396748913,12,AGT;THY1;CAV1;S100A10;CFL1;LIMS1;FLOT1;FERMT2;NRP1;POLDIP2,GO:BP,Cancer_vs_Healthy
GOBP_LAMELLIPODIUM_ASSEMBLY,0.0029253271747498076,0.02340261739799846,0.3350685587170139,0.6247737150190039,1.8626166183369484,18,FSCN1;ACTR2;ACTR3;CYFIP1;ITGB1;CFL1;VCL;ABLIM2;CDC42;ARPC2;DMTN,GO:BP,Cancer_vs_Healthy
GOBP_RETINA_DEVELOPMENT_IN_CAMERA_TYPE_EYE,0.0029841369561803047,0.023763081383776804,0.3350685587170139,0.6411314164028509,1.8516506256801541,16,RBP4;SERPINF1;THY1;GNB1;ATP2B4;CLIC4;LAMB2;MYH10;RPL24;NRP1,GO:BP,Cancer_vs_Healthy
GOBP_NEGATIVE_REGULATION_OF_NEURON_APOPTOTIC_PROCESS,0.0030303030303030303,0.02402001668056714,0.31827967504043686,0.5442321912514763,1.8095806856697252,28,SNCA;CLU;SOD1;FBXO7;GCLC;RHOA;GCLM;KRAS;NRP1;SOD2;LGMN;HYOU1;NONO;STAMBP;PPT1,GO:BP,Cancer_vs_Healthy
GOBP_AMYLOID_BETA_CLEARANCE,0.0032743942370661427,0.025487176764190517,0.32635161099090676,0.7263031150173764,1.8434901390119964,10,CLU;C3;APOE;PICALM;CD36;CLTC;RAB11B,GO:BP,Cancer_vs_Healthy
GOBP_COLLAGEN_FIBRIL_ORGANIZATION,0.0032743942370661427,0.025487176764190517,0.32635161099090676,0.7288505500254656,1.849955994961236,10,SERPINF2;LUM;ANXA2;COL6A1;COMP;TNXB;AEBP1,GO:BP,Cancer_vs_Healthy
GOBP_ESTABLISHMENT_OR_MAINTENANCE_OF_BIPOLAR_CELL_POLARITY,0.0032451728054518902,0.025487176764190517,0.32635161099090676,0.7127558287006754,1.8623468014095577,11,ANK1;FSCN1;MSN;ILK;CLIC4;RHOA;CDC42;EZR,GO:BP,Cancer_vs_Healthy
GOBP_HETEROTYPIC_CELL_CELL_ADHESION,0.0032743942370661427,0.025487176764190517,0.32635161099090676,0.7299970335176833,1.8528659797440945,10,THY1;FLOT2;PARVA;ITGB1;CD58;FLOT1;CD44;ITGA7,GO:BP,Cancer_vs_Healthy
GOBP_PHOSPHOLIPID_TRANSPORT,0.0033065658951346244,0.02550779404818139,0.31827967504043686,0.6488721227201478,1.8461840099713562,15,APOC2;APOE;NPC2;PITPNA;ESYT1;DBI;APOC1,GO:BP,Cancer_vs_Healthy
GOBP_POSITIVE_REGULATION_OF_CELL_MATRIX_ADHESION,0.0033065658951346244,0.02550779404818139,0.31827967504043686,0.6516668040549917,1.8541354934959142,15,THY1;S100A10;RRAS;CD36;CFL1;LIMS1;FERMT2;NRP1;POLDIP2,GO:BP,Cancer_vs_Healthy
GOBP_LEUKOCYTE_CHEMOTAXIS,0.003396546844041891,0.026085479762241723,0.2972329219997305,0.5212938634105219,1.789513948571644,32,S100A9;ANXA1;S100A8;PPIA;MPP1;PPIB;DDT;LGALS3;ITGA1;PPBP;HMGB1;CALR;THBS4;THBS1;CTSG;ADAM10;LGMN;MAPK3;MIF,GO:BP,Cancer_vs_Healthy
GOBP_REGULATION_OF_VASCULATURE_DEVELOPMENT,0.0034519383961763143,0.026393582073418898,0.2853133921438723,0.45731561133957427,1.746220679138153,54,C3;SERPINF1;SPARC;LRG1;DCN;ATP2B4;CD34;RRAS;CD36;ITGB1;HMGB1;AQP1;GPNMB;PGK1;THBS4;THBS1;NRP1;TGM2;RNH1;ADAM10;COL4A2;AGO2;EPN1;HGS;PTGIS;ECM1;STAT1;PDCD6,GO:BP,Cancer_vs_Healthy
GOBP_MESENCHYMAL_CELL_DIFFERENTIATION,0.003499562554680665,0.026639841825939158,0.2972329219997305,0.5529392939308673,1.8037166196005248,26,AGT;S100A4;FN1;LRG1;GLIPR2;CORO1C;SDCBP;CFL1;LIMS1;TNXB;CDC42;FERMT2;NRP1;RPS7,GO:BP,Cancer_vs_Healthy
GOBP_T_CELL_ACTIVATION_INVOLVED_IN_IMMUNE_RESPONSE,0.003569690085997079,0.027054493283346283,0.3107769199772489,0.7089532421398804,1.8524110918251278,11,ANXA1;LGALS1;CD81;LCP1;LGALS3;HLA-DRA;HMGB1,GO:BP,Cancer_vs_Healthy
GOBP_REGULATION_OF_G_PROTEIN_COUPLED_RECEPTOR_SIGNALING_PATHWAY,0.003656307129798903,0.02758995074363539,0.2972329219997305,0.6033639436941675,1.823750737137069,19,SNCA;C3;KCTD12;GNAI2;MGLL;ATP2B4;CAV2;ARRB1;YWHAB,GO:BP,Cancer_vs_Healthy
GOBP_POSITIVE_REGULATION_OF_LAMELLIPODIUM_ORGANIZATION,0.0036805888942230756,0.027630843371715653,0.30377943455118267,0.6829642800850004,1.836172183682328,12,FSCN1;ACTR2;ACTR3;CYFIP1;CORO1C;CFL1;CORO1B;CDC42;ARPC2,GO:BP,Cancer_vs_Healthy
GOBP_RESPIRATORY_SYSTEM_DEVELOPMENT,0.0036937064923994885,0.027630843371715653,0.2853133921438723,0.5179537284642894,1.7624214219644947,31,RBP4;YAP1;FBN1;ANXA2;COL6A1;CTSZ;HMGB1;YWHAZ;AP3B1;RCN3;CDC42;KRAS;CTSH;MME;MAPK3;SRSF6;LTA4H;PPP3R1;HMGCS2;IGFBP5,GO:BP,Cancer_vs_Healthy
GOBP_NEGATIVE_REGULATION_OF_LYMPHOCYTE_ACTIVATION,0.003936387970398363,0.029250457038391225,0.291090917251384,0.6434300671598525,1.8307001640716827,15,FBXO7;ANXA1;LGALS1;PRDX2;LGALS3;PTPN11;HMGB1;GPNMB;CTSG,GO:BP,Cancer_vs_Healthy
GOBP_NUCLEOTIDE_METABOLIC_PROCESS,0.003949414420057494,0.029250457038391225,0.40701791892395395,-0.24109837302849338,-1.4063927498312572,212,SDHC;KARS1;DMAC2L;FIS1;GARS1;NNT;BCL2L13;ATP1A2;PFKL;ATP5F1D;IMPDH2;SLC25A11;ATP1B1;SDHD;HK1;MT-ND4;ATP5PD;MT-ND5;AMPD3;NDUFB5;NAXD;H6PD;OPA1;SDHA;FBP1;ATP5F1C;SDHB;COX11;PPP2CA;OGDH;NDUFS5;PFKM;NDUFB4;DNM1L;IDH2;GPD1L;MT-ATP8;MT-ATP6;ATP5MF;MT-ND3;ATP5PO;SLC25A13;ATP5MG;ATP5ME;NDUFS6;PFKFB2;NDUFA2;NDUFA12;PRKAG1;ENO3;NDUFB9;NADK2;PKM;NDUFA8;NDUFB3;MDH2;NDUFS4;NDUFV2;GPD2;PRKAA1;ME1;NT5C3A;NDUFS3;NDUFB11;NDUFS8;GOT2;STAT3;MYH7;NUDT9;NDUFB1;GOT1;NDUFA10;ALDH1L1;NDUFB7;NDUFA13;NDUFV1;NDUFA9;NDUFA6;ATP6V1B2;ATP5PF;BPNT1;GART;ARL2;ME2;ATP5PB;GALK1;NDUFS1;SLC25A12;AK3;NAXE;STOML2;NT5C1A;PARP1;NDUFS2;PRKAA2;ATP5F1A;PGM1;NDUFA11;CTPS1;NDUFA3;NDUFA7,GO:BP,Cancer_vs_Healthy
GOBP_REGULATION_OF_NITRIC_OXIDE_METABOLIC_PROCESS,0.003960999390615478,0.029250457038391225,0.2853133921438723,0.6005421204097027,1.8152213870675167,19,CLU;APOE;HBB;DDAH2;CAV1;ATP2B4;CD36;SOD2;HSP90AA1;KHSRP;PTGIS;STAT1,GO:BP,Cancer_vs_Healthy
GOBP_IMMUNE_RESPONSE_REGULATING_CELL_SURFACE_RECEPTOR_SIGNALING_PATHWAY,0.004023605150214592,0.029586339147109852,0.26521689377999697,0.4545905383861827,1.710653019192054,50,C3;IGKC;IGHM;IGHG2;IGHG1;IGHA1;THY1;IGHA2;IGHG3;CD81,GO:BP,Cancer_vs_Healthy
GOBP_KIDNEY_EPITHELIUM_DEVELOPMENT,0.004143426294820717,0.030182234556640212,0.2853133921438723,0.6609589383176494,1.8128084798804354,13,CAT;AGT;YAP1;ILK;CD34;IQGAP1;LAMB2;AQP1,GO:BP,Cancer_vs_Healthy
GOBP_POSITIVE_REGULATION_OF_HEMOPOIESIS,0.004157043879907622,0.030182234556640212,0.27986565266193214,0.6059404505246662,1.806469647711557,18,PNP;ANXA1;LGALS1;LGALS3;RHOA;ACTB;HLA-DRA;HMGB1;AP3B1,GO:BP,Cancer_vs_Healthy
GOBP_REGULATION_OF_CELL_SUBSTRATE_JUNCTION_ORGANIZATION,0.004132841328413284,0.030182234556640212,0.27471745859524166,0.5631070452764189,1.7875648436703953,23,THY1;TLN1;APOD;S100A10;CORO1C;RHOA;CFL1;LIMS1;VCL;THBS1;FERMT2;DMTN;NRP1,GO:BP,Cancer_vs_Healthy
GOBP_GRANULOCYTE_CHEMOTAXIS,0.0042656916514320535,0.030841486082320454,0.27471745859524166,0.5955514010404779,1.8001362494427178,19,S100A9;ANXA1;S100A8;PPIA;MPP1;PPIB;LGALS3;ITGA1;PPBP;THBS4;THBS1,GO:BP,Cancer_vs_Healthy
GOBP_REGULATION_OF_PROTEOLYSIS,0.004352557127312296,0.03133841131664853,0.24169838609665498,0.37390937992431716,1.5866532131960138,101,CLU;APOE;SERPINF2;TF;CLEC3B;ALAD;GSN;GCLC;ANXA2;SUMO2;CAV1;S100A10;PITHD1;CST3;MYH9;PSME2;CTSZ;CFL1;GPX1;RPL23;PSMF1;PSME1;VCP;RCN3;USP5;THBS1;BCAP31;RPS7;KLKB1;ENO1;SNX9;CSTA;GAPDH;CSTB;USP14,GO:BP,Cancer_vs_Healthy
GOBP_MONOCARBOXYLIC_ACID_CATABOLIC_PROCESS,0.004425869183494876,0.03170826126641261,0.40701791892395395,-0.3706432088081475,-1.6828208441741719,53,HADHA;HADHB;ECI2;CPT2;DLAT;ACADVL;ETFDH;CRAT;CPT1B;SLC16A1;HSD17B4;CPT1A;ACAT1;ECH1;HSD17B10;AUH;ACAA1;ECI1;GCDH;IVD;PLIN5;ACADM;PCCB,GO:BP,Cancer_vs_Healthy
GOBP_NEGATIVE_REGULATION_OF_IMMUNE_RESPONSE,0.004440624552356396,0.03170826126641261,0.2608205677188685,0.5294411968772593,1.7760698463582367,29,SERPING1;A2M;ANXA1;LGALS1;HLA-B;LGALS3;GNAS;TTLL12;GPX1;YWHAZ;USP5;CRK;SAMHD1;USP15;HLA-A,GO:BP,Cancer_vs_Healthy
GOBP_REGULATION_OF_LYMPHOCYTE_MEDIATED_IMMUNITY,0.004535479151426481,0.03225229618792164,0.2608205677188685,0.5502430681388036,1.7819171250250698,25,C3;AZGP1;CD81;B2M;HLA-B;HLA-DRA;HMGB1;LAMP1;USP5;CRK;STX7,GO:BP,Cancer_vs_Healthy
GOBP_LIPOPROTEIN_METABOLIC_PROCESS,0.004570383912248629,0.03236730901789193,0.26521689377999697,0.5911134211694884,1.7867218431864182,19,APOC2;APOE;APOL1;APOD;APOM;CTSD;DBI;APOC1,GO:BP,Cancer_vs_Healthy
GOBP_LYMPHOCYTE_ACTIVATION_INVOLVED_IN_IMMUNE_RESPONSE,0.004682779456193354,0.033027930205314755,0.2608205677188685,0.5857189451385285,1.7913517996920056,20,ANXA1;LGALS1;CD81;LCP1;LGALS3;HLA-DRA;HMGB1;LAMP1;VAMP2,GO:BP,Cancer_vs_Healthy
GOBP_POSITIVE_REGULATION_BY_HOST_OF_VIRAL_PROCESS,0.004747871643745907,0.03321587935381752,0.269842314478839,0.7130008345027946,1.8097265182206739,10,APOE;STOM;PPIB;CAV2;CFL1;EEF1A1,GO:BP,Cancer_vs_Healthy
GOBP_POSITIVE_REGULATION_OF_CELL_ACTIVATION,0.004741904890936188,0.03321587935381752,0.24518806365913484,0.46505923375057856,1.7147129438582682,45,PNP;THY1;ANXA1;LGALS1;FLNA;FLOT2;CD81;B2M;CAV1;RHOA;ACTB;PTPN11;HLA-DRA;HMGB1;AP3B1;THBS1,GO:BP,Cancer_vs_Healthy
GOBP_RIBONUCLEOPROTEIN_COMPLEX_BIOGENESIS,0.004799033999959327,0.0334384304513295,0.40701791892395395,-0.27626888132185284,-1.4569944661759637,108,RPS9;EIF3B;EIF3C;EIF3J;NOL3;EIF3A;RPS15A;PRKDC;SNRPB;RPS4X;PRMT5;CUL4A;RPS8;EIF3D;C1QBP;EIF3L;ABCF1;SNU13;EIF3E;EIF2A;RPL27;EIF2S2;STRAP;EIF3K;MCTS1;SBDS;DENR;RPS11;RPS12;CUL4B;EIF5;PUF60;RPS3A;RPS13;RPL7A;TRMT112;RPS24,GO:BP,Cancer_vs_Healthy
GOBP_SUPEROXIDE_METABOLIC_PROCESS,0.004926866820631255,0.03419126853835666,0.25663501697244306,0.5994718005590516,1.7871848816682352,18,AGT;SOD1;SOD3;PRDX2;GNAI2;CCS;ELAVL1;CD36;CYGB,GO:BP,Cancer_vs_Healthy
GOBP_POSITIVE_REGULATION_OF_NITRIC_OXIDE_METABOLIC_PROCESS,0.00496079372699632,0.03428900624099856,0.2608205677188685,0.671044581469548,1.8041256774831362,12,CLU;APOE;HBB;DDAH2;CD36,GO:BP,Cancer_vs_Healthy
GOBP_REGULATION_OF_T_CELL_MEDIATED_IMMUNITY,0.005234795996920708,0.03603875491107165,0.24883263202204342,0.5931661571087142,1.7683860814025283,18,AZGP1;CD81;B2M;HLA-B;HLA-DRA;HMGB1;USP5;STX7;HLA-A;MAPK3,GO:BP,Cancer_vs_Healthy
GOBP_REGULATION_OF_ENDOTHELIAL_CELL_MIGRATION,0.005256428469953119,0.036044080936821384,0.23835292164691088,0.5097696933392843,1.7345739173907087,31,AGT;APOE;SERPINF1;SPARC;ANXA1;DCN;ATP2B4;RHOA;RRAS;HMGB1;CALR;THBS1;NRP1,GO:BP,Cancer_vs_Healthy
GOBP_NEGATIVE_REGULATION_OF_RECEPTOR_MEDIATED_ENDOCYTOSIS,0.005354535128995619,0.03657168657274478,0.2526439095662764,0.6834582089025026,1.7857955810294937,11,APOC2;B2M;ANXA2;PICALM;SDCBP;APOC1,GO:BP,Cancer_vs_Healthy
GOBP_MULTICELLULAR_ORGANISMAL_LEVEL_CHEMICAL_HOMEOSTASIS,0.005418326693227091,0.03671713147410358,0.24883263202204342,0.6484318813418641,1.7784505889478293,13,TF;B2M;GNAS;PICALM;CYBRD1;RCN3;AQP1;SOD2;CTSH,GO:BP,Cancer_vs_Healthy
GOBP_REGENERATION,0.005399418524158936,0.03671713147410358,0.23205681807560835,0.47969412561590263,1.7167412010678673,39,THY1;YAP1;ANXA1;CD81;LCP1;APOD;CD9;COL6A1;CTNNA1;GPX1;LAMB2;MUSTN1;ATIC;MAP1B,GO:BP,Cancer_vs_Healthy
GOBP_POSITIVE_REGULATION_OF_CELL_PROJECTION_ORGANIZATION,0.005579912315663611,0.037664408130729375,0.2234791191174785,0.4447013016100426,1.6928652108331217,53,APOE;SERPINF1;S100A9;FN1;FSCN1;ACTR2;EHD1;AP2A1;ACTR3;CYFIP1;SEPTIN7;CORO1C;TUBB2B;CFL1;CORO1B;CDC42;ARPC2;MAP1B;NRP1;PFN1;SEPTIN9;HSP90AA1;ITGA6;SNX3,GO:BP,Cancer_vs_Healthy
GOBP_RECEPTOR_CLUSTERING,0.005760921747479597,0.03873491353947371,0.24169838609665498,0.6631296286477422,1.7828460635555248,12,APOE;THY1;FLNA;CD81;GSN,GO:BP,Cancer_vs_Healthy
GOBP_RESPONSE_TO_ACTIVITY,0.005824111822947,0.03885739471062709,0.229089382980959,0.532774484014288,1.7525312332971905,27,CAT;AGT;RBP4;FN1;ALAD;GCLC;ANXA2;COL6A1;GCLM;ITGB1;CFL1,GO:BP,Cancer_vs_Healthy
GOBP_STEROL_TRANSPORT,0.005824111822947,0.03885739471062709,0.229089382980959,0.5320676033359799,1.7502059896826412,27,CLU;APOC2;APOE;ANXA2;APOM;CAV1;NPC2;CD36;APOC1,GO:BP,Cancer_vs_Healthy
GOBP_NEGATIVE_REGULATION_OF_PROTEIN_CONTAINING_COMPLEX_DISASSEMBLY,0.005897095680377414,0.03908894261356406,0.229089382980959,0.546579610647085,1.7520196169238975,24,ADD1;SPTBN1;SPTB;SPTAN1;GSN;MTPN;TMOD1;CFL1;CAPG;TMOD3;CAPZA1;DMTN;MAP1B,GO:BP,Cancer_vs_Healthy
GOBP_RHO_PROTEIN_SIGNAL_TRANSDUCTION,0.005904059040590406,0.03908894261356406,0.229089382980959,0.5527375994656762,1.7546473780923721,23,APOE;ARHGAP1;ARRB1;ARHGDIA;RHOA;RHOG;ITGB1;CFL1;ARHGDIB;FLOT1;FERMT2;STMN1;NRP1;GNA13;PECAM1,GO:BP,Cancer_vs_Healthy
GOBP_REGULATION_OF_FIBROBLAST_PROLIFERATION,0.006042296072507553,0.03985147944004982,0.23514199556110812,0.6395101061617341,1.7866325238293925,14,FBLN1;AGT;FN1;S100A6;CAV1;AQP1;SOD2;EMD;MIF,GO:BP,Cancer_vs_Healthy
GOBP_NEGATIVE_REGULATION_OF_WOUND_HEALING,0.006125333752159573,0.040245538873504724,0.23205681807560835,0.6176932248808199,1.7839588219621623,16,SERPING1;APOE;SERPINF2;ANXA2;CD9;CRK;THBS1;PROS1;KLKB1,GO:BP,Cancer_vs_Healthy
GOBP_REGULATION_OF_APOPTOTIC_SIGNALING_PATHWAY,0.006160670280926565,0.04032438729333752,0.20454413181854614,0.37858432310963985,1.5771316634125143,90,CLU;AGT;S100A9;SOD1;CTTN;FBXO7;YAP1;PEA15;S100A8;PRDX2;GCLC;GNAI2;CAV1;PPIA;PDIA3;LGALS3;CTNNA1;HNRNPK;GCLM;GPX1;EIF5A;THBS1;BCAP31;CD44;NRP1;RPS7;ENO1;SOD2;CTSH;P4HB;SFPQ;USP15;LMNA;ITGA6;HYOU1;NONO;MIF,GO:BP,Cancer_vs_Healthy
GOBP_DIGESTION,0.00629822075263738,0.04106915268134865,0.229089382980959,0.6234780040273061,1.7739321528850889,15,SERPINA3;RBP4;EPB41;AKR1C1;TYMP;AKR1C2;CD36;ACO1;AQP1;EZR;COPA,GO:BP,Cancer_vs_Healthy
GOBP_DEOXYRIBONUCLEOSIDE_MONOPHOSPHATE_METABOLIC_PROCESS,0.006548788474132285,0.04246252434097321,0.229089382980959,0.699622094676946,1.7757688297137633,10,PNP;TYMP;GUK1;ADK;DUT,GO:BP,Cancer_vs_Healthy
GOBP_T_CELL_MEDIATED_CYTOTOXICITY,0.006561049767962874,0.04246252434097321,0.22623238004642038,0.6580617078717222,1.7692207899806385,12,AZGP1;HPRT1;B2M;HLA-B;HLA-DRA;STX7;CTSH;HLA-A,GO:BP,Cancer_vs_Healthy
GOBP_T_CELL_MIGRATION,0.0066783272380346636,0.04306025920643246,0.2234791191174785,0.6306585012375314,1.7619033364509693,14,MSN;APOD;RHOA;CRK;GNAI1;P4HB;ADAM10;ECM1,GO:BP,Cancer_vs_Healthy
GOBP_METHYLATION,0.006792992491955667,0.04331472703357709,0.3350685587170139,-0.4086840657050999,-1.7179084321833762,38,GSPT1;COQ3;PRMT1;SNRPB;PRMT5;ETF1;HSD17B10;FAM98B;COQ5;CARM1;GAMT;NNMT;TRMT112;SNRPD1;SMYD1;SETD7;NTMT1;NDUFAF5;COMT;SNRPD2;ARMT1;FAM98A;LCMT1,GO:BP,Cancer_vs_Healthy
GOBP_NEGATIVE_REGULATION_OF_CELL_CELL_ADHESION,0.006789667896678966,0.04331472703357709,0.2133879230180531,0.546000611117179,1.7332610295730082,23,ANXA1;LGALS1;PRDX2;CD9;LGALS3;PTPN11;HMGB1;GPNMB;CTSG,GO:BP,Cancer_vs_Healthy
GOBP_POSITIVE_REGULATION_OF_SUPRAMOLECULAR_FIBER_ORGANIZATION,0.006775607811877242,0.04331472703357709,0.20249877596914143,0.43757095966029513,1.6657218051710077,53,CLU;APOE;SERPINF2;CTTN;FLNA;GSN;DSTN;S100A10;CYFIP1;RHOA;CFL1;GPX1;TNXB;MAPRE1;CDC42;RHOC;FERMT2;ARPC2;MAP1B;NRP1;PFN1;SNX9,GO:BP,Cancer_vs_Healthy
GOBP_NEGATIVE_REGULATION_OF_LEUKOCYTE_CELL_CELL_ADHESION,0.007067692790953354,0.04490063655429189,0.2157828589665743,0.6101035851508906,1.7620391955095096,16,ANXA1;LGALS1;PRDX2;LGALS3;PTPN11;HMGB1;GPNMB;CTSG,GO:BP,Cancer_vs_Healthy
GOBP_CYTOPLASMIC_TRANSLATIONAL_INITIATION,0.007161458333333333,0.04532967032967033,0.3107769199772489,-0.46179392948957687,-1.7782747579795735,28,EIF3B;EIF3C;EIF3J;EIF4G1;EIF3A;EIF2B3;EIF3D;EIF3L;EIF3E;EIF2S2;EIF3K;MCTS1;DENR,GO:BP,Cancer_vs_Healthy
GOBP_INTRACELLULAR_IRON_ION_HOMEOSTASIS,0.007326555023923445,0.04603740756850804,0.20665231123444913,0.5538095870659447,1.71827518715817,21,CP;TF;SOD1;B2M;STEAP4;PICALM;BOLA2;CYBRD1;ACO1,GO:BP,Cancer_vs_Healthy
GOBP_REGULATION_OF_LAMELLIPODIUM_ASSEMBLY,0.007301638812266753,0.04603740756850804,0.2157828589665743,0.6700435726565597,1.7507447208348503,11,FSCN1;ACTR2;ACTR3;CYFIP1;CFL1;CDC42;ARPC2;DMTN;HSP90AA1,GO:BP,Cancer_vs_Healthy
GOBP_ALPHA_BETA_T_CELL_DIFFERENTIATION,0.007400409384348922,0.04633299788461934,0.2110705378683249,0.6139642510954653,1.746863431757185,15,PNP;ANXA1;LGALS1;RHOA;HLA-DRA;HMGB1;AP3B1,GO:BP,Cancer_vs_Healthy
GOBP_GLIAL_CELL_DIFFERENTIATION,0.007479940160478716,0.046449644697941994,0.1948872974336822,0.4524516504764138,1.6612497225692786,44,CLU;S100A9;SOD1;S100A8;VIM;CD9;ILK;PHGDH;NDRG1;COL6A1;RHOA;PTPN11;LAMB2;CNP,GO:BP,Cancer_vs_Healthy
GOBP_REGULATION_OF_INTRACELLULAR_TRANSPORT,0.007499682216855218,0.046449644697941994,0.18806904097584987,0.3985605925185784,1.601042070846588,72,ARHGAP1;FLNA;CD81;MSN;LCP1;EHD2;ANXA2;APOD;EHD1;ARFIP1;TXN;EIPR1;CD36;UFM1;PTPN11;YWHAB;RAN;LAMP1;RAB11B;VAMP2;BCAP31;MAP1B;RAB23;YWHAE;EZR;EMD;PPP1CC;HSP90AA1;SNX3;EPM2A;RANGAP1;MAPK3,GO:BP,Cancer_vs_Healthy
GOBP_SHORT_CHAIN_FATTY_ACID_METABOLIC_PROCESS,0.007447354904982024,0.046449644697941994,0.269842314478839,-0.6669318757098012,-1.8481342882144938,10,ACOT9;CRAT;OXSM;MMUT;PCCB;MCEE;PCCA;ACADS,GO:BP,Cancer_vs_Healthy
GOBP_MITOCHONDRION_LOCALIZATION,0.007541071909507137,0.04653918664152976,0.27471745859524166,-0.5937552432868433,-1.850955159111977,14,MFN2;MAPT;MTM1;MAP1S;LRPPRC;OPA1;CLUH;DNM1L;PLIN5,GO:BP,Cancer_vs_Healthy
GOBP_NEGATIVE_REGULATION_OF_EXTRINSIC_APOPTOTIC_SIGNALING_PATHWAY,0.007666224384490638,0.04714318767402072,0.2005131804004132,0.5385273443441884,1.7262086860941355,24,CTTN;YAP1;PEA15;PRDX2;GCLC;LGALS3;CTNNA1;GCLM;GPX1;THBS1;NRP1;LMNA;ITGA6;HMGB2;DDX3X;EYA3,GO:BP,Cancer_vs_Healthy
GOBP_CYTOSOLIC_TRANSPORT,0.007891457843001522,0.04801563081938954,0.1913878287563819,0.4703025729649959,1.6831304801587696,39,ACTR2;AP2A1;ARFIP1;EIPR1;UBE2O;CLTC;CORO7;LAMP1;SNX1;VPS29;RAB7A;RAB14;SNX2;EPS15;SURF4;SNX5;TMED9;SNX3;VPS35;CES1;AP1G1;SNX12;PIP4K2A,GO:BP,Cancer_vs_Healthy
GOBP_NUCLEIC_ACID_CATABOLIC_PROCESS,0.00786717598910232,0.04801563081938954,0.3807304007227924,-0.34175101925556284,-1.611537161273188,62,ELOB;HBS1L;GSPT1;CIRBP;PABPC4;LRPPRC;SUPV3L1;YBX3;CSDE1;ENDOG;C1QBP;PPP2CA;MAPK14;ETF1;MAPKAPK2;ELOC;EIF3E;FXR1;PNPT1;DCPS,GO:BP,Cancer_vs_Healthy
GOBP_TISSUE_REGENERATION,0.00785299198994817,0.04801563081938954,0.20454413181854614,0.604859749570397,1.746894482296012,16,YAP1;ANXA1;CD81;APOD;CD9;COL6A1;GPX1;MUSTN1,GO:BP,Cancer_vs_Healthy
GOBP_PYRIMIDINE_NUCLEOTIDE_METABOLIC_PROCESS,0.008321331413026083,0.05045354625161078,0.2005131804004132,0.6490878344424857,1.7450942327782628,12,NME1;TYMP;NME2;CMPK1;DUT,GO:BP,Cancer_vs_Healthy
GOBP_BRANCHING_MORPHOGENESIS_OF_AN_EPITHELIAL_TUBE,0.008502086875869532,0.05066375645431889,0.1948872974336822,0.5899521488300941,1.7335267916300228,17,AGT;YAP1;ILK;CLIC4;CTSZ;KRAS;NRP1;CTSH;GNA13;COL4A1,GO:BP,Cancer_vs_Healthy
GOBP_NEPHRON_DEVELOPMENT,0.008502598016060462,0.05066375645431889,0.19671002534624346,0.6094669559881039,1.734067637293822,15,AGT;YAP1;ILK;CD34;IQGAP1;NID1;LAMB2;AQP1,GO:BP,Cancer_vs_Healthy
GOBP_SKIN_DEVELOPMENT,0.008476970895733259,0.05066375645431889,0.18647262923999633,0.4844804935494294,1.6750858565493314,33,YAP1;ANXA1;AKR1C3;NME2;COL6A1;GNAS;CLIC4;COMP;ASAH1;AP3B1;STMN1;CSTA;ITGA6;COL1A2;SRSF6;IGFBP5;CASP3,GO:BP,Cancer_vs_Healthy
GOBP_STRIATED_MUSCLE_CONTRACTION,0.008412222850515159,0.05066375645431889,0.3807304007227924,-0.323936914100089,-1.586473403219187,74,MYH14;PLN;CAMK2D;ATP1A2;ATP1A1;CSRP3;ATP1B1;JSRP1;GAA;RYR1;ATP2A2;CASQ2;MAP2K6;CACNA2D1;BIN1;CACNA1S;MYLK2;GPD1L;MYL3;SGCD;ANK2;C12orf57;DTNA;RCSD1;MYH7;DMD;MAP2K3;SNTA1;STAC3,GO:BP,Cancer_vs_Healthy
GOBP_SYMBIONT_ENTRY_INTO_HOST,0.00844496214327315,0.05066375645431889,0.18970683345051784,0.516169777395691,1.6979109993295909,27,LGALS1;CD81;CAV1;CAV2;MYH9;ITGB1;HMGB1;LAMP1;MYH10;CTSB;EPS15;NRP1;P4HB;RPSA;CTSL,GO:BP,Cancer_vs_Healthy
GOBP_NEUTROPHIL_CHEMOTAXIS,0.008660053534876398,0.05142464779472995,0.1948872974336822,0.6084248482020365,1.7311026112679868,15,S100A9;S100A8;PPIA;MPP1;PPIB;LGALS3;ITGA1;PPBP;THBS4,GO:BP,Cancer_vs_Healthy
GOBP_REPRODUCTIVE_SYSTEM_DEVELOPMENT,0.00880806932802955,0.05212446506450363,0.183397180948084,0.4914731754879811,1.6723170530485962,31,C3;RBP4;SERPINF1;SOD1;FLNA;AKR1C3;COL6A1;CTNNA1;IDH1;PTPN11;CRIP1;PSAP,GO:BP,Cancer_vs_Healthy
GOBP_POSITIVE_REGULATION_OF_T_CELL_MEDIATED_IMMUNITY,0.009083665338645418,0.053571923908461716,0.1913878287563819,0.634479216226886,1.7401826903371465,13,AZGP1;CD81;B2M;HLA-B;HLA-DRA;STX7;HLA-A,GO:BP,Cancer_vs_Healthy
GOBP_CALCIUM_ION_TRANSMEMBRANE_TRANSPORT,0.009157509157509158,0.053823727293115055,0.32635161099090676,-0.33025239670772627,-1.587926475452384,68,PLN;CAMK2D;ATP1A2;DHRS7C;NOL3;CUL5;ATP1B1;PMPCB;CACNB1;STIM1;UBQLN1;RYR1;ATP2A2;CASQ2;CACNG1;CACNA2D1;BIN1;MCU;CACNB3;AFG3L2;NIPSNAP2;CACNA1S;ATP2A3;VDAC1,GO:BP,Cancer_vs_Healthy
GOBP_MITOCHONDRIAL_MEMBRANE_ORGANIZATION,0.009232060428031893,0.0538875869599892,0.3107769199772489,-0.3434255531661966,-1.5882303443859938,57,MFN2;SLC25A46;TMEM11;NOL3;SLC25A6;MTX1;TIMM50;OPA1;SAMM50;APOO;AFG3L2;MICOS13;TIMM8A;STAT3;APOOL;IMMT;PPIF;CHCHD3;MICU1;SLC25A4;VDAC2;HSPA9;NDUFA13;TIMM13;SLC25A5,GO:BP,Cancer_vs_Healthy
GOBP_MODULATION_BY_HOST_OF_VIRAL_PROCESS,0.009289875610140136,0.0538875869599892,0.18806904097584987,0.6072247320869983,1.7276880167676034,15,APOE;STOM;PPIB;CAV2;CFL1;EEF1A1;CDC42;FASN;LTF;PC,GO:BP,Cancer_vs_Healthy
GOBP_NEGATIVE_REGULATION_OF_HEMOPOIESIS,0.009222451900143107,0.0538875869599892,0.18970683345051784,0.6199951976012577,1.7321127124960496,14,FBXO7;ANXA1;LGALS1;PRDX2;FBN1;C1QC;HMGB1,GO:BP,Cancer_vs_Healthy
GOBP_NUCLEOBASE_METABOLIC_PROCESS,0.009293113954905546,0.0538875869599892,0.18491588197177058,0.567587576412625,1.715611732671015,19,TTR;HPRT1;TYMP;DPYSL2;CMPK1;ADK;GMPR2,GO:BP,Cancer_vs_Healthy
GOBP_MITOCHONDRIAL_DEPOLARIZATION,0.009601536245799328,0.05548981482522153,0.18647262923999633,0.6419485581206947,1.7259000509213975,12,ALB;GCLC;DCN;COL6A1;GCLM,GO:BP,Cancer_vs_Healthy
GOBP_REGULATION_OF_PROTEIN_DEPOLYMERIZATION,0.009660463133967893,0.05564426765165507,0.1750040159423417,0.4898540404649017,1.6668076839816164,31,ADD1;SPTBN1;SPTB;SPTAN1;GSN;DSTN;MTPN;TMOD1;CFL1;CAPG;TMOD3;CAPZA1;DMTN;MAP1B,GO:BP,Cancer_vs_Healthy
GOBP_REGULATION_OF_BLOOD_PRESSURE,0.009740724824523707,0.0559201744078969,0.1750040159423417,0.49875388921880276,1.6731258327084295,29,AGT;SERPINF2;TTR;SOD1;HBB;CTSZ;RHOA;MANF;CTSG;SOD2;GNA13;SNX5;ADH5;MME;COL1A2;GNA11,GO:BP,Cancer_vs_Healthy
GOBP_NEGATIVE_REGULATION_OF_CELL_DEVELOPMENT,0.009827659877510326,0.05623243797462862,0.17371321926215616,0.4932216251919217,1.6668723977460975,30,THY1;FBXO7;ANXA1;LGALS1;B2M;PRDX2;FBN1;C1QC;CTNNA1;CFL1;HMGB1,GO:BP,Cancer_vs_Healthy
GOBP_GLYCOSYL_COMPOUND_METABOLIC_PROCESS,0.009868421052631578,0.05624395526274458,0.1776735264392179,0.5441501526523806,1.6883053800937204,21,PNP;HPRT1;PGM2;AKR1C1;TYMP;AKR1C3;AKR1C2;ADK,GO:BP,Cancer_vs_Healthy
GOBP_REGULATION_OF_SYSTEMIC_ARTERIAL_BLOOD_PRESSURE,0.009894769907334695,0.05624395526274458,0.18191499890750512,0.5941451011881702,1.7159495233167643,16,AGT;SERPINF2;TTR;CTSZ;RHOA;MANF;CTSG;SOD2;MME,GO:BP,Cancer_vs_Healthy
GOBP_CARTILAGE_DEVELOPMENT,0.010208889586932621,0.05783921706957235,0.17905449926999345,0.5921259472689941,1.7101180080889444,16,EFEMP1;OGN;LUM;COL6A1;BGN;COMP;PTPN11;TGFBI;MUSTN1;CD44,GO:BP,Cancer_vs_Healthy
GOBP_BIOLOGICAL_PROCESS_INVOLVED_IN_SYMBIOTIC_INTERACTION,0.010261807656887252,0.05794903147418684,0.16324176812787977,0.41824474673277673,1.6104827198560656,56,FBLN1;FN1;LGALS1;APOL1;CD81;CAV1;PPIA;CAV2;MYH9;ITGB1;HMGB1;GPX1;LAMP1;MYH10;RAB7A;CTSB;EPS15;CTSG;NRP1;P4HB;GAPDH;LTF;RPSA;CTSL;PC;TRIM25;CHMP1B,GO:BP,Cancer_vs_Healthy
GOBP_NEGATIVE_REGULATION_OF_ORGANELLE_ORGANIZATION,0.01075806855141356,0.06032931282674866,0.15535473237528252,0.38539392355960667,1.5698634038459314,78,SNCA;CLU;ADD1;SPTBN1;SPTB;YAP1;SPTAN1;VAT1;GSN;GCLC;TUBB4A;HNRNPA1;MTPN;TMOD1;CFL1;SEC22B;GPX1;CORO1B;CAPG;RAB7A;TMOD3;MAPRE1;CAPZA1;DMTN;MAP1B;STMN1;HNRNPC;PFN1,GO:BP,Cancer_vs_Healthy
GOBP_NEGATIVE_REGULATION_OF_RESPONSE_TO_EXTERNAL_STIMULUS,0.010788054203394291,0.06032931282674866,0.15915345685540597,0.414068412772228,1.5944014331732013,56,SERPING1;A2M;APOE;SERPINF2;SOD1;PRDX2;HLA-B;ANXA2;CD9;DDT;GNAS;TTLL12;GPX1;YWHAZ;CORO1B;CRK;THBS1;SAMHD1;NRP1;PROS1;KLKB1;USP15;HLA-A;LTF,GO:BP,Cancer_vs_Healthy
GOBP_PROTEIN_LOCALIZATION_TO_MITOCHONDRION,0.010767160161507403,0.06032931282674866,0.2972329219997305,-0.32456470529306475,-1.5540700975788366,66,MAVS;MFN2;MARCHF5;MAPT;FIS1;AIFM1;PMPCB;HK1;MTX1;TIMM50;SAMM50;UBL5;DNM1L;PRKAA1;TIMM44;TIMM8A;NPEPPS;PIN1,GO:BP,Cancer_vs_Healthy
GOBP_DIGESTIVE_SYSTEM_PROCESS,0.010971537605342661,0.06096082630878495,0.17371321926215616,0.6115707473102325,1.708576889152043,14,SERPINA3;RBP4;EPB41;AKR1C1;TYMP;CD36;ACO1;AQP1;EZR;COPA,GO:BP,Cancer_vs_Healthy
GOBP_MUSCLE_CELL_MIGRATION,0.010971537605342661,0.06096082630878495,0.17371321926215616,0.6126942766564294,1.711715751309265,14,ANXA1;S100A11;PARVA;CORO1B;THBS4;CRK;NRP1,GO:BP,Cancer_vs_Healthy
GOBP_PROTEIN_DEPOLYMERIZATION,0.011039686975964226,0.061142881713032636,0.16219053457684138,0.46508997796595175,1.6373636315355593,36,ADD1;SPTBN1;SPTB;SPTAN1;GSN;DSTN;MTPN;TMOD1;CFL1;CLTC;CAPG;TMOD3;CAPZA1;DMTN;MAP1B;STMN1,GO:BP,Cancer_vs_Healthy
GOBP_POSITIVE_REGULATION_OF_HYDROLASE_ACTIVITY,0.011081948089822106,0.06118085079620638,0.16540638314681422,0.5127851053999425,1.672731576586278,26,THY1;S100A10;CORO1C;RHOA;RHOG;ITGB1;RSU1;LIMS1;PSAP;VCP;RCN3;RHOC;TGM2;SNX9;ITGA6;RANGAP1,GO:BP,Cancer_vs_Healthy
GOBP_REGULATION_OF_PROTEIN_POLYMERIZATION,0.011513583441138422,0.06336137638944965,0.15267585552746882,0.40571523321248226,1.596012196610195,63,SNCA;ADD1;ARPC5;CTTN;SPTBN1;SPTB;SPTAN1;GSN;TUBB4A;CYFIP1;MTPN;TMOD1;CFL1;ARPC3;CAPG;TMOD3;MAPRE1;CAPZA1;ARPC2;DMTN;ESAM;MAP1B;STMN1;PFN1;SNX9;VASP;LMOD3;HSP90AA1,GO:BP,Cancer_vs_Healthy
GOBP_REGULATION_OF_CELLULAR_RESPONSE_TO_GROWTH_FACTOR_STIMULUS,0.011629497879326857,0.06379610265230733,0.15627914647543964,0.4429263276539056,1.616764206177789,43,AGT;LRG1;FBN1;ILK;CAV1;DCN;ATP2B4;CAV2;CYFIP1;ASPN;SDCBP;ITGB1;UBE2O;FKBP1A;TNXB;THBS1;NRP1;CD63;USP15,GO:BP,Cancer_vs_Healthy
GOBP_MYELOID_CELL_DIFFERENTIATION,0.011698161717444401,0.06396969445488583,0.1509642069874211,0.39726997774351425,1.5767731769919229,67,BPGM;TF;FLNA;TPM4;CD81;B2M;BLVRB;FBN1;ANXA2;PITHD1;C1QC;MYH9;PTPN11;HMGB1;RPS14;G6PD;AP3B1;TMOD3;EIF6;CDC42;PRXL2A;DMTN;UBA5;FASN,GO:BP,Cancer_vs_Healthy
GOBP_CYTOSKELETON_DEPENDENT_CYTOKINESIS,0.011929824561403509,0.06503071559023742,0.15627914647543964,0.47225156548051417,1.6449061867185775,34,SPTBN1;ACTR2;ACTR3;ARF1;SEPTIN7;RHOA;SEPTIN10;IQGAP1;SEPTIN11;CFL1;SEPTIN2;MYH10;RHOC;DCTN3;STMN1;SNX9;SEPTIN9;POLDIP2,GO:BP,Cancer_vs_Healthy
GOBP_NEGATIVE_REGULATION_OF_RESPONSE_TO_WOUNDING,0.012009237875288684,0.06525774543553096,0.16324176812787977,0.5671546041328345,1.6908387235720987,18,SERPING1;APOE;SERPINF2;ANXA2;CD9;CRK;THBS1;PROS1;KLKB1,GO:BP,Cancer_vs_Healthy
GOBP_CARDIAC_MUSCLE_CELL_ACTION_POTENTIAL,0.012070006035003017,0.06538235244039252,0.229089382980959,-0.4890732656598705,-1.7355784094086057,21,ANK3;CAMK2D;ATP1A2;ATP1A1;ATP1B1;ATP2A2;CASQ2;CACNA2D1;BIN1;SLMAP;GPD1L;ANK2;DMD;SNTA1,GO:BP,Cancer_vs_Healthy
GOBP_REGULATION_OF_RHO_PROTEIN_SIGNAL_TRANSDUCTION,0.012270916334661354,0.06626294820717131,0.16431349235665232,0.617813151116569,1.694472764339138,13,APOE;ARRB1;ARHGDIA;ITGB1;ARHGDIB;FLOT1;FERMT2;STMN1;NRP1,GO:BP,Cancer_vs_Healthy
GOBP_ALPHA_BETA_T_CELL_ACTIVATION,0.012461059190031152,0.06708009433138265,0.15722006939374256,0.5317892991992446,1.671770209399367,22,PNP;ANXA1;LGALS1;CD81;LGALS3;RHOA;HLA-DRA;HMGB1;AP3B1,GO:BP,Cancer_vs_Healthy
GOBP_EXTRINSIC_APOPTOTIC_SIGNALING_PATHWAY,0.012816979051819184,0.06878180062591165,0.14930820690075336,0.44675034258915713,1.6145114347239253,41,AGT;CTTN;YAP1;PEA15;PRDX2;GCLC;CAV1;PDIA3;LGALS3;CTNNA1;GCLM;GPX1,GO:BP,Cancer_vs_Healthy
GOBP_REGULATION_OF_CELL_MORPHOGENESIS,0.01296551724137931,0.06936351019536671,0.14850014187143123,0.4482074824669261,1.613059350725905,40,FN1;SPARC;ANXA1;MSN;MYL12B;PARVA;CYFIP1;MYH9;SEPTIN7;CORO1C;RHOG;CFL1;CORO1B;MYH10;CRK;CD44;FERMT2;DMTN;GNA13;EZR;ITGA7,GO:BP,Cancer_vs_Healthy
GOBP_REGULATION_OF_CELL_KILLING,0.013035966703313962,0.06952515575100779,0.15817799958919573,0.5818470695580609,1.680431597693513,16,CFH;AZGP1;B2M;HLA-B;HLA-DRA;LAMP1;CRK;STX7,GO:BP,Cancer_vs_Healthy
GOBP_REACTIVE_NITROGEN_SPECIES_METABOLIC_PROCESS,0.013123359580052493,0.06977589339794064,0.15181288128745332,0.5054133297178952,1.6486844624462254,26,CLU;APOE;HBB;DDAH2;CAV1;ATP2B4;CD36;CYGB;SOD2;HSP90AA1;MTARC2;CYB5R3;KHSRP;PTGIS;STAT1;PRDX5,GO:BP,Cancer_vs_Healthy
GOBP_RESPONSE_TO_FATTY_ACID,0.013226263580538498,0.07010731124898933,0.15722006939374256,0.5902362420843694,1.6793520234366974,15,CAT;ALAD;AKR1C1;AKR1C3;AKR1C2;CD36,GO:BP,Cancer_vs_Healthy
GOBP_MORPHOGENESIS_OF_AN_EPITHELIAL_SHEET,0.013282125140022404,0.07018811083167803,0.15817799958919573,0.6295298290610392,1.6925118847742764,12,LRG1;FLNA;LCP1;RHOA;ITGB1;RHOC;CD44;FERMT2,GO:BP,Cancer_vs_Healthy
GOBP_CYTOKINESIS,0.013327893376852985,0.07021524315610353,0.1453927802364807,0.43406473004298984,1.59373915776801,44,SPTBN1;ACTR2;ACTR3;MYH9;ARF1;SEPTIN7;RHOA;SEPTIN10;IQGAP1;SEPTIN11;CFL1;CALM1;SEPTIN2;MYH10;CDC42;RHOC;DCTN3;STMN1;SNX9;SEPTIN9;POLDIP2,GO:BP,Cancer_vs_Healthy
GOBP_IRON_ION_TRANSPORT,0.013383719099354433,0.07029503526955763,0.15627914647543964,0.5892150583604848,1.6764465309732899,15,TF;ARHGAP1;B2M;STEAP4;CYBRD1;CLTC;RAB11B,GO:BP,Cancer_vs_Healthy
GOBP_POSITIVE_REGULATION_OF_LAMELLIPODIUM_ASSEMBLY,0.013588736083824493,0.07115556349348098,0.15817799958919573,0.6633663739832472,1.6837451798082992,10,FSCN1;ACTR2;ACTR3;CYFIP1;CFL1;CDC42;ARPC2;HSP90AA1,GO:BP,Cancer_vs_Healthy
GOBP_LEUKOCYTE_PROLIFERATION,0.014103792961796521,0.0729681264610311,0.14176653797590688,0.4416909308284528,1.6046667648612538,42,PNP;CLU;HPRT1;ANXA1;CD81;PRDX2;MSN;LGALS3;PTPN11;CNN2;HMGB1,GO:BP,Cancer_vs_Healthy
GOBP_NEPHRON_EPITHELIUM_DEVELOPMENT,0.014082253160505681,0.0729681264610311,0.15355353685909953,0.6282315349166601,1.6890213777834133,12,AGT;YAP1;ILK;CD34;IQGAP1;LAMB2;AQP1,GO:BP,Cancer_vs_Healthy
GOBP_REGULATION_OF_PLASMA_LIPOPROTEIN_PARTICLE_LEVELS,0.014067089194620498,0.0729681264610311,0.1509642069874211,0.5678776399200278,1.6686626281829355,17,APOC2;AGT;APOE;ANXA2;EHD1;APOM;HNRNPK;CD36;APOC1,GO:BP,Cancer_vs_Healthy
GOBP_REGULATION_OF_STEROL_TRANSPORT,0.01402390438247012,0.0729681264610311,0.15355353685909953,0.6143242889908269,1.6849038811906973,13,APOC2;APOE;ANXA2;CAV1;APOC1;ABCA8;MAPK3;SCP2;LAMTOR1;CES1,GO:BP,Cancer_vs_Healthy
GOBP_REGULATION_OF_T_CELL_MIGRATION,0.01424361493123772,0.07347154209307098,0.15444634885596145,0.6595002469408091,1.6739322423011653,10,APOD;RHOA;CRK;P4HB;ADAM10;ECM1,GO:BP,Cancer_vs_Healthy
GOBP_CALCIUM_ION_TRANSPORT,0.014395886889460155,0.07403598971722367,0.27471745859524166,-0.2937633319240422,-1.4769138180150287,84,CAMK2B;PLN;CAMK2D;ATP1A2;DHRS7C;NOL3;CUL5;ATP1B1;PMPCB;CACNB1;STIM1;UBQLN1;RYR1;ATP2A2;CASQ2;CACNG1;CACNA2D1;BIN1;SRL;MCU;CACNB3;AFG3L2;NIPSNAP2;CACNA1S;DNM1L;ATP2A3;VDAC1,GO:BP,Cancer_vs_Healthy
GOBP_REGULATION_OF_FIBROBLAST_MIGRATION,0.014562329972795647,0.07466975131451299,0.1509642069874211,0.6269942661755792,1.6856949396191367,12,AKAP12;CORO1C;ITGB1;CYGB;AQP1;THBS1;DMTN;GNA13,GO:BP,Cancer_vs_Healthy
GOBP_PROTEIN_LOCALIZATION_TO_CELL_PERIPHERY,0.014918012575514733,0.07626723588902207,0.13063133623685996,0.36447543019801365,1.515442987642921,89,SNCA;ANK1;EPB41;SPTBN1;FLNA;EPB41L2;FLOT2;CD81;EHD2;EHD1;ILK;CAV1;S100A10;ATP2B4;LGALS3;PICALM;EHD4;RAB8A;RHOG;ACTB;ITGB1;SORBS1;HSP90B1;CLTC;RAB7A;FLOT1;GNAI1;STX7;VAMP2,GO:BP,Cancer_vs_Healthy
GOBP_DEOXYRIBONUCLEOTIDE_METABOLIC_PROCESS,0.01526474797265066,0.07780968878094495,0.14692213573209795,0.5972168700685179,1.6684757184652794,14,PNP;TYMP;GUK1;ADK;DUT;SAMHD1,GO:BP,Cancer_vs_Healthy
GOBP_ENDOCRINE_PROCESS,0.015682509201472235,0.07906146583700932,0.1453927802364807,0.6241638633410973,1.6780853074541215,12,AGT;SERPINF2;CTSZ;RHOA;PTPN11;AQP1;CTSG;MME,GO:BP,Cancer_vs_Healthy
GOBP_MYELOID_LEUKOCYTE_ACTIVATION,0.015667283862697622,0.07906146583700932,0.13711191525522617,0.4796580216499511,1.621033376901696,30,SNCA;CLU;FN1;ANXA1;HSPA12A;NDRG1;PTPN11;HMGB1;SNAP23;THBS1;VAMP2;S100A13;CTSG;PTGDS,GO:BP,Cancer_vs_Healthy
GOBP_MYOBLAST_FUSION,0.01573908810644167,0.07906146583700932,0.14615153430494887,0.6371424201126328,1.6647778949800986,11,CD81;EHD2;CD9;EHD1;MYH9;ITGB1;FLOT1,GO:BP,Cancer_vs_Healthy
GOBP_REGULATION_OF_HYDROLASE_ACTIVITY,0.015591106290672452,0.07906146583700932,0.13405093433856183,0.4259030379520321,1.5754619582422267,46,SOD1;THY1;S100A10;CORO1C;RHOA;RHOG;ITGB1;RSU1;HMGB1;LIMS1;PSAP;VCP;RCN3;CRK;RHOC;STMN1;TGM2;SNX9;GAPDH;ITGA6;EPM2A;RANGAP1,GO:BP,Cancer_vs_Healthy
GOBP_SYNCYTIUM_FORMATION,0.01573908810644167,0.07906146583700932,0.14615153430494887,0.6371424201126328,1.6647778949800986,11,CD81;EHD2;CD9;EHD1;MYH9;ITGB1;FLOT1,GO:BP,Cancer_vs_Healthy
GOBP_POSITIVE_REGULATION_OF_PLASMA_MEMBRANE_BOUNDED_CELL_PROJECTION_ASSEMBLY,0.015849282296650717,0.07938423132931142,0.13971521655337235,0.5250188999898548,1.6289478725369626,21,FSCN1;ACTR2;ACTR3;CYFIP1;SEPTIN7;CFL1;CDC42;ARPC2;NRP1;PFN1;SEPTIN9;HSP90AA1,GO:BP,Cancer_vs_Healthy
GOBP_ANTIGEN_PROCESSING_AND_PRESENTATION_OF_PEPTIDE_ANTIGEN,0.015996343692870202,0.07988925404994136,0.14038920200174856,0.5474093494160315,1.6546202585470495,19,AZGP1;B2M;HLA-B;PDIA3;CTSD;HLA-DRA;CALR;HLA-A;LGMN;CTSL,GO:BP,Cancer_vs_Healthy
GOBP_EPITHELIAL_TUBE_MORPHOGENESIS,0.016388810398417632,0.08137892059903928,0.13346262248139695,0.463769620578568,1.6034782462281942,33,AGT;YAP1;ILK;CLIC4;CTSZ;RHOA;CFL1;KRAS;NRP1;RPS7;PFN1;CTSH;GNA13;VASP;COL4A1;PPP3R1;TMED2;CASP3;RALA,GO:BP,Cancer_vs_Healthy
GOBP_GRANULOCYTE_MIGRATION,0.016386247256766642,0.08137892059903928,0.13586292637765363,0.5043884430337877,1.6334206759691763,25,S100A9;ANXA1;S100A8;PPIA;MPP1;PPIB;LGALS3;ITGA1;PPBP;THBS4;THBS1,GO:BP,Cancer_vs_Healthy
GOBP_EPIBOLY,0.016712639948077236,0.08274911699219903,0.14176653797590688,0.6353264848456011,1.6600330705957251,11,LRG1;FLNA;LCP1;RHOA;ITGB1;RHOC;CD44;FERMT2,GO:BP,Cancer_vs_Healthy
GOBP_CELLULAR_RESPONSE_TO_OXYGEN_RADICAL,0.017361674509167615,0.08540201643649921,0.13905071246926654,0.63427740928982,1.6572919600680043,11,SOD1;SOD3;PRDX2;CCS;CD36;CYGB;SOD2;PRDX1,GO:BP,Cancer_vs_Healthy
GOBP_MACROMOLECULE_METHYLATION,0.017396707051879467,0.08540201643649921,0.19311396334681513,-0.4445756028939215,-1.6408240445054907,24,GSPT1;PRMT1;SNRPB;PRMT5;ETF1;HSD17B10;FAM98B;TRMT112;SNRPD1;SETD7;NTMT1;SNRPD2;FAM98A;LCMT1,GO:BP,Cancer_vs_Healthy
GOBP_NEGATIVE_REGULATION_OF_IMMUNE_EFFECTOR_PROCESS,0.017313340547225227,0.08540201643649921,0.13586292637765363,0.5617520616763902,1.6506631107294787,17,SERPING1;A2M;ANXA1;LGALS1;HLA-B;LGALS3;USP5;CRK,GO:BP,Cancer_vs_Healthy
GOBP_VESICLE_MEDIATED_TRANSPORT_IN_SYNAPSE,0.017496994790971016,0.08565101132803943,0.12546307449003974,0.41145454190461367,1.5540369410409176,51,SNCA;RAP1B;AP2A1;PLS3;AP2A2;SNCG;RAB8A;ARHGDIA;ACTB;ARPC3;CALM1;RAB7A;SNAP23;AP2B1;EPS15;VAMP2;NAPA;RAB4A;SNX9;AP2M1;VPS35;PPP3R1;CASP3;AP1G1;RALA;CANX;CLTA;EPS15L1;RAC1,GO:BP,Cancer_vs_Healthy
GOBP_CELLULAR_RESPONSE_TO_MOLECULE_OF_BACTERIAL_ORIGIN,0.017831870931219927,0.08693491201249064,0.12797030576243018,0.4649585362941765,1.596124268109099,32,DEFA3;VIM;B2M;PRDX2;RHOA;CD36;PABPN1;PPBP;PTPN11;HMGB1,GO:BP,Cancer_vs_Healthy
GOBP_TRANSITION_METAL_ION_TRANSPORT,0.017859892224788298,0.08693491201249064,0.13346262248139695,0.5521884849162048,1.6462207415815175,18,TF;ARHGAP1;B2M;STEAP4;CYBRD1;CLTC;RAB11B,GO:BP,Cancer_vs_Healthy
GOBP_CHOLESTEROL_EFFLUX,0.01812688821752266,0.08787621321591367,0.13464697390437824,0.5915116776801683,1.6525368268394585,14,APOC2;APOE;APOM;CAV1;NPC2;APOC1;ABCA8;MAPK3;LAMTOR1;CES1,GO:BP,Cancer_vs_Healthy
GOBP_NEGATIVE_REGULATION_OF_SECRETION,0.0181549815498155,0.08787621321591367,0.12954746755009747,0.509671973802237,1.617936962102382,23,SNCA;APOE;ANXA1;GNAI2;RAP1B;PSMD9;PTPN11;RAB7A;GNAI1,GO:BP,Cancer_vs_Healthy
GOBP_MUSCLE_CELL_APOPTOTIC_PROCESS,0.01843191196698762,0.08896744100266651,0.1763237517377301,-0.5258180406693973,-1.7147670681583895,16,MFN2;CAMK2D;NOL3;STUB1;ATP2A2;MAP2K4;NACA,GO:BP,Cancer_vs_Healthy
GOBP_NEGATIVE_REGULATION_OF_ENDOTHELIAL_CELL_MIGRATION,0.018562970075212033,0.08935045206118772,0.13346262248139695,0.614672518786978,1.652567511920438,12,APOE;SERPINF1;DCN;ATP2B4;RHOA;HMGB1;THBS1,GO:BP,Cancer_vs_Healthy
GOBP_EXOCYTOSIS,0.018615626638699527,0.08935500786575773,0.12042065316743104,0.39761388063797665,1.5417497649359049,58,SNCA;ANK1;ANXA1;ANXA2;GNAI2;RAP1B;S100A10;STAM;MYH9;RAB8A;SDCBP;LAMP1;RAB11B;MYH10;RAB7A;SNAP23;VAMP2;NAPA;S100A13;PTGDS,GO:BP,Cancer_vs_Healthy
GOBP_POSITIVE_REGULATION_OF_ADAPTIVE_IMMUNE_RESPONSE,0.018937644341801386,0.09064889036740385,0.12954746755009747,0.5477217290103173,1.6329041541829783,18,C3;AZGP1;CD81;B2M;HLA-B;HLA-DRA;STX7,GO:BP,Cancer_vs_Healthy
GOBP_RESPONSE_TO_REACTIVE_OXYGEN_SPECIES,0.019293870586691166,0.09209891815967496,0.11831785640414004,0.39822583903217273,1.5386321960852292,57,CAT;APOE;HBA1;HP;SOD1;SOD3;HBB;PRDX2;APOD;CCS;COL6A1;TXN;CD36;CFL1;GPX1;CYGB;AQP1;CRK,GO:BP,Cancer_vs_Healthy
GOBP_ANTIGEN_PROCESSING_AND_PRESENTATION_OF_EXOGENOUS_ANTIGEN,0.01936309809569531,0.09217474795967355,0.13063133623685996,0.6123187755790875,1.6462393950161074,12,B2M;CTSD;HLA-DRA;PSME1;AP3B1;HLA-A;LGMN;CTSL,GO:BP,Cancer_vs_Healthy
GOBP_LUNG_MORPHOGENESIS,0.019681939851991813,0.09239419496998708,0.12848971465340803,0.573930566167806,1.63295878647232,15,YAP1;COL6A1;CTSZ;AP3B1;CDC42;KRAS;CTSH;MAPK3;SRSF6,GO:BP,Cancer_vs_Healthy
GOBP_NEGATIVE_REGULATION_OF_CELLULAR_RESPONSE_TO_GROWTH_FACTOR_STIMULUS,0.019683149303888623,0.09239419496998708,0.12954746755009747,0.6116577865161636,1.6444623039346997,12,AGT;FBN1;CAV1;DCN;ATP2B4,GO:BP,Cancer_vs_Healthy
GOBP_POSITIVE_REGULATION_OF_REACTIVE_OXYGEN_SPECIES_METABOLIC_PROCESS,0.01973001038421599,0.09239419496998708,0.12449997625338785,0.5121432217353941,1.6100094197688255,22,SNCA;AGT;SOD1;AKR1C1;GNAI2;AKR1C3;ELAVL1;CD36;CBR1;THBS1,GO:BP,Cancer_vs_Healthy
GOBP_POSTSYNAPSE_ORGANIZATION,0.01970853573907009,0.09239419496998708,0.12042065316743104,0.4388861707693969,1.5617072816584399,38,APOE;CTTN;DBNL;ARF1;RHOG;ACTB;CFL1;MYH10;CRK;CDC42;MAP1B;NRP1;GNA13;EZR;ADAM10;ACTN1;LGMN;MESD;EEF2K;VPS35;DNAJA3,GO:BP,Cancer_vs_Healthy
GOBP_PROTEIN_NEDDYLATION,0.019530144353240873,0.09239419496998708,0.17371321926215616,-0.5092889071862358,-1.6880472022747448,17,COPS7A;COPS5;UBE2M;GPS1;RNF7;COPS8;COPS3;UBE2F;COPS6;COPS2;COPS4;RPL11;NAE1;UBA3,GO:BP,Cancer_vs_Healthy
GOBP_REGULATION_OF_CD4_POSITIVE_ALPHA_BETA_T_CELL_ACTIVATION,0.01948264571054355,0.09239419496998708,0.1317424171424848,0.6476695115232312,1.6439036720959515,10,ANXA1;LGALS1;CD81;HLA-DRA;HMGB1,GO:BP,Cancer_vs_Healthy
GOBP_CELL_CELL_RECOGNITION,0.01983939537080775,0.09265533838042106,0.12797030576243018,0.5730041633538591,1.6303229665595589,15,CD81;MSN;CD9;LGALS3,GO:BP,Cancer_vs_Healthy
GOBP_CORTICAL_CYTOSKELETON_ORGANIZATION,0.02010968921389397,0.09366453628465979,0.12497879111958893,0.5391059383635163,1.6295220534155666,19,EPB41;TLN1;EPB41L2;LCP1;EHD2;IQGAP1;RHOG;CALR;CAVIN3,GO:BP,Cancer_vs_Healthy
GOBP_PYRIMIDINE_CONTAINING_COMPOUND_METABOLIC_PROCESS,0.0201693610469592,0.093689935185875,0.12546307449003974,0.5451426070801622,1.625215105728566,18,NME1;TYMP;NME2;DPYSL2;CMPK1;DUT,GO:BP,Cancer_vs_Healthy
GOBP_OSSIFICATION,0.02038149986934936,0.0941690689150687,0.11479040423284313,0.39067347768268834,1.5215810830786178,60,CAT;CLIC1;CLEC3B;YAP1;TPM4;ILK;COL6A1;IFITM1;RHOA;ASPN;COMP;PTPN11;CLTC;ALYREF;FERMT2;FASN;HNRNPC;MRC2;OSTF1;LTF;ACTN3;COL1A2;MAPK3;SYNCRIP;MESD;ECM1;RBMX,GO:BP,Cancer_vs_Healthy
GOBP_REGULATION_OF_PHAGOCYTOSIS,0.02033492822966507,0.0941690689150687,0.12309533085096205,0.5165910263529314,1.6027991627835765,21,C3;SOD1;C4A;ATG3;CD36;CNN2;HMGB1;CALR;TGM2;C2,GO:BP,Cancer_vs_Healthy
GOBP_NEGATIVE_REGULATION_OF_EPITHELIAL_CELL_PROLIFERATION,0.02083002067101288,0.09572945670082515,0.12546307449003974,0.5859145707666145,1.636899899205704,14,APOE;SERPINF1;SPARC;B2M;CAV1;CAV2,GO:BP,Cancer_vs_Healthy
GOBP_POSITIVE_REGULATION_OF_GTPASE_ACTIVITY,0.020784128483703354,0.09572945670082515,0.12497879111958893,0.5707261096588049,1.6238414023831935,15,THY1;S100A10;CORO1C;RHOG;ITGB1;RSU1;LIMS1;TGM2;SNX9;ITGA6;RANGAP1,GO:BP,Cancer_vs_Healthy
GOBP_ACETYL_COA_METABOLIC_PROCESS,0.02112251056125528,0.09681617572904277,0.17245031747725653,-0.4622928543646483,-1.6405425387065777,21,MPC2;ACACA;DLAT;PDHX;DLD;PDHB;DLST;PDHA1;ACAT1,GO:BP,Cancer_vs_Healthy
GOBP_REGULATION_OF_GTPASE_ACTIVITY,0.021402214022140223,0.09783869267264102,0.11914593408036928,0.5046825127357928,1.6020980816158845,23,SOD1;THY1;S100A10;CORO1C;RHOG;ITGB1;RSU1;LIMS1;CRK;STMN1;TGM2;SNX9;ITGA6;RANGAP1,GO:BP,Cancer_vs_Healthy
GOBP_KERATINOCYTE_DIFFERENTIATION,0.02155504234026174,0.09827734344056012,0.12129310519101276,0.5416965121019329,1.6149413800251375,18,YAP1;ANXA1;AKR1C3;NME2;CLIC4;ASAH1,GO:BP,Cancer_vs_Healthy
GOBP_CORTICAL_ACTIN_CYTOSKELETON_ORGANIZATION,0.02172886159659896,0.09880913904979738,0.12218443330405154,0.5697508944306012,1.6210667004079529,15,EPB41;TLN1;EPB41L2;LCP1;EHD2;IQGAP1;CALR;CAVIN3,GO:BP,Cancer_vs_Healthy
GOBP_SPROUTING_ANGIOGENESIS,0.021937842778793418,0.09949761764240164,0.1195664178161683,0.5342966687376707,1.6149853726660908,19,ANXA1;PACSIN2;PARVA;EHD4;RHOA;ITGB1;HMGB1;THBS1;NRP1;TGM2,GO:BP,Cancer_vs_Healthy
GOBP_POSITIVE_REGULATION_OF_PROTEOLYSIS,0.022050137813361334,0.09974512602483872,0.11053470074733461,0.39313748903029966,1.5189722484613892,57,CLU;APOE;TF;CLEC3B;GSN;GCLC;ANXA2;SUMO2;CAV1;S100A10;MYH9;CFL1;VCP;RCN3;USP5;BCAP31;KLKB1;ENO1;SNX9,GO:BP,Cancer_vs_Healthy
GOBP_MORPHOGENESIS_OF_A_BRANCHING_STRUCTURE,0.022129186602870814,0.09984134321086363,0.11791011662349678,0.5137563211352862,1.5940040755331142,21,AGT;YAP1;ILK;CLIC4;CTSZ;KRAS;NRP1;TGM2;CTSH;GNA13;COL4A1;PPP3R1;TMED2,GO:BP,Cancer_vs_Healthy
GOBP_NEGATIVE_REGULATION_OF_NEURON_PROJECTION_DEVELOPMENT,0.02226109079344888,0.10017490857051996,0.12129310519101276,0.5814230840448683,1.624351799996479,14,APOE;THY1;VIM;B2M,GO:BP,Cancer_vs_Healthy
GOBP_RESPONSE_TO_FUNGUS,0.022429600523903078,0.10067103819559614,0.12263739117792115,0.642777863575578,1.6314877749745391,10,S100A9;DEFA3;S100A8;CRK;CTSG;GAPDH;USP15;LTF,GO:BP,Cancer_vs_Healthy
GOBP_DEFENSE_RESPONSE_TO_GRAM_POSITIVE_BACTERIUM,0.022738114167594213,0.10175484110071342,0.1199912983547285,0.5806886038322111,1.6222998445646586,14,DEFA3;B2M;LYZ;CD36;CTSG;HLA-A;LTF;HMGB2,GO:BP,Cancer_vs_Healthy
GOBP_POSITIVE_REGULATION_OF_ALPHA_BETA_T_CELL_ACTIVATION,0.022788844621513944,0.10175484110071342,0.1199912983547285,0.5908674099558611,1.6205688268311182,13,PNP;ANXA1;CD81;RHOA;HLA-DRA;AP3B1,GO:BP,Cancer_vs_Healthy
GOBP_REGULATION_OF_NEURON_PROJECTION_DEVELOPMENT,0.02296889355558472,0.10229445377332577,0.10825644000893633,0.39164495934028337,1.5132055351806706,57,APOE;SERPINF1;S100A9;FN1;THY1;FBXO7;VIM;B2M;EHD1;AP2A1;RHOA;TUBB2B;CFL1;CRK;YWHAH;MAP1B;NRP1,GO:BP,Cancer_vs_Healthy
GOBP_ENDOTHELIAL_CELL_PROLIFERATION,0.023616236162361623,0.1046380925347715,0.11331886898505378,0.5008907842112285,1.590061363794451,23,APOE;SPARC;LRG1;CAV1;CAV2;CD34;HMGB1;THBS4;THBS1;NRP1;ECM1;HMGB2;STAT1;PDCD6,GO:BP,Cancer_vs_Healthy
GOBP_POSITIVE_REGULATION_OF_PROTEIN_LOCALIZATION_TO_CELL_PERIPHERY,0.02358700489541611,0.1046380925347715,0.11368155279153276,0.5071283196926539,1.594244221313849,22,SNCA;EPB41;SPTBN1;EPB41L2;ATP2B4;LGALS3;RHOG;ITGB1;SORBS1,GO:BP,Cancer_vs_Healthy
GOBP_EPIDERMIS_DEVELOPMENT,0.023951266786653744,0.10585112278091476,0.10889328195117924,0.4298583254913768,1.5383876069893319,39,SOD1;YAP1;ANXA1;FLOT2;AKR1C3;NME2;COL6A1;GNAS;CLIC4;FABP5;ASAH1;AP3B1,GO:BP,Cancer_vs_Healthy
GOBP_GLYCEROPHOSPHOLIPID_BIOSYNTHETIC_PROCESS,0.02444176222088111,0.10762441525086884,0.16014698350927883,-0.45463020288768113,-1.6133500229915678,21,ACSL3;LPCAT3;PIP4K2B;MTM1;IMPA2;PCYT2,GO:BP,Cancer_vs_Healthy
GOBP_SENSORY_ORGAN_MORPHOGENESIS,0.024477080551846907,0.10762441525086884,0.11155506943652808,0.5063803245090515,1.5918927710936137,22,RBP4;SOD1;THY1;SPARC;EFEMP1;FBN1,GO:BP,Cancer_vs_Healthy
GOBP_NEGATIVE_REGULATION_OF_CYTOPLASMIC_PATTERN_RECOGNITION_RECEPTOR_SIGNALING_PATHWAY,0.02480752780153978,0.10880052802299679,0.15444634885596145,-0.4909078580854366,-1.6626595255904264,18,MARCHF5;NLRX1;UBQLN1;PRKDC;C1QBP;UFD1;NPLOC4,GO:BP,Cancer_vs_Healthy
GOBP_BONE_DEVELOPMENT,0.02506265664160401,0.10962864453085473,0.10986947213170659,0.4906558349195173,1.5727601820336077,24,OGN;FBN1;ANXA2;PLS3;PPIB;COL6A1;GNAS;BGN;RHOA;COMP,GO:BP,Cancer_vs_Healthy
GOBP_REGULATION_OF_EXTRACELLULAR_MATRIX_ORGANIZATION,0.025123231038320877,0.10962864453085473,0.11404766663142915,0.5750342884417523,1.6065030906443571,14,AGT;FSCN1;COL6A1;CST3;NID1;LAMC1;LAMB2;TNXB;AEBP1,GO:BP,Cancer_vs_Healthy
GOBP_MITOCHONDRIAL_ELECTRON_TRANSPORT_CYTOCHROME_C_TO_OXYGEN,0.02522135766031661,0.10977961218394737,0.14850014187143123,-0.5532237278153246,-1.6848992861070855,13,NDUFA4;MT-CO2;COX7C;COX7A1;COX5A;COX4I1;COX5B;COX7A2;COX6B1,GO:BP,Cancer_vs_Healthy
GOBP_ADENYLATE_CYCLASE_MODULATING_G_PROTEIN_COUPLED_RECEPTOR_SIGNALING_PATHWAY,0.02541866028708134,0.10987670266564664,0.10986947213170659,0.5091102793957191,1.5795890519834246,21,GNAI3;AKAP12;FLNA;GNAI2;GNB1;ATP2B4;GNAS;GNG2;PSAP;GNAQ;GNAI1,GO:BP,Cancer_vs_Healthy
GOBP_NEURON_PROJECTION_REGENERATION,0.02549800796812749,0.10987670266564664,0.11331886898505378,0.5871716826807887,1.610432575764404,13,THY1;APOD;CTNNA1;LAMB2;MAP1B,GO:BP,Cancer_vs_Healthy
GOBP_REGULATION_OF_RECEPTOR_INTERNALIZATION,0.02547460652279734,0.10987670266564664,0.11441726515321372,0.6170940044698461,1.6123937526943215,11,ANXA2;ARRB1;ARF1;SDCBP;FLOT1;CD63;AP2M1;PPP3R1;RALA;LRPAP1,GO:BP,Cancer_vs_Healthy
GOBP_VIRAL_TRANSLATION,0.0253130828670397,0.10987670266564664,0.1477048969054665,-0.5725859889869674,-1.6956609279349373,12,EIF3B;EIF3A;CSDE1;EIF3D;EIF3L;MCTS1;DENR,GO:BP,Cancer_vs_Healthy
GOBP_MACROPHAGE_MIGRATION,0.025636865163069934,0.10992680645604179,0.11404766663142915,0.6168320539163352,1.6117093068352848,11,CD81;CD9;DDT;LGALS3;CNN2;THBS1;MAPK3;MIF,GO:BP,Cancer_vs_Healthy
GOBP_PROTEIN_METHYLATION,0.025584594222833563,0.10992680645604179,0.14930820690075336,-0.5120727902837267,-1.6699418608016134,16,GSPT1;PRMT1;SNRPB;PRMT5;ETF1;FAM98B,GO:BP,Cancer_vs_Healthy
GOBP_NEGATIVE_REGULATION_OF_CELL_PROJECTION_ORGANIZATION,0.025830258302583026,0.11020910209102092,0.10825644000893633,0.49781152325160827,1.5802863508869107,23,APOE;THY1;YAP1;VIM;B2M;CFL1;YWHAH;NRP1;GDI2,GO:BP,Cancer_vs_Healthy
GOBP_PYRUVATE_METABOLIC_PROCESS,0.025822573927530196,0.11020910209102092,0.183397180948084,-0.31872838541637455,-1.469002045547248,56,MPC2;BCL2L13;PFKL;DLAT;PDHX;DLD;HK1;PDHB;PDHA1;SLC16A1;FBP1;PPP2CA;OGDH;PFKM;VDAC1;PFKFB2;PRKAG1;ENO3;PKM;PRKAA1;ME1,GO:BP,Cancer_vs_Healthy
GOBP_RESPONSE_TO_TYPE_II_INTERFERON,0.025917297612114153,0.11030810412249571,0.1073213162511205,0.47534588729983246,1.56362314470372,27,SNCA;VIM;GSN;ACTR2;MYO1C;ACTR3;ZYX;IFITM1;CD58;CALM1,GO:BP,Cancer_vs_Healthy
GOBP_KETONE_BIOSYNTHETIC_PROCESS,0.026134800550206328,0.11041793484292552,0.1477048969054665,-0.5103676683834408,-1.6643812168988605,16,COQ8A;COQ7;COQ3;H6PD;FDXR;COQ5;SIRT5;COQ9;COQ6;RTN4IP1;NDUFA9,GO:BP,Cancer_vs_Healthy
GOBP_POSITIVE_REGULATION_OF_PHAGOCYTOSIS,0.02608417346775484,0.11041793484292552,0.11225086897822098,0.601665872177037,1.6175987098841331,12,C3;SOD1;C4A;CD36;CALR;C2,GO:BP,Cancer_vs_Healthy
GOBP_REGULATION_OF_SYSTEMIC_ARTERIAL_BLOOD_PRESSURE_MEDIATED_BY_A_CHEMICAL_SIGNAL,0.026123641083887716,0.11041793484292552,0.11295956175654741,0.6152846723815569,1.6076661816361435,11,AGT;SERPINF2;CTSZ;RHOA;CTSG;SOD2;MME,GO:BP,Cancer_vs_Healthy
GOBP_ANTIGEN_PROCESSING_AND_PRESENTATION_OF_PEPTIDE_OR_POLYSACCHARIDE_ANTIGEN_VIA_MHC_CLASS_II,0.026448158364432907,0.11134356909136672,0.11225086897822098,0.6149439952427689,1.6067760325076659,11,B2M;CTSD;HLA-DRA;THBS1;LGMN;CTSL,GO:BP,Cancer_vs_Healthy
GOBP_FOREBRAIN_DEVELOPMENT,0.026482758620689655,0.11134356909136672,0.10325026070418941,0.42441465897609765,1.5274310693754618,40,SLC2A1;HPRT1;FLNA;B2M;ATP2B4;CORO1C;RHOA;TUBB2B;CFL1;DNAJB1;RAN;MYH10;AQP1;CRK;ATIC;TUBB2A;KRAS;NRP1;YWHAE,GO:BP,Cancer_vs_Healthy
GOBP_CONNECTIVE_TISSUE_DEVELOPMENT,0.02668416447944007,0.1114441993703949,0.10581401851061817,0.4790572012181911,1.5627094060068707,26,EFEMP1;OGN;LUM;COL6A1;CD34;BGN;COMP;PTPN11;TGFBI;CRIP1;MUSTN1;CD44,GO:BP,Cancer_vs_Healthy
GOBP_PIGMENT_METABOLIC_PROCESS,0.02670017276582378,0.1114441993703949,0.10986947213170659,0.5504606674107838,1.5897845794894678,16,UROD;ALAD;BLVRB;DDT;BLVRA;HMBS,GO:BP,Cancer_vs_Healthy
GOBP_STRESS_FIBER_ASSEMBLY,0.026643747314138374,0.1114441993703949,0.104938859783548,0.4632476487610496,1.5540161687712277,29,SERPINF2;S100A10;ZYX;ARRB1;RHOA;ITGB1;SORBS1;MYL9;CDC42;RHOC;FERMT2;STMN1;NRP1;PFN1,GO:BP,Cancer_vs_Healthy
GOBP_NUCLEOSIDE_MONOPHOSPHATE_METABOLIC_PROCESS,0.027134536155703937,0.11298428548688288,0.10352617950193847,0.4551868247957232,1.5488468697668465,31,PNP;HPRT1;TYMP;GUK1;MPP1;CMPK1;ADK;DUT;GMPR2;ATIC,GO:BP,Cancer_vs_Healthy
GOBP_PHENOL_CONTAINING_COMPOUND_METABOLIC_PROCESS,0.027508347909047545,0.11420406400053168,0.10889328195117924,0.5702722582558712,1.5931991601394642,14,SNCA;HPRT1;FAH;DDT;SULT1A1;CTSB;ALDH2;MAOA,GO:BP,Cancer_vs_Healthy
GOBP_POSITIVE_REGULATION_OF_INTRINSIC_APOPTOTIC_SIGNALING_PATHWAY,0.027559661277906083,0.11420406400053168,0.10701482812120706,0.5319435898626611,1.5858653248014263,18,CLU;S100A9;SOD1;S100A8;CAV1;EIF5A;BCAP31;RPS7;SFPQ,GO:BP,Cancer_vs_Healthy
GOBP_NEGATIVE_REGULATION_OF_INNATE_IMMUNE_RESPONSE,0.02802708234923634,0.11586315382650812,0.1073213162511205,0.5590498169572422,1.5906197796218355,15,SERPING1;A2M;HLA-B;TTLL12;YWHAZ;CRK;SAMHD1;USP15;HLA-A,GO:BP,Cancer_vs_Healthy
GOBP_FIBROBLAST_GROWTH_FACTOR_RECEPTOR_SIGNALING_PATHWAY,0.028323510150622136,0.11680913016772089,0.10889328195117924,0.6301877201188517,1.599531688278331,10,IQGAP1;ITGB1;PTPN11;RAB14;THBS1,GO:BP,Cancer_vs_Healthy
GOBP_REGULATION_OF_THE_FORCE_OF_HEART_CONTRACTION,0.028548343657419876,0.11745604247624176,0.13971521655337235,-0.5274169694744557,-1.6441541724294861,14,PLN;CAMK2D;ATP1A2;ATP1A1;CSRP3;GAA;ATP2A2,GO:BP,Cancer_vs_Healthy
GOBP_ADHERENS_JUNCTION_ORGANIZATION,0.02865094957432875,0.11759819682764866,0.10825644000893633,0.6298722034711819,1.5987308493219134,10,ADD1;ACTB;VCL;CDC42;FERMT2;ADAM10,GO:BP,Cancer_vs_Healthy
GOBP_MITOCHONDRIAL_FISSION,0.02877697841726619,0.11783558934842647,0.13839546889485557,-0.5634206088921216,-1.6685184948062488,12,MARCHF5;SLC25A46;MAPT;FIS1;OPA1;MCU;DNM1L,GO:BP,Cancer_vs_Healthy
GOBP_PRESYNAPTIC_ENDOCYTOSIS,0.029163021289005542,0.11885306789481503,0.1011176487430608,0.47430526329251244,1.547208338338259,26,SNCA;AP2A1;AP2A2;SNCG;ACTB;ARPC3;CALM1;AP2B1;VAMP2;SNX9;AP2M1;AP1G1;CANX;CLTA;EPS15L1;RAC1,GO:BP,Cancer_vs_Healthy
GOBP_RESPONSE_TO_MUSCLE_ACTIVITY,0.029124659945591293,0.11885306789481503,0.10611051875686135,0.5972494632668996,1.6057250476311793,12,AGT;RBP4;FN1;COL6A1;ITGB1,GO:BP,Cancer_vs_Healthy
GOBP_ACTION_POTENTIAL,0.029355456285896617,0.11935583167536318,0.15012944108802184,-0.40844742082407065,-1.562393133498133,27,ANK3;MYH14;CAMK2D;ATP1A2;ATP1A1;ATP1B1;ATP2A2;CASQ2;CACNA2D1;BIN1;SLMAP;CACNB3;GPD1L,GO:BP,Cancer_vs_Healthy
GOBP_GLIOGENESIS,0.029918996603083354,0.12136156368574656,0.09434349354052166,0.3810371243567421,1.4840497589211825,60,CLU;S100A9;SOD1;S100A8;VIM;CD9;ILK;PHGDH;NDRG1;COL6A1;RHOA;RRAS;PTPN11;LAMB2;CSPG4;CNP,GO:BP,Cancer_vs_Healthy
GOBP_ISOPRENOID_METABOLIC_PROCESS,0.029992684711046085,0.12137554843252374,0.09984836831684389,0.4789112341631109,1.55091482098756,25,RBP4;TTR;AKR1C1;AKR1C3;NPC2;ADH1C;RETSAT;ADH1B,GO:BP,Cancer_vs_Healthy
GOBP_CELL_RECOGNITION,0.030183727034120734,0.12182536618446366,0.0993535227577061,0.4730406925873841,1.543083243192127,26,CD81;MSN;CD9;LGALS3;CD36;YWHAZ;NRP1;PECAM1;CCT2;CASP3;ALDOA;CCT7;NPTN;CCT3;CCT4,GO:BP,Cancer_vs_Healthy
GOBP_RESPONSE_TO_OXYGEN_RADICAL,0.030244839174267884,0.12182536618446366,0.10408454673923595,0.5961528701850515,1.6027768206558866,12,SOD1;SOD3;PRDX2;CCS;CD36;CYGB;SOD2;PRDX1,GO:BP,Cancer_vs_Healthy
GOBP_PENTOSE_PHOSPHATE_SHUNT,0.030615586116568436,0.12303193676611689,0.1046518139577638,0.6268495423989261,1.5910587827080374,10,TKT;PGD;PGLS;TALDO1;G6PD;RPIA;ACACB;DERA,GO:BP,Cancer_vs_Healthy
GOBP_MYELOID_CELL_DEVELOPMENT,0.030916334661354582,0.12395226518519888,0.10270481201474739,0.5764986938440142,1.5811598274175536,13,BPGM;FLNA;FBN1;ANXA2;PTPN11;G6PD;TMOD3;DMTN,GO:BP,Cancer_vs_Healthy
GOBP_RNA_EXPORT_FROM_NUCLEUS,0.031117824773413898,0.12447129909365559,0.09960004885309227,0.5118382987795039,1.565396621161207,20,DDX19B;HNRNPA2B1;HNRNPA1;PABPN1;RAN;ALYREF;AGFG1;DDX39B,GO:BP,Cancer_vs_Healthy
GOBP_DICARBOXYLIC_ACID_METABOLIC_PROCESS,0.03128576879053796,0.12468641835362065,0.15915345685540597,-0.3358801552077207,-1.4675631086011947,45,ALDH5A1;DLD;DLST;FH;SDHA;ALDH4A1;GLS;SUCLA2;SDHB;OGDH;IDH2;MDH2;PM20D2;ME1;GOT2;FAHD2A;L2HGDH;GOT1;ALDH1L1;ASPA;ME2;NIT2,GO:BP,Cancer_vs_Healthy
GOBP_POSITIVE_REGULATION_OF_CELL_SUBSTRATE_JUNCTION_ORGANIZATION,0.03131591757261074,0.12468641835362065,0.10297648075354626,0.6073876067070814,1.587032081700137,11,THY1;S100A10;CFL1;LIMS1;FERMT2;NRP1;POLDIP2,GO:BP,Cancer_vs_Healthy
GOBP_REGULATION_OF_INTRACELLULAR_PROTEIN_TRANSPORT,0.03175713486289871,0.12615248055882522,0.09476880080557594,0.43237094039411317,1.5142716767730702,35,FLNA;CD81;LCP1;APOD;TXN;CD36;UFM1;PTPN11;YWHAB;RAN;VAMP2;BCAP31;RAB23;YWHAE;EMD;HSP90AA1;EPM2A;RANGAP1,GO:BP,Cancer_vs_Healthy
GOBP_NADH_METABOLIC_PROCESS,0.031901041666666664,0.1264334862385321,0.1453927802364807,-0.402280003870652,-1.5490987014788205,28,BCL2L13;PFKL;SLC25A11;HK1;OGDH;PFKM;GPD1L;SLC25A13;ENO3;PKM;MDH2;GPD2;ME1;GOT2;GOT1,GO:BP,Cancer_vs_Healthy
GOBP_CELLULAR_RESPONSE_TO_BIOTIC_STIMULUS,0.03200111794298491,0.12653988971505245,0.09434349354052166,0.42996861081024546,1.5137177737553882,36,DEFA3;VIM;B2M;PRDX2;RHOA;CD36;PABPN1;PPBP;PTPN11;HMGB1;CTSG;LTF;MAPK3;MIF;HSPA5;HMGB2;HMGCS2,GO:BP,Cancer_vs_Healthy
GOBP_NEUTROPHIL_MIGRATION,0.033343301435406696,0.1311061082849289,0.095636421370719,0.4989313253450036,1.5480073593131514,21,S100A9;S100A8;PPIA;MPP1;PPIB;LGALS3;ITGA1;PPBP;THBS4,GO:BP,Cancer_vs_Healthy
GOBP_POSITIVE_REGULATION_OF_ACTIN_FILAMENT_BUNDLE_ASSEMBLY,0.03336380255941499,0.1311061082849289,0.09652757658691613,0.5166202399162046,1.561555928580118,19,SERPINF2;FLNA;S100A10;RHOA;CDC42;RHOC;FERMT2;NRP1;PFN1,GO:BP,Cancer_vs_Healthy
GOBP_REGULATION_OF_REACTIVE_OXYGEN_SPECIES_METABOLIC_PROCESS,0.03338349979477356,0.1311061082849289,0.09132129023052583,0.41079343849418254,1.499473131362493,43,SNCA;AGT;HP;SOD1;AKR1C1;PRDX2;GNAI2;AKR1C3;ELAVL1;RHOA;CD36;G6PD;CBR1;EIF6;THBS1,GO:BP,Cancer_vs_Healthy
GOBP_EPITHELIAL_TO_MESENCHYMAL_TRANSITION,0.03361080571697817,0.13169948362571038,0.097676284397018,0.5414381250303797,1.563726589167241,16,AGT;S100A4;LRG1;GLIPR2;SDCBP;LIMS1;TNXB;FERMT2,GO:BP,Cancer_vs_Healthy
GOBP_ENSHEATHMENT_OF_NEURONS,0.033811620968887623,0.1321866086747462,0.09249605088129997,0.4466939901204598,1.5199486247261813,31,CLU;SOD1;TYMP;CD9;ILK;NDRG1;COL6A1,GO:BP,Cancer_vs_Healthy
GOBP_INFLAMMATORY_RESPONSE_TO_ANTIGENIC_STIMULUS,0.03410358565737052,0.1330270790427455,0.097676284397018,0.5716267274793954,1.5677975118069145,13,C3;IGHG1;CD81;GNAS;HMGB1;GPX1,GO:BP,Cancer_vs_Healthy
GOBP_ALDEHYDE_METABOLIC_PROCESS,0.0342378178718568,0.13315499478453718,0.09190322038478575,0.4461667558190123,1.5181546246520423,31,RBP4;TKT;AKR1C1;AKR1C3;PDXK;TALDO1;IDH1;RPIA;ALDH2;ALDH1A1;RDH11;TKFC;ADH5;AKR1A1;HYI,GO:BP,Cancer_vs_Healthy
GOBP_VESICLE_MEDIATED_TRANSPORT_TO_THE_PLASMA_MEMBRANE,0.03429049344856426,0.13315499478453718,0.09093922792269911,0.4225528059127457,1.4937801714729226,37,ARHGAP1;SPTBN1;EHD2;EHD1;EHD4;RAB8A;EIPR1;RAB11B;VPS29;RAB7A;RAB14;EPS15;VAMP2,GO:BP,Cancer_vs_Healthy
GOBP_CYTOPLASMIC_TRANSLATION,0.03446033810143043,0.13351449381002642,0.19858448696990452,-0.24936827805890951,-1.3234075360897217,117,RPS2;RPS9;EIF3B;EIF3C;EIF3J;RPS3;RPL30;EIF4G1;EIF3A;RPS15A;YBX3;EIF2B3;RWDD1;CSDE1;RPS4X;RPS8;EIF3D;EIF3L;ETF1;RPL4;EIF3E;RPL32;RPL27;EIF2S2;PKM;EIF3K;MCTS1;DENR;RPS11;RPS12,GO:BP,Cancer_vs_Healthy
GOBP_LYMPHOCYTE_MIGRATION,0.03455316475577195,0.13357465033103788,0.09630252295665434,0.5405202140091518,1.5610755718043556,16,MSN;APOD;RHOA;CRK;GNAI1;P4HB;ADAM10,GO:BP,Cancer_vs_Healthy
GOBP_REGULATION_OF_DNA_BINDING_TRANSCRIPTION_FACTOR_ACTIVITY,0.03560746332431278,0.13734307282234928,0.09018881629928413,0.44800751829996327,1.514068581129945,30,CLU;S100A9;S100A8;FLNA;PPIA;ARRB1;MTPN,GO:BP,Cancer_vs_Healthy
GOBP_NEGATIVE_REGULATION_OF_PROTEIN_LOCALIZATION_TO_NUCLEUS,0.03601833660772757,0.1380037376012267,0.09630252295665434,0.6176285047629012,1.567654102758312,10,APOD;CTNNA1;CD36;UFM1;YWHAZ;YWHAB;RAB23,GO:BP,Cancer_vs_Healthy
GOBP_NEURAL_PRECURSOR_CELL_PROLIFERATION,0.03601593625498008,0.1380037376012267,0.09498355666369691,0.5693440347512314,1.5615367828952067,13,FLNA;GNAI2;ILK;CTNNA1;RHOA;ITGB1,GO:BP,Cancer_vs_Healthy
GOBP_REGULATED_EXOCYTOSIS,0.036016331291921846,0.1380037376012267,0.09074992825317248,0.4646298240487916,1.5156465543279942,26,SNCA;GNAI2;RAP1B;MYH9;LAMP1;RAB11B;SNAP23;VAMP2;NAPA;S100A13;PTGDS,GO:BP,Cancer_vs_Healthy
GOBP_NEGATIVE_REGULATION_OF_RESPONSE_TO_BIOTIC_STIMULUS,0.036414565826330535,0.13921320740685655,0.09074992825317248,0.476051261544719,1.525946326282277,24,SERPING1;A2M;PRDX2;HLA-B;TTLL12;YWHAZ;USP5;CRK;SAMHD1;USP15;HLA-A;LTF;MAPK3,GO:BP,Cancer_vs_Healthy
GOBP_GLOMERULUS_DEVELOPMENT,0.03700065487884741,0.1405211684190073,0.09498355666369691,0.615509273403506,1.5622751059833406,10,CD34;IQGAP1;NID1;LAMB2;AQP1;PECAM1,GO:BP,Cancer_vs_Healthy
GOBP_MORPHOGENESIS_OF_A_POLARIZED_EPITHELIUM,0.03700065487884741,0.1405211684190073,0.09498355666369691,0.6155595411331027,1.5624026946744891,10,YAP1;MSN;RHOA;ACTB;CDC42;EZR;RAB10,GO:BP,Cancer_vs_Healthy
GOBP_PHOSPHATIDYLINOSITOL_METABOLIC_PROCESS,0.03697996918335902,0.1405211684190073,0.1195664178161683,-0.5801788806812523,-1.6077331459735031,10,PIP4K2B;MTM1;IMPA2;IMPA1;BPNT1,GO:BP,Cancer_vs_Healthy
GOBP_CELLULAR_RESPONSE_TO_METAL_ION,0.037241379310344824,0.1408164189240172,0.08668875730780262,0.41218716065778144,1.4834253772130142,40,SNCA;SERPINF1;TF;ADD1;SOD1;ALAD;B2M;AKR1C3;FABP4;CLIC4;IQGAP1;HSP90B1;AQP1;CALR,GO:BP,Cancer_vs_Healthy
GOBP_PROTEIN_QUALITY_CONTROL_FOR_MISFOLDED_OR_INCOMPLETELY_SYNTHESIZED_PROTEINS,0.037236774524910116,0.1408164189240172,0.11914593408036928,-0.5790391960256546,-1.604574966905333,10,CLPP;STUB1;LONP1;AFG3L2;CUL3,GO:BP,Cancer_vs_Healthy
GOBP_POSITIVE_REGULATION_OF_CELL_KILLING,0.037481745902969335,0.14141584480421618,0.093923690818302,0.5976271570909741,1.561529179596884,11,AZGP1;B2M;HLA-B;HLA-DRA;LAMP1;STX7;HLA-A,GO:BP,Cancer_vs_Healthy
GOBP_CARDIAC_MUSCLE_CONTRACTION,0.03856858846918489,0.1451993918839902,0.14615153430494887,-0.3172992060732092,-1.4276483148240726,51,PLN;CAMK2D;ATP1A2;ATP1A1;CSRP3;ATP1B1;GAA;ATP2A2;CASQ2;MAP2K6;CACNA2D1;BIN1;MYLK2;GPD1L;MYL3;SGCD;ANK2;MYH7;DMD;MAP2K3;SNTA1,GO:BP,Cancer_vs_Healthy
GOBP_NUCLEAR_TRANSPORT,0.0393837743819108,0.14782005901514642,0.07980020895275265,0.3443595000702633,1.4168176333436393,83,ANP32A;DDX19B;HNRNPA2B1;FLNA;NUTF2;APOD;HSPA12A;HNRNPA1;RANBP1;TXN;ELAVL1;CD36;PABPN1;UFM1;CFL1;PTPN11;RPL23;YWHAB;RAN;ALYREF;CALR;EIF6;AGFG1;DDX39B;KPNB1;TNPO1;RAB23;YWHAE;EMD;PPP1CC;LMNA;HSP90AA1;EPM2A;RANGAP1,GO:BP,Cancer_vs_Healthy
GOBP_REGULATION_OF_LIPID_METABOLIC_PROCESS,0.03949569020970024,0.14782005901514642,0.08113341408426078,0.3641428755904901,1.4427093257005956,66,SNCA;SERPINA3;APOC2;C3;AGT;APOE;APOD;CAV1;AKR1C3;NPC2;ACADL;IDH1;SORBS1;APOC1;FABP5;ASAH1;PSAP;PGK1;EIF6;GNAI1,GO:BP,Cancer_vs_Healthy
GOBP_RESPONSE_TO_INTERLEUKIN_1,0.03952133522279956,0.14782005901514642,0.09000400369855736,0.5451112702549017,1.5509615462919404,15,SNCA;AKAP12;GCLC;CFL1,GO:BP,Cancer_vs_Healthy
GOBP_MUSCLE_CELL_PROLIFERATION,0.039731393396754335,0.1479651892017058,0.08446037783253384,0.425352268721489,1.489690524966854,35,APOE;SERPINF2;RBP4;YAP1;OGN;APOD;GNAI2;CAV2;MYH10;CNN1;THBS1;KRAS;SOD2,GO:BP,Cancer_vs_Healthy
GOBP_POSITIVE_REGULATION_OF_VASCULATURE_DEVELOPMENT,0.03967912906460393,0.1479651892017058,0.08555361119423137,0.447189083937633,1.500145912873345,29,C3;LRG1;CD34;RRAS;ITGB1;HMGB1;AQP1;THBS1;NRP1;TGM2;AGO2;PTGIS;ECM1;PDCD6,GO:BP,Cancer_vs_Healthy
GOBP_POSITIVE_REGULATION_OF_PHOSPHORUS_METABOLIC_PROCESS,0.04003150019687623,0.14876222008645618,0.08140782196286706,0.37487256349168435,1.4484017335969772,57,SNCA;APOC2;C3;FBN1;PPIA;GPD1;ARRB1;RHOA;SDCBP;CSPG4;VCP;FLOT1;THBS4;THBS1;NRP1;ENO1;NIBAN1;SNX9,GO:BP,Cancer_vs_Healthy
GOBP_BONE_MINERALIZATION,0.04043876882776686,0.14995320286347882,0.09074992825317248,0.6099727226958168,1.5482223277111165,10,CLEC3B;COL6A1;ASPN;COMP;LTF;ACTN3;COL1A2;ECM1,GO:BP,Cancer_vs_Healthy
GOBP_ACETYL_COA_BIOSYNTHETIC_PROCESS,0.040810736784442615,0.15100846501823734,0.11750648185672236,-0.4909828129842358,-1.5626590947478223,15,MPC2;DLAT;PDHX;DLD;PDHB;PDHA1;ACAT1,GO:BP,Cancer_vs_Healthy
GOBP_REGULATION_OF_GLUCONEOGENESIS,0.04130029309885425,0.15249338990346187,0.11516714100944504,-0.5431985064861572,-1.6086325919200128,12,ARPP19;FBP1;DDB1;PRKAG1;ACADM;NNMT,GO:BP,Cancer_vs_Healthy
GOBP_BIOLOGICAL_PROCESS_INVOLVED_IN_INTERACTION_WITH_HOST,0.04153225806451613,0.15302290391361167,0.08086165098076897,0.39227458504091534,1.4654824273356957,48,FBLN1;LGALS1;CD81;CAV1;PPIA;CAV2;MYH9;ITGB1;HMGB1;LAMP1;MYH10;RAB7A;CTSB;EPS15;NRP1;P4HB;LTF;RPSA;CTSL;PC;TRIM25;CHMP1B,GO:BP,Cancer_vs_Healthy
GOBP_VIRAL_GENE_EXPRESSION,0.04164152082076041,0.15309903825164678,0.12218443330405154,-0.4329685437056723,-1.536479110946238,21,EIF3B;EIF3A;PRMT1;CSDE1;EIF3D;EIF3L;MCTS1;DENR,GO:BP,Cancer_vs_Healthy
GOBP_SARCOPLASMIC_RETICULUM_CALCIUM_ION_TRANSPORT,0.0419955794126934,0.1540729537688624,0.12449997625338785,-0.40506113737664634,-1.511574119649369,25,PLN;CAMK2D;ATP1A2;DHRS7C;NOL3;RYR1;ATP2A2;CASQ2;CACNG1,GO:BP,Cancer_vs_Healthy
GOBP_POSITIVE_REGULATION_OF_ENDOTHELIAL_CELL_PROLIFERATION,0.04223107569721116,0.15460868390843407,0.08752676165983822,0.5618042968422288,1.540857584801138,13,LRG1;CAV2;HMGB1;THBS4;NRP1;ECM1;HMGB2;PDCD6,GO:BP,Cancer_vs_Healthy
GOBP_POSITIVE_REGULATION_OF_NF_KAPPAB_TRANSCRIPTION_FACTOR_ACTIVITY,0.04244712990936556,0.15507112152935243,0.08492394197375629,0.4990907667202229,1.5264098089954783,20,CLU;S100A9;S100A8;PPIA;MTPN,GO:BP,Cancer_vs_Healthy
GOBP_REGULATION_OF_LYMPHOCYTE_MIGRATION,0.042709163346613545,0.1556992284028443,0.08702116448082649,0.5603349331248146,1.5368275689370106,13,MSN;APOD;RHOA;CRK;P4HB;ADAM10;ECM1,GO:BP,Cancer_vs_Healthy
GOBP_CELLULAR_COMPONENT_DISASSEMBLY,0.042968282465589466,0.15598569769020715,0.07481738407724575,0.3237940195461669,1.3883616364331564,109,C3;ADD1;FSCN1;SPTBN1;SPTB;SPTAN1;GSN;LCP1;DSTN;C1QB;C1QC;COL6A1;CST3;MTPN;TMOD1;ITGB1;CFL1;CLTC;CALM1;RPL23;LAMC1;EIF5A;CAPG;VCP;FLOT1;TMOD3;CAPZA1;NAPA;DMTN;CTSG;MAP1B;STMN1;APEH,GO:BP,Cancer_vs_Healthy
GOBP_NEGATIVE_REGULATION_OF_APOPTOTIC_SIGNALING_PATHWAY,0.04288909354032364,0.15598569769020715,0.07865267464404885,0.3743405094103408,1.441426166035394,56,CLU;CTTN;FBXO7;YAP1;PEA15;PRDX2;GCLC;GNAI2;PPIA;LGALS3;CTNNA1;GCLM;GPX1;THBS1;CD44;NRP1;ENO1;SOD2;LMNA;ITGA6;HYOU1;NONO;MIF,GO:BP,Cancer_vs_Healthy
GOBP_RECEPTOR_METABOLIC_PROCESS,0.043142812155566056,0.15629094214846573,0.08603481432177795,0.5404857148438885,1.5378008230337892,15,SNCA;APOE;ANXA2;CTSD;RAB11B;EPS15,GO:BP,Cancer_vs_Healthy
GOBP_EXOCYTIC_PROCESS,0.0435494433529797,0.15710529877651133,0.08735728607805364,0.6043791491971677,1.5340248151665754,10,SNCA;RAB8A;SNAP23;VAMP2;NAPA,GO:BP,Cancer_vs_Healthy
GOBP_REGULATION_OF_TRANSPORTER_ACTIVITY,0.04349176762969866,0.15710529877651133,0.12129310519101276,-0.4114801083602093,-1.5186763538939745,24,ANK3;PLN;CAMK2D;AHCYL1;STIM1;UBQLN1;CHP1;CACNB3;NIPSNAP2,GO:BP,Cancer_vs_Healthy
GOBP_REGULATION_OF_MITOCHONDRIAL_GENE_EXPRESSION,0.04396482813749001,0.15827338129496404,0.11155506943652808,-0.5383775913467822,-1.594355893579575,12,TSFM;COA3;LRPPRC;C1QBP;PRKAA1;SHMT2,GO:BP,Cancer_vs_Healthy
GOBP_POSITIVE_REGULATION_OF_MONONUCLEAR_CELL_MIGRATION,0.04408754526846166,0.15838519381268557,0.0850801033973234,0.5394144244397481,1.5347527660362583,15,LGALS3;RHOA;HMGB1;CALR;THBS1;P4HB;ADAM10;LGMN;MAPK3,GO:BP,Cancer_vs_Healthy
GOBP_NEGATIVE_REGULATION_OF_PROTEIN_LOCALIZATION,0.04457572502685284,0.15980674864398697,0.07791346614835483,0.3862489308166652,1.448068745800674,49,APOE;APOD;TXN;CTNNA1;PICALM;PSMD9;CD36;UFM1;PTPN11;CLTC;YWHAZ;YWHAB;VCP;GNAI1;DMTN;RAB23;GDI2;AP2M1;HADH;SNX3;RANGAP1,GO:BP,Cancer_vs_Healthy
GOBP_RUFFLE_ORGANIZATION,0.04487482286254133,0.16054595011691805,0.08430747248322687,0.5387491408131765,1.5328598876855544,15,CAV1;CYFIP1;CORO1C;RHOG;CSPG4;CORO1B;PFN1,GO:BP,Cancer_vs_Healthy
GOBP_NADPH_REGENERATION,0.04499920496104309,0.16065831853860013,0.08461408643957584,0.5466106964285296,1.527094628689515,14,TKT;PGD;PGLS;TALDO1;IDH1;ACO1;G6PD;RPIA;ACACB,GO:BP,Cancer_vs_Healthy
GOBP_BARBED_END_ACTIN_FILAMENT_CAPPING,0.04575693655687165,0.16235726154060415,0.08476860541891988,0.5892955535640397,1.5397596835728604,11,ADD1;GSN;MTPN;CFL1;CAPG;CAPZA1,GO:BP,Cancer_vs_Healthy
GOBP_CELLULAR_PIGMENTATION,0.04560729716754681,0.16235726154060415,0.08430747248322687,0.5692128942261698,1.5303477992162695,12,APOE;RAB1A;RAB11B;AP1B1;AP3B1;CD63,GO:BP,Cancer_vs_Healthy
GOBP_REGULATION_OF_PHOSPHORYLATION,0.04571571321508868,0.16235726154060415,0.07407057399217715,0.34405285120442386,1.4061672955371252,80,FBLN1;C3;AGT;APOE;FN1;THY1;FBN1;PPIA;ARRB1;CORO1C;RHOA;SDCBP;CSPG4;FLOT1;THBS4;THBS1;DMTN;NRP1;NIBAN1;SNX9;MVP;LTF;RAP2B,GO:BP,Cancer_vs_Healthy
GOBP_REGULATION_OF_LIPID_LOCALIZATION,0.04586005018120992,0.162389685887563,0.0782805675040982,0.41293910157355873,1.4597944524921662,37,APOC2;C3;AGT;APOE;ANXA2;EHD1;CAV1;CD36;PTPN11;DBI;APOC1;THBS1;ABCA8;ACACB;SURF4;MAPK3;MIF,GO:BP,Cancer_vs_Healthy
GOBP_NEGATIVE_REGULATION_OF_INTRACELLULAR_TRANSPORT,0.04631322364411944,0.16365899888964905,0.08154603126573544,0.5003880548223232,1.5124919103541348,19,ARHGAP1;APOD;ARFIP1;TXN;CD36;UFM1;YWHAB;MAP1B;RAB23;SNX3;RANGAP1,GO:BP,Cancer_vs_Healthy
GOBP_AMYLOID_FIBRIL_FORMATION,0.046978851963746224,0.16560104858931685,0.08059249007647792,0.4942196750693444,1.5115121539551377,20,SNCA;CLU;APOE;B2M;GSN;CD36;FUS;FKBP1A,GO:BP,Cancer_vs_Healthy
GOBP_POSITIVE_REGULATION_OF_TRANSLATION,0.04705446461652464,0.16560104858931685,0.12745704201113045,-0.3302452647163786,-1.4215513380615576,42,EIF3C;EIF4G1;CIRBP;PRMT1;COA3;PRKDC;YBX3;CSDE1;RPS4X;C1QBP;ABCF1;EIF3E;FXR1;PKM,GO:BP,Cancer_vs_Healthy
GOBP_PERIPHERAL_NERVOUS_SYSTEM_AXON_ENSHEATHMENT,0.04754178159987019,0.1668823413395827,0.08311232138239058,0.5874807982850888,1.5350179423579813,11,SOD1;ILK;NDRG1;COL6A1,GO:BP,Cancer_vs_Healthy
GOBP_POSITIVE_REGULATION_OF_TUMOR_NECROSIS_FACTOR_SUPERFAMILY_CYTOKINE_PRODUCTION,0.047611686504869376,0.1668823413395827,0.08099720461931634,0.5120467843757197,1.5046081636342226,17,CLU;ORM1;AKAP12;DDT;CD36;PTPN11;HMGB1;THBS1,GO:BP,Cancer_vs_Healthy
GOBP_PURINE_NUCLEOBASE_METABOLIC_PROCESS,0.04802855752068798,0.16800272752175877,0.08267657853099437,0.5868531576995397,1.5333779916345156,11,TTR;HPRT1;ADK;GMPR2,GO:BP,Cancer_vs_Healthy
GOBP_INTERLEUKIN_8_PRODUCTION,0.04913340753696931,0.171038742344158,0.08086165098076897,0.541886931833311,1.5138976027482287,14,RAB1A;ANXA1;ANXA4;ARRB1;CD58;HMGB1,GO:BP,Cancer_vs_Healthy
GOBP_NEGATIVE_REGULATION_OF_CYTOKINE_PRODUCTION,0.04910344827586207,0.171038742344158,0.0751440930078969,0.4009918045803119,1.4431342742932833,40,FBLN1;ORM1;FN1;ANXA1;APOD;ANXA4;ARRB1;CD34;PTPN11;HMGB1;GPNMB;THBS1,GO:BP,Cancer_vs_Healthy
GOBP_POSITIVE_REGULATION_OF_LYMPHOCYTE_DIFFERENTIATION,0.04929241532835109,0.171038742344158,0.08072674787711105,0.5414619657719825,1.5127103530404011,14,PNP;ANXA1;RHOA;ACTB;HLA-DRA;AP3B1,GO:BP,Cancer_vs_Healthy
GOBP_T_CELL_PROLIFERATION,0.04928550597841937,0.171038742344158,0.07719383524366169,0.4519746003037417,1.4743645589186325,26,PNP;ANXA1;CD81;PRDX2;MSN;LGALS3;PTPN11;HMGB1;GPNMB,GO:BP,Cancer_vs_Healthy
GOBP_RESPONSE_TO_OXIDATIVE_STRESS,0.04941343761109136,0.1711150705249817,0.06920372515975116,0.3160321714229748,1.3666972679184808,115,SNCA;CAT;APOE;HBA1;HP;SOD1;GPX3;SOD3;HBB;ALAD;PRDX2;GCLC;APOD;CCS;PPIA;COL6A1;TXN;IDH1;GCLM;CD36;CFL1;GPX1;MGST1;G6PD;CYGB;AQP1;GSS;CRK,GO:BP,Cancer_vs_Healthy
GOBP_ALCOHOL_METABOLIC_PROCESS,0.04993219085192948,0.1725656515842683,0.07026667822982123,0.3317360010636844,1.3793165599325627,89,SNCA;CAT;AGT;APOE;RBP4;APOL1;AKR1C1;HDLBP;AKR1C3;NPC2;AKR1C2;ACADL;ADH1C;SORD;RETSAT;SULT1A1;ADH1B;IDH1;APOC1;ASAH1;G6PD;GNAI1;ALDH2;ALDH1A1;KPNB1;ACLY;RDH11;TKFC,GO:BP,Cancer_vs_Healthy
GOBP_REGULATION_OF_LEUKOCYTE_MEDIATED_IMMUNITY,0.05007215007215007,0.172703942763823,0.07614923653705905,0.4435050039882503,1.4746611871111643,28,C3;AZGP1;CD81;B2M;HLA-B;HLA-DRA;HMGB1;LAMP1;USP5;CRK;STX7,GO:BP,Cancer_vs_Healthy
GOBP_BASEMENT_MEMBRANE_ORGANIZATION,0.05038576602109904,0.17275119778662526,0.07941237368878319,0.5313474258029534,1.5118003793174741,15,CAV1;CAV2;COL6A1;ITGB1;NID1;LAMC1;LAMB2,GO:BP,Cancer_vs_Healthy
GOBP_MEMBRANE_BIOGENESIS,0.050378567268491554,0.17275119778662526,0.07626330777829668,0.44554596373276645,1.4655979982897045,27,SPTBN1;ANXA2;ILK;CAV1;S100A10;PACSIN2;CAV2;COL6A1;IQGAP1,GO:BP,Cancer_vs_Healthy
GOBP_TUMOR_NECROSIS_FACTOR_SUPERFAMILY_CYTOKINE_PRODUCTION,0.050272740675217455,0.17275119778662526,0.0768410915258218,0.4611201630263171,1.4780858188705686,24,CLU;ORM1;AKAP12;DDT;CD36;PTPN11;HMGB1;GPNMB;THBS1;ADAM10;LTF;MIF,GO:BP,Cancer_vs_Healthy
GOBP_STRIATED_MUSCLE_CELL_APOPTOTIC_PROCESS,0.05079447772857515,0.1738076386435205,0.10243522735019109,-0.538843604333447,-1.5498145150422313,11,CAMK2D;NOL3;ATP2A2;NACA;SIRT5,GO:BP,Cancer_vs_Healthy
GOBP_REGULATION_OF_DNA_BIOSYNTHETIC_PROCESS,0.051044447934663104,0.1743177984804305,0.07877784267877504,0.5219232834442321,1.5073658061693067,16,HNRNPA1;HNRNPC;CCT2;HSP90AA1;CCT7;CCT3;CCT4;ADIPOQ;CCT6A;HNRNPD,GO:BP,Cancer_vs_Healthy
GOBP_RETROGRADE_TRANSPORT_ENDOSOME_TO_GOLGI,0.05156854318865492,0.17576024187375877,0.0747093797274478,0.43677653965291363,1.4652158658028913,29,ARFIP1;EIPR1;UBE2O;CLTC;SNX1;VPS29;RAB7A;RAB14;SNX2;SURF4;SNX5;TMED9;SNX3,GO:BP,Cancer_vs_Healthy
GOBP_ENDOSOMAL_TRANSPORT,0.05201592832254853,0.1766378589350432,0.06911719069492456,0.33888139708844456,1.3894268969797456,81,ARHGAP1;MSN;EHD2;EHD1;STAM;ARFIP1;PICALM;EHD4;RAB8A;CORO1C;EIPR1;UBE2O;CLTC;SNX1;RAB11B;VCP;VPS29;RAB7A;RAB14;SNX2;EPS15;SNX9;EZR;SURF4;SNX5;TMED9;SNX3;MAPK3;RAB10;HGS,GO:BP,Cancer_vs_Healthy
GOBP_NEGATIVE_REGULATION_OF_KINASE_ACTIVITY,0.05210332103321033,0.1766378589350432,0.07547491240384611,0.4663026718782375,1.4802625357847132,23,AGT;APOE;THY1;PPIA;CORO1C,GO:BP,Cancer_vs_Healthy
GOBP_REGULATION_OF_PROTEIN_CONTAINING_COMPLEX_DISASSEMBLY,0.052132701421800945,0.1766378589350432,0.07324259616560477,0.40778668802232954,1.441579987719108,37,ADD1;SPTBN1;SPTB;SPTAN1;GSN;DSTN;MTPN;TMOD1;CFL1;EIF5A;CAPG;TMOD3;CAPZA1;DMTN;MAP1B,GO:BP,Cancer_vs_Healthy
GOBP_VESICLE_ORGANIZATION,0.052625152625152626,0.17795746328035955,0.06801942727353112,0.3257204192200722,1.3681360184854707,95,SNCA;APOE;RAB1A;ANXA1;ATP6V1H;ANXA2;CAV1;S100A10;STAM;CAV2;CD34;PICALM;RAB8A;CORO1C;SDCBP;AP1B1;AP3B1;RAB7A;AQP1;SNAP23;RAB14;AGFG1;STX7;EPS15;VAMP2,GO:BP,Cancer_vs_Healthy
GOBP_MITOCHONDRIAL_CALCIUM_ION_TRANSMEMBRANE_TRANSPORT,0.054185927067283,0.1827323950779493,0.09838492536965289,-0.5549939035002568,-1.537943079594444,10,PMPCB;MCU;AFG3L2;VDAC1;MICU1;HSPA9;LETM1,GO:BP,Cancer_vs_Healthy
GOBP_RESPONSE_TO_PROSTAGLANDIN,0.0542486797887662,0.1827323950779493,0.07707573918712961,0.5578142904825358,1.499702273912555,12,GNB1;AKR1C3;AKR1C2;GNAS;GNG2;GNAQ;GNAI1,GO:BP,Cancer_vs_Healthy
GOBP_POSITIVE_REGULATION_OF_CATALYTIC_ACTIVITY,0.05474261823882937,0.18403744030485827,0.06903096207562805,0.3599115586488621,1.4017706614479912,60,SNCA;THY1;CAP1;FBN1;S100A10;PPIA;GNAS;CORO1C;RHOA;PABPN1;RHOG;ITGB1;RSU1;DBI;LIMS1;PSAP;VCP;RCN3;RHOC;TGM2;SNX9;LTF;ITGA6;RANGAP1;MAPK3,GO:BP,Cancer_vs_Healthy
GOBP_NUCLEOSIDE_METABOLIC_PROCESS,0.0556527269836222,0.18673381015087215,0.07580993008821854,0.5334317176814041,1.4902758328118533,14,PNP;HPRT1;PGM2;TYMP;ADK;MTAP;APRT;DERA,GO:BP,Cancer_vs_Healthy
GOBP_EMBRYONIC_ORGAN_DEVELOPMENT,0.05618454571185961,0.18778896516459073,0.071001584690387,0.4221705676096881,1.4492403852047655,32,RBP4;SOD1;SPARC;YAP1;EFEMP1;FBN1,GO:BP,Cancer_vs_Healthy
GOBP_NEGATIVE_REGULATION_OF_NUCLEOCYTOPLASMIC_TRANSPORT,0.05615586116568435,0.18778896516459073,0.07660847810088539,0.5901200412151133,1.4978325912692627,10,APOD;TXN;CD36;UFM1;YWHAB;RAB23;RANGAP1,GO:BP,Cancer_vs_Healthy
GOBP_AUTOPHAGY_OF_MITOCHONDRION,0.056577086280056574,0.18787945561347863,0.11331886898505378,-0.33720041526344274,-1.4072582890294358,37,MFN2;SLC25A46;BCL2L13;EIF2S1;STUB1;FUNDC2;OPTN;NIPSNAP2;DNM1L;VDAC1,GO:BP,Cancer_vs_Healthy
GOBP_MYELOID_LEUKOCYTE_DIFFERENTIATION,0.05661211853162318,0.18787945561347863,0.07224381599506118,0.45598693547935154,1.4616316460744585,24,TF;CD81;FBN1;ANXA2;C1QC;MYH9;AP3B1;CDC42;PRXL2A;FASN;LTF,GO:BP,Cancer_vs_Healthy
GOBP_PEPTIDYL_TYROSINE_MODIFICATION,0.05657370517928287,0.18787945561347863,0.07525390513804729,0.54366703924562,1.4911126271845625,13,EFEMP1;CSPG4;THBS4;DMTN;MVP;RAP2B;MAPK3,GO:BP,Cancer_vs_Healthy
GOBP_POSITIVE_REGULATION_OF_ENDOTHELIAL_CELL_MIGRATION,0.05664652567975831,0.18787945561347863,0.07314094470450261,0.4830061747139126,1.4772169954848942,20,AGT;SPARC;ANXA1;RRAS;HMGB1;CALR;THBS1;NRP1,GO:BP,Cancer_vs_Healthy
GOBP_NEGATIVE_REGULATION_OF_VASCULATURE_DEVELOPMENT,0.05740181268882175,0.18929452734023663,0.07263865072195126,0.48239866263850867,1.475358991985704,20,SERPINF1;SPARC;DCN;ATP2B4;CD36;PGK1;THBS4;THBS1;COL4A2;EPN1;HGS;STAT1;FBLN5,GO:BP,Cancer_vs_Healthy
GOBP_REGULATION_OF_CHEMOTAXIS,0.05722189866045428,0.18929452734023663,0.0713773181547492,0.44066505544443585,1.449542529270792,27,CTTN;MPP1;DDT;TUBB2B;HMGB1;CORO1B;CALR;THBS4;THBS1;NRP1;USP14;ADAM10;LGMN;MAPK3;MIF,GO:BP,Cancer_vs_Healthy
GOBP_STEM_CELL_DEVELOPMENT,0.0573018991486575,0.18929452734023663,0.07580993008821854,0.5888678218660819,1.4946542295438496,10,FN1;CORO1C;CFL1;CDC42;NRP1;MAPK3;PDCD6,GO:BP,Cancer_vs_Healthy
GOBP_NEURON_APOPTOTIC_PROCESS,0.057619305856832975,0.18951903412964116,0.06851991229668551,0.3840825676058682,1.420763460614701,46,SNCA;CLU;SOD1;FBXO7;GCLC;COL6A2;COL6A1;RHOA;GCLM;ITGA1;GPX1;G6PD;COL6A3;KRAS;NRP1;SOD2;GAPDH;LGMN;HYOU1;NONO;STAMBP;PPT1;GSK3A;CASP3,GO:BP,Cancer_vs_Healthy
GOBP_SKELETAL_MUSCLE_TISSUE_REGENERATION,0.05768924302788845,0.18951903412964116,0.0744947003424623,0.5424484439009427,1.487770392370405,13,ANXA1;CD81;CD9;COL6A1;GPX1,GO:BP,Cancer_vs_Healthy
GOBP_APICAL_JUNCTION_ASSEMBLY,0.057878836062967086,0.18978107915902678,0.07428177308004398,0.5307098868522132,1.4826717129755296,14,MYO1C;CTNNA1;RHOA;VCL;RHOC;ESAM;PECAM1,GO:BP,Cancer_vs_Healthy
GOBP_GLUCOSE_METABOLIC_PROCESS,0.0585480093676815,0.19161166702150312,0.12848971465340803,-0.2705406618679619,-1.321521912923864,72,ARPP19;SLC37A4;BCL2L13;PFKL;SLC25A11;DLAT;HK1;GAA;PDHB;PDHA1;H6PD;FBP1;DDB1;MAPK14;CPT1A;PFKM;SLC25A13;PFKFB2;PRKAG1;ENO3;PKM;MDH2;GPD2;GALM;PRKAA1,GO:BP,Cancer_vs_Healthy
GOBP_IRES_DEPENDENT_VIRAL_TRANSLATIONAL_INITIATION,0.058808423215202875,0.19210010456686308,0.09434349354052166,-0.5471660239380419,-1.5162512499641,10,EIF3B;EIF3A;CSDE1;EIF3D;MCTS1;DENR,GO:BP,Cancer_vs_Healthy
GOBP_REGULATION_OF_NEURON_APOPTOTIC_PROCESS,0.05912560721721027,0.19277179107799877,0.06843577449753617,0.399946896039473,1.4231480083470627,38,SNCA;CLU;SOD1;FBXO7;GCLC;RHOA;GCLM;ITGA1;G6PD;KRAS;NRP1;SOD2;LGMN;HYOU1;NONO;STAMBP;PPT1;GSK3A;CASP3,GO:BP,Cancer_vs_Healthy
GOBP_POSITIVE_REGULATION_OF_TELOMERE_MAINTENANCE_VIA_TELOMERE_LENGTHENING,0.05960159362549801,0.1935931462121439,0.07324259616560477,0.5404523706500366,1.482295773137756,13,HNRNPA2B1;HNRNPA1;CCT2;HSP90AA1;CCT7;CCT3;CCT4;CCT6A;HNRNPD,GO:BP,Cancer_vs_Healthy
GOBP_RESPONSE_TO_KETONE,0.05953693495038589,0.1935931462121439,0.06793701445868107,0.39263526790718517,1.418944921313705,41,SERPINF1;YAP1;MSN;GNB1;CAV1;AKR1C3;AKR1C2;GNAS;GNG2;AQP1;GNAQ;CALR;GNAI1;THBS1;MTAP,GO:BP,Cancer_vs_Healthy
GOBP_STRESS_GRANULE_ASSEMBLY,0.059789927282520874,0.1938405147170658,0.09585696237894661,-0.4813387926160488,-1.5005114170301213,14,MAPT;EIF2S1;CIRBP;CSDE1;G3BP2;PRKAA1,GO:BP,Cancer_vs_Healthy
GOBP_CELLULAR_RESPONSE_TO_VASCULAR_ENDOTHELIAL_GROWTH_FACTOR_STIMULUS,0.060104945142311975,0.19413335552507494,0.07283838616297693,0.5281080770268458,1.475402902037232,14,ANXA1;MYO1C;DCN;ATP2B4;ITGB1;TNXB;NRP1;CD63,GO:BP,Cancer_vs_Healthy
GOBP_RESPONSE_TO_CADMIUM_ION,0.06003569690085997,0.19413335552507494,0.07365326681848156,0.5706913086575438,1.4911489888593374,11,CAT;SOD1;ALAD;GCLC,GO:BP,Cancer_vs_Healthy
GOBP_MITOCHONDRIAL_ELECTRON_TRANSPORT_UBIQUINOL_TO_CYTOCHROME_C,0.06043240427194582,0.19482685556328802,0.0937158165018434,-0.5278919745848654,-1.5183155891735354,11,UQCRQ;UQCRB;UQCRC2;CYC1;UQCR10;UQCRC1;UQCR11;UQCC3;UQCRFS1,GO:BP,Cancer_vs_Healthy
GOBP_OSTEOCLAST_DIFFERENTIATION,0.06068473146195035,0.1952760073859408,0.07324259616560477,0.5698082514545176,1.4888416646800102,11,TF;CD81;FBN1;ANXA2,GO:BP,Cancer_vs_Healthy
GOBP_ANTIGEN_PROCESSING_AND_PRESENTATION_OF_PEPTIDE_ANTIGEN_VIA_MHC_CLASS_I,0.061496024663313324,0.19751883014536326,0.07273832314898826,0.5684390396189312,1.4852640758623852,11,AZGP1;B2M;HLA-B;PDIA3;CALR,GO:BP,Cancer_vs_Healthy
GOBP_SYNAPTIC_VESICLE_RECYCLING,0.06246359930110658,0.2002543591694103,0.06818510454943841,0.43505984323558505,1.4311045038772816,27,SNCA;AP2A1;AP2A2;SNCG;ACTB;ARPC3;RAB7A;AP2B1;VAMP2;SNX9;AP2M1;AP1G1;CANX;CLTA;EPS15L1;RAC1,GO:BP,Cancer_vs_Healthy
GOBP_ALPHA_AMINO_ACID_METABOLIC_PROCESS,0.06272893772893773,0.20073260073260074,0.12263739117792115,-0.2726423664308575,-1.3109247239428752,68,ACAD8;ALDH5A1;MMUT;DLST;FH;ALDH4A1;GLS;ACADSB;MCCC2;BCAT2;MCCC1;ACAT1;HSD17B10;AUH;GCDH;IVD;RIDA;SMS;GOT2;ADI1;GCSH;SHMT2;GOT1;BCKDK;ASPA;GPT,GO:BP,Cancer_vs_Healthy
GOBP_PRIMARY_ALCOHOL_METABOLIC_PROCESS,0.06386701662292213,0.20399668156083076,0.06744839694813294,0.4394309796887188,1.4334466187005708,26,RBP4;AKR1C1;AKR1C3;AKR1C2;ADH1C;RETSAT;SULT1A1;ADH1B;ALDH2;ALDH1A1;RDH11,GO:BP,Cancer_vs_Healthy
GOBP_REGULATION_OF_SYNAPSE_STRUCTURE_OR_ACTIVITY,0.06426092990978487,0.20412295383108134,0.06551434202847482,0.39652088905027427,1.410957102325429,38,SNCA;APOE;SPARC;CYFIP1;RHOA;RHOG;ITGB1;CFL1;TUBB;YWHAZ;VCP;CDC42;MAP1B;GNA13;ADAM10;AGO2;EEF2K;PPT1;VPS35,GO:BP,Cancer_vs_Healthy
GOBP_SMOOTH_MUSCLE_CELL_PROLIFERATION,0.06408193123628383,0.20412295383108134,0.06744839694813294,0.4447517575051647,1.440292152637409,25,APOE;SERPINF2;OGN;APOD;GNAI2;CNN1;THBS1;SOD2;POLDIP2;XRCC6;STAT1,GO:BP,Cancer_vs_Healthy
GOBP_SMOOTH_MUSCLE_CONTRACTION,0.06415211006337919,0.20412295383108134,0.06937771897903972,0.4980436134146929,1.4634609755498096,17,SOD1;CTTN;CAV1;ATP2B4;RHOA;COMP;CNN1,GO:BP,Cancer_vs_Healthy
GOBP_POSITIVE_REGULATION_OF_ORGANELLE_ASSEMBLY,0.06459475929311395,0.20480686983211177,0.06860434351986792,0.48246156606561696,1.4583066256250659,19,FSCN1;MSN;LCP1;SEPTIN7;RHOA;SDCBP;CAPG,GO:BP,Cancer_vs_Healthy
GOBP_NEGATIVE_REGULATION_OF_INTRACELLULAR_PROTEIN_TRANSPORT,0.0649034561090378,0.20503322149253625,0.07072344490479843,0.5650550172768005,1.47642202514741,11,APOD;TXN;CD36;UFM1;YWHAB;RAB23;RANGAP1,GO:BP,Cancer_vs_Healthy
GOBP_VIRAL_LIFE_CYCLE,0.06485117162761242,0.20503322149253625,0.06213710469816119,0.33995923852764,1.369206867375955,73,APOE;STOM;RAB1A;LGALS1;CD81;CAV1;PPIA;PPIB;CAV2;MYH9;IFITM1;ITGB1;EEF1A1;HMGB1;LAMP1;MYH10;VCP;RAB7A;RAB1B;CTSB;EPS15;NRP1;SPCS1;P4HB;DEK;LTF;RAD23A;RPSA,GO:BP,Cancer_vs_Healthy
GOBP_SMOOTH_MUSCLE_CELL_MIGRATION,0.0657705232837254,0.2073931829092655,0.06972945852281875,0.5477259062084463,1.4725793172330695,12,S100A11;PARVA;CORO1B;CRK;NRP1,GO:BP,Cancer_vs_Healthy
GOBP_ANTIMICROBIAL_HUMORAL_IMMUNE_RESPONSE_MEDIATED_BY_ANTIMICROBIAL_PEPTIDE,0.06609057449191871,0.20802279184341627,0.06955295839521411,0.5473262350932718,1.4715047881461116,12,S100A9;DEFA3;B2M;LGALS3;PPBP;GAPDH;LTF,GO:BP,Cancer_vs_Healthy
GOBP_REGULATION_OF_TELOMERE_MAINTENANCE_VIA_TELOMERASE,0.06646525679758308,0.20882175226586103,0.06911719069492456,0.5221974471808313,1.458890069139896,14,HNRNPA1;HNRNPC;CCT2;HSP90AA1;CCT7;CCT3;CCT4;CCT6A;HNRNPD;CCT5,GO:BP,Cancer_vs_Healthy
GOBP_POSITIVE_REGULATION_OF_LIPID_LOCALIZATION,0.06706948640483383,0.20995665309339287,0.06696957865216217,0.4729595598864976,1.4464906177549648,20,C3;APOE;ANXA2;EHD1;CAV1;CD36;DBI,GO:BP,Cancer_vs_Healthy
GOBP_PURINE_NUCLEOSIDE_METABOLIC_PROCESS,0.06696136214800262,0.20995665309339287,0.06990723473478111,0.5801120252728857,1.4724304164484512,10,PNP;HPRT1;PGM2;ADK;MTAP,GO:BP,Cancer_vs_Healthy
GOBP_B_CELL_ACTIVATION,0.06774907749077491,0.2109376682956019,0.06581329395295889,0.45251235231619036,1.4364856186978479,23,C3;IGHM;LGALS1;CD81,GO:BP,Cancer_vs_Healthy
GOBP_REGULATION_OF_ACTIN_FILAMENT_BUNDLE_ASSEMBLY,0.06773957571324067,0.2109376682956019,0.06551434202847482,0.4414855351031808,1.4297147588104913,25,SERPINF2;FLNA;S100A10;RHOA;CFL1;CDC42;RHOC;FERMT2;STMN1;NRP1;PFN1,GO:BP,Cancer_vs_Healthy
GOBP_TERPENOID_METABOLIC_PROCESS,0.06764574988874054,0.2109376682956019,0.06604004586433615,0.4594308750424258,1.444299182647603,22,RBP4;TTR;AKR1C1;AKR1C3;ADH1C;RETSAT;ADH1B,GO:BP,Cancer_vs_Healthy
GOBP_REGULATION_OF_SMALL_GTPASE_MEDIATED_SIGNAL_TRANSDUCTION,0.06791503633314701,0.21107406975481663,0.06386653877779266,0.40021448136575666,1.4089674421024154,36,APOE;ARHGAP1;ARRB1;PICALM;ARHGDIA;ITGB1;ARHGDIB;FLOT1;CRK;FERMT2;KRAS;STMN1;NRP1;TGM2;GNA13,GO:BP,Cancer_vs_Healthy
GOBP_POSITIVE_REGULATION_OF_STRESS_FIBER_ASSEMBLY,0.06865060620374744,0.2129771050629723,0.06761016403656743,0.5117670361365448,1.4560898609497086,15,SERPINF2;S100A10;RHOA;CDC42;RHOC;FERMT2;NRP1,GO:BP,Cancer_vs_Healthy
GOBP_ANTIGEN_PROCESSING_AND_PRESENTATION_OF_EXOGENOUS_PEPTIDE_ANTIGEN,0.06892599869024231,0.2133273703041145,0.0688594151123592,0.578769358606223,1.4690224828890397,10,B2M;CTSD;HLA-DRA;HLA-A;LGMN;CTSL,GO:BP,Cancer_vs_Healthy
GOBP_THIOESTER_BIOSYNTHETIC_PROCESS,0.06901041666666667,0.2133273703041145,0.09814704919287058,-0.36443207102705594,-1.4033539886978093,28,ACSL3;MPC2;ACACA;DLAT;PDHX;DLD;PDHB;MMUT;PDHA1,GO:BP,Cancer_vs_Healthy
GOBP_EYE_MORPHOGENESIS,0.06977116338614178,0.2145810710561116,0.06761016403656743,0.544091570273888,1.462808284188175,12,RBP4;THY1;EFEMP1;FBN1,GO:BP,Cancer_vs_Healthy
GOBP_PURINE_CONTAINING_COMPOUND_SALVAGE,0.06977121531721564,0.2145810710561116,0.06810212342120854,0.5607515873787972,1.465177671074225,11,PNP;HPRT1;PGM2;ADK;MTAP;NAPRT;APRT,GO:BP,Cancer_vs_Healthy
GOBP_REGULATION_OF_PROTEIN_SERINE_THREONINE_KINASE_ACTIVITY,0.06978851963746223,0.2145810710561116,0.06558872136278601,0.470455877738898,1.4388334033892958,20,AGT;APOE;THY1;RHOA,GO:BP,Cancer_vs_Healthy
GOBP_EPIDERMAL_CELL_DIFFERENTIATION,0.06996309963099631,0.2147357658301272,0.06471153297295634,0.4506225878418288,1.4304866233637943,23,SOD1;YAP1;ANXA1;AKR1C3;NME2;CLIC4;ASAH1,GO:BP,Cancer_vs_Healthy
GOBP_DNA_BIOSYNTHETIC_PROCESS,0.07239282005637146,0.2206362156785156,0.063728697179177,0.45526445955136613,1.431201346139005,22,HNRNPA1;TNKS1BP1;VCP;HNRNPC;CCT2;POLDIP2;HSP90AA1;CCT7;CCT3;CCT4;ADIPOQ;CCT6A,GO:BP,Cancer_vs_Healthy
GOBP_NUTRIENT_STORAGE,0.07240458614732213,0.2206362156785156,0.06566333893211565,0.5015557313078249,1.4485423111851607,16,C3;APOE;EHD1;CAV1;NPC2;CD36,GO:BP,Cancer_vs_Healthy
GOBP_POSITIVE_REGULATION_OF_CELL_DEVELOPMENT,0.07262716308337704,0.2206362156785156,0.05960075543425571,0.35271031251105484,1.3676359601225907,58,PNP;SERPINF1;ADD1;FN1;ANXA1;LGALS1;LGALS3;RHOA;ACTB;ITGB1;HLA-DRA;HMGB1;AP3B1;KRAS;MAP1B;NRP1;TGM2;PPP1CC;LMOD3;MME;ACTN3,GO:BP,Cancer_vs_Healthy
GOBP_RECEPTOR_RECYCLING,0.07236735356157716,0.2206362156785156,0.06681209315249766,0.559163607914495,1.461028468279997,11,SNCA;ANXA2;CTSD;RAB11B;EPS15,GO:BP,Cancer_vs_Healthy
GOBP_REGULATION_OF_BLOOD_CIRCULATION,0.07203032855939343,0.2206362156785156,0.10954123067857044,-0.2840877043118975,-1.3180199771569712,58,SMTNL1;PLN;CAMK2D;ATP1A2;ATP1A1;CSRP3;ATP1B1;HSPB7;GAA;STUB1;ATP2A2;CASQ2;CACNA2D1;BIN1;TMEM65;GPD1L;ATP2A3;MYL3,GO:BP,Cancer_vs_Healthy
GOBP_RETINOL_METABOLIC_PROCESS,0.07265162425988159,0.2206362156785156,0.06619244226344878,0.54155426958678,1.4559866668955022,12,RBP4;AKR1C3;ADH1C;RETSAT;ADH1B;ALDH1A1;RDH11,GO:BP,Cancer_vs_Healthy
GOBP_CELL_ACTIVATION_INVOLVED_IN_IMMUNE_RESPONSE,0.07316380167637448,0.22168506156204035,0.061945887634562026,0.4130614899033211,1.4055085973657113,31,ANXA1;LGALS1;CD81;LCP1;LGALS3;HLA-DRA;HMGB1;LAMP1;SNAP23;VAMP2;S100A13;PTGDS,GO:BP,Cancer_vs_Healthy
GOBP_MYOTUBE_DIFFERENTIATION,0.07349380430138157,0.22168506156204035,0.06188251316233214,0.41652185845582756,1.4076608839844873,30,CD81;EHD2;CD9;EHD1;CAV2;COL6A1;MYH9;ITGB1;GPX1;FLOT1,GO:BP,Cancer_vs_Healthy
GOBP_NEGATIVE_REGULATION_OF_PROTEASOMAL_UBIQUITIN_DEPENDENT_PROTEIN_CATABOLIC_PROCESS,0.07340454669953438,0.22168506156204035,0.08702116448082649,-0.45612399417956884,-1.4517133573477878,15,MTM1;CSNK2A1;CSNK2B;UCHL5;USP9X;BAG6;KLHL40;CCAR2;USP7;RPL11,GO:BP,Cancer_vs_Healthy
GOBP_RESPONSE_TO_ARSENIC_CONTAINING_SUBSTANCE,0.07351015062213491,0.22168506156204035,0.06657781236858144,0.5735960188177074,1.4558916003570836,10,SERPINF1;ALAD;GCLC;HNRNPA1,GO:BP,Cancer_vs_Healthy
GOBP_PROTEIN_RNA_COMPLEX_ORGANIZATION,0.07377417903733693,0.2217074458722056,0.1119013821886713,-0.26856475963056087,-1.2913974381757096,67,EIF3B;EIF3C;EIF3J;NOL3;EIF3A;PRKDC;SNRPB;PRMT5;EIF3D;EIF3L;SNU13;EIF3E;EIF2S2;STRAP;EIF3K;MCTS1;DENR,GO:BP,Cancer_vs_Healthy
GOBP_SODIUM_ION_TRANSPORT,0.0737527114967462,0.2217074458722056,0.09249605088129997,-0.38990140593611483,-1.417294211277625,23,ANK3;CAMK2D;ATP1A2;ATP1A1;AHCYL1;ATP1B1;CHP1;SLMAP;GPD1L;FXYD1;DMD;SNTA1;NDUFA9;CAV3,GO:BP,Cancer_vs_Healthy
GOBP_REGULATION_OF_POLYSACCHARIDE_METABOLIC_PROCESS,0.0739899399643031,0.22196981989290931,0.06604004586433615,0.5571983948847625,1.4558935987319184,11,AP2A1;SORBS1;HMGB1;CLTC,GO:BP,Cancer_vs_Healthy
GOBP_FEMALE_GAMETE_GENERATION,0.07447354904982023,0.22264756532541413,0.08355475162264983,-0.5320023901090949,-1.474231318642958,10,DIAPH2;DDB1;USP9X;WDR77;RAB24;SIRT2,GO:BP,Cancer_vs_Healthy
GOBP_REGULATION_OF_INTRINSIC_APOPTOTIC_SIGNALING_PATHWAY,0.07443669527896996,0.22264756532541413,0.05954383670265279,0.3653737919060537,1.37492474541291,50,CLU;S100A9;SOD1;FBXO7;S100A8;CAV1;PPIA;HNRNPK;GPX1;EIF5A;BCAP31;CD44;RPS7;ENO1;SOD2;P4HB;SFPQ;USP15;HYOU1;NONO;MIF,GO:BP,Cancer_vs_Healthy
GOBP_POSITIVE_REGULATION_OF_NEURON_PROJECTION_DEVELOPMENT,0.0748339483394834,0.22333862302353594,0.062459499010238485,0.44694976369898043,1.4188273636017061,23,APOE;SERPINF1;S100A9;EHD1;AP2A1;TUBB2B,GO:BP,Cancer_vs_Healthy
GOBP_RESPONSE_TO_XENOBIOTIC_STIMULUS,0.07531951855068868,0.22440022078550007,0.05677713902428648,0.3246173567558539,1.334580887415857,82,SNCA;PNP;CAT;RBP4;SOD1;ALAD;AKR1C1;GCLC;GUK1;COL6A1;SULT1A1;GCLM;GPX1;CBR1;CALR;AOX1;THBS1;ALDH2;MAP1B;COL18A1;ACACB;SOD2;CBR3;GSTO1;HADH;HSP90AA1;EPHX1;ACTC1,GO:BP,Cancer_vs_Healthy
GOBP_POSITIVE_REGULATION_OF_ERYTHROCYTE_DIFFERENTIATION,0.07550077041602465,0.2245530658844933,0.0829663391489805,-0.5315246093375342,-1.472907340800047,10,PRMT1;PRKDC;MAPK14;STAT5B;STAT3,GO:BP,Cancer_vs_Healthy
GOBP_PORPHYRIN_CONTAINING_COMPOUND_METABOLIC_PROCESS,0.07568770869772619,0.2247222691231458,0.06456851962731971,0.5141844465649184,1.4365037340751077,14,UROD;ALAD;BLVRB;BLVRA;HMBS,GO:BP,Cancer_vs_Healthy
GOBP_GLYCOPROTEIN_METABOLIC_PROCESS,0.07592035524996418,0.2247945652496366,0.061013866828415676,0.4187310136304751,1.4046801258205035,29,RAB1A;CST3;PMM2;RAB1B;MUSTN1;GANAB;ERP44;AGO2;RPN1;UGDH;CTSL;PRKCSH,GO:BP,Cancer_vs_Healthy
GOBP_PROTEIN_CONTAINING_COMPLEX_DISASSEMBLY,0.07610232677722072,0.2247945652496366,0.057538427241545356,0.34092054812406064,1.3531210659831414,67,ADD1;SPTBN1;SPTB;SPTAN1;GSN;DSTN;MTPN;TMOD1;CFL1;CLTC;CALM1;RPL23;EIF5A;CAPG;VCP;TMOD3;CAPZA1;NAPA;DMTN;MAP1B;STMN1;APEH,GO:BP,Cancer_vs_Healthy
GOBP_TETRAPYRROLE_METABOLIC_PROCESS,0.07605503168959654,0.2247945652496366,0.06345549930017466,0.48811210910678854,1.4342780514209925,17,UROD;ALAD;BLVRB;BLVRA;HMBS,GO:BP,Cancer_vs_Healthy
GOBP_ACTIN_MEDIATED_CELL_CONTRACTION,0.07686807293528782,0.22582030781970958,0.0974433570168394,-0.31891850794240195,-1.3405778202493706,38,PLN;CAMK2D;ATP1A2;ATP1A1;ATP2A2;CASQ2;CACNA2D1;BIN1;MYLK2;GPD1L;SGCD;MYH2;ANK2;EPDR1;MYL1;MYH7;SNTA1;QKI;MYL6B;CAV3,GO:BP,Cancer_vs_Healthy
GOBP_INORGANIC_ION_IMPORT_ACROSS_PLASMA_MEMBRANE,0.07684292784579318,0.22582030781970958,0.0828210936072908,-0.5098609230171685,-1.4664549282760946,11,ATP1A2;ATP1A1;ATP1B1;CACNA2D1;CACNA1S;ANK2,GO:BP,Cancer_vs_Healthy
GOBP_NEGATIVE_REGULATION_OF_LIPID_TRANSPORT,0.07697231557049128,0.22582030781970958,0.0642148359994021,0.5372585464735452,1.444437472421757,12,APOC2;APOE;PTPN11;APOC1;THBS1,GO:BP,Cancer_vs_Healthy
GOBP_RAC_PROTEIN_SIGNAL_TRANSDUCTION,0.07697231557049128,0.22582030781970958,0.0642148359994021,0.5371969244281584,1.4442717995030696,12,DBNL;CYFIP1;RHOG;CRK;KRAS,GO:BP,Cancer_vs_Healthy
GOBP_NEGATIVE_REGULATION_OF_LIPID_METABOLIC_PROCESS,0.07790168054028584,0.22777344157971902,0.06318555950777738,0.49685312446344365,1.4349607198250285,16,APOC2;APOE;APOD;AKR1C3;ACADL;APOC1,GO:BP,Cancer_vs_Healthy
GOBP_RESPONSE_TO_HYDROGEN_PEROXIDE,0.07785196760903537,0.22777344157971902,0.05994547215146834,0.41062123820669444,1.3972052458716087,31,CAT;HBA1;HP;SOD1;HBB;TXN;CFL1;GPX1;AQP1;CRK,GO:BP,Cancer_vs_Healthy
GOBP_POSITIVE_REGULATION_OF_IMMUNE_EFFECTOR_PROCESS,0.07825600894354388,0.22842294502439836,0.05926149100504273,0.39391292536641526,1.3867826195858535,36,C3;RBP4;AZGP1;ANXA1;CD81;B2M;HLA-B;CD36;HLA-DRA;LAMP1,GO:BP,Cancer_vs_Healthy
GOBP_METANEPHROS_DEVELOPMENT,0.07853318189193574,0.2288454271657082,0.06400522019116654,0.5534096107877342,1.445993953355191,11,YAP1;FBN1;CD34;LAMB2;AQP1;CTSH,GO:BP,Cancer_vs_Healthy
GOBP_CELL_CYCLE_G2_M_PHASE_TRANSITION,0.07950481430536452,0.23128673252469678,0.0837037443963104,-0.44151007362564815,-1.4398268525546045,16,ARPP19;FHL1;VPS4A;HSPA2,GO:BP,Cancer_vs_Healthy
GOBP_CD4_POSITIVE_ALPHA_BETA_T_CELL_ACTIVATION,0.0798406374501992,0.23187331346881382,0.06285261734886684,0.5233431723814458,1.4353704682402961,13,ANXA1;LGALS1;CD81;HLA-DRA;HMGB1,GO:BP,Cancer_vs_Healthy
GOBP_ORGANELLE_MEMBRANE_FUSION,0.07998295212388123,0.23189688132561537,0.05909385801963659,0.4094018029878815,1.3930559201032509,31,SNCA;ATL3;ANXA1;ANXA2;CAV2;RAB8A;RAB7A;SNAP23;RAB14;STX7;VAMP2,GO:BP,Cancer_vs_Healthy
GOBP_CELLULAR_RESPONSE_TO_KETONE,0.08014760147601475,0.23198501733761057,0.06023700915410373,0.44387452036127883,1.4090651045031568,23,SERPINF1;MSN;GNB1;AKR1C3;AKR1C2;GNAS;GNG2;AQP1;GNAI1,GO:BP,Cancer_vs_Healthy
GOBP_FILOPODIUM_ASSEMBLY,0.08071381794368042,0.23323323981050126,0.06338771148360935,0.5655197713201107,1.4353926071486025,10,FSCN1;CDC42;DMTN;NRP1;EZR;RALA;MIEN1,GO:BP,Cancer_vs_Healthy
GOBP_ENDODERM_DEVELOPMENT,0.08129157877656985,0.2343418467583497,0.06285261734886684,0.550961844794175,1.4395982299038454,11,FN1;COL6A1;MYH9;LAMC1;ITGA7;LAMB1;COL4A2,GO:BP,Cancer_vs_Healthy
GOBP_G_PROTEIN_COUPLED_DOPAMINE_RECEPTOR_SIGNALING_PATHWAY,0.08136869679109365,0.2343418467583497,0.06311857595872994,0.5649790975076441,1.4340202781290852,10,FLNA;GNB1;CAV2;GNAS;GNG2,GO:BP,Cancer_vs_Healthy
GOBP_RESPONSE_TO_AXON_INJURY,0.0829869130100077,0.23860463507702714,0.060473100247709854,0.47586629791130053,1.4186840023657348,18,SOD1;APOD;CTNNA1;LAMB2;MAP1B;SOD2;RANGAP1,GO:BP,Cancer_vs_Healthy
GOBP_PROTEIN_POLYMERIZATION,0.08382334542724884,0.24060920414997675,0.05385827539112959,0.32467405932649257,1.3249973041602954,79,SNCA;ADD1;ARPC5;CTTN;SPTBN1;SPTB;SPTAN1;GSN;TUBB4A;CYFIP1;MTPN;TMOD1;CFL1;ARPC3;CORO7;CAPG;TMOD3;MAPRE1;CAPZA1;ARPC2;DMTN;ESAM;MAP1B;STMN1;PFN1;SNX9;VASP;LMOD3;HSP90AA1;ARPC4;SVIL,GO:BP,Cancer_vs_Healthy
GOBP_CELL_COMMUNICATION_BY_ELECTRICAL_COUPLING,0.08419930722088996,0.24128756696135628,0.07993070157109763,-0.4834162407231844,-1.4315928910061946,12,ANK3;CAMK2D;ATP1A2;ATP1A1;ATP1B1;CASQ2,GO:BP,Cancer_vs_Healthy
GOBP_POSITIVE_REGULATION_OF_DNA_BIOSYNTHETIC_PROCESS,0.08446215139442231,0.24164006226748636,0.061013866828415676,0.5194229620420461,1.4246185286958104,13,HNRNPA1;CCT2;HSP90AA1;CCT7;CCT3;CCT4;CCT6A;HNRNPD;CCT5,GO:BP,Cancer_vs_Healthy
GOBP_NEGATIVE_REGULATION_OF_PHOSPHORYLATION,0.0850973149595113,0.24305481033063722,0.057179673897666476,0.4053836010860198,1.379383337553036,31,FBLN1;AGT;APOE;THY1;PPIA;CORO1C,GO:BP,Cancer_vs_Healthy
GOBP_FATTY_ACYL_COA_METABOLIC_PROCESS,0.08618367896579585,0.24575148061533864,0.07941237368878319,-0.45394543423975225,-1.4151161660655511,14,ACSL3;ACACA;HSD17B4;ACAT1;GCDH;FITM2;CBR4,GO:BP,Cancer_vs_Healthy
GOBP_DETECTION_OF_ABIOTIC_STIMULUS,0.08754526846165958,0.24881286825945353,0.05948706873132018,0.49714921748467955,1.41449894941139,15,LXN;RBP4;TTR,GO:BP,Cancer_vs_Healthy
GOBP_NEGATIVE_REGULATION_OF_REPRODUCTIVE_PROCESS,0.08745740710692844,0.24881286825945353,0.060473100247709854,0.5461100959749052,1.4269211832477962,11,SERPINF1;SOD1;MYH9;ARHGDIB;CALR;PTGDS,GO:BP,Cancer_vs_Healthy
GOBP_POSITIVE_REGULATION_OF_LEUKOCYTE_MIGRATION,0.08811748998664887,0.25002795188329924,0.05743529256532879,0.4449221712729504,1.3986886019621094,22,THY1;LGALS3;RHOA;HMGB1;CALR;THBS4;THBS1;P4HB;ADAM10;LGMN;MAPK3;LYVE1,GO:BP,Cancer_vs_Healthy
GOBP_POSITIVE_REGULATION_OF_TRANSMEMBRANE_TRANSPORT,0.08920508961554248,0.2524496511327418,0.054649854011676484,0.3713355035826131,1.355444265088899,43,SNCA;C3;THY1;SRI;FLNA;CA2;ACTN4;CAV1;ITGB1;SORBS1;PTPN11,GO:BP,Cancer_vs_Healthy
GOBP_TELENCEPHALON_DEVELOPMENT,0.08926315789473684,0.2524496511327418,0.05538086661730362,0.39306091114340697,1.369076085198724,34,SLC2A1;HPRT1;FLNA;ATP2B4;CORO1C;RHOA;TUBB2B;CFL1;RAN;MYH10;AQP1;CRK;ATIC;TUBB2A,GO:BP,Cancer_vs_Healthy
GOBP_GLYCEROPHOSPHOLIPID_METABOLIC_PROCESS,0.08960328317373462,0.2525847851944754,0.08804095533636991,-0.32981278388275775,-1.3256569245838916,33,ACSL3;LPCAT3;PIP4K2B;HADHA;MTM1;IMPA2;PCYT2;PAFAH1B1;ABHD16A;IMPA1;BPNT1;FABP3;PHB2,GO:BP,Cancer_vs_Healthy
GOBP_REGULATION_OF_ORGANELLE_ASSEMBLY,0.08955424274973148,0.2525847851944754,0.05398802740077705,0.3597428426481122,1.3486959455467953,49,FSCN1;YAP1;GSN;MSN;LCP1;ATG3;STAM;SEPTIN7;RHOA;SDCBP;SEC22B;CAPG;RAB1B,GO:BP,Cancer_vs_Healthy
GOBP_EXTRACELLULAR_MATRIX_DISASSEMBLY,0.0900398406374502,0.2534020270708696,0.05898283115096965,0.5151342839468218,1.4128559946444688,13,FSCN1;GSN;LCP1;CST3;LAMC1;CAPG;FLOT1;CTSG;ADAM10,GO:BP,Cancer_vs_Healthy
GOBP_RIBONUCLEOSIDE_MONOPHOSPHATE_METABOLIC_PROCESS,0.09041933605125219,0.25405628080742076,0.05609112596238862,0.4174209582728087,1.3730823993183614,27,PNP;HPRT1;GUK1;MPP1;CMPK1;ADK;GMPR2;ATIC,GO:BP,Cancer_vs_Healthy
GOBP_POSITIVE_REGULATION_OF_LEUKOCYTE_MEDIATED_IMMUNITY,0.09075956937799043,0.2545636475255814,0.05677713902428648,0.4485129670693581,1.3915770337543838,21,C3;AZGP1;CD81;B2M;HLA-B;HLA-DRA;LAMP1;STX7,GO:BP,Cancer_vs_Healthy
GOBP_RESPONSE_TO_MONOAMINE,0.0908945431269003,0.2545636475255814,0.05881737072163819,0.527257689732028,1.4175498364249224,12,FLNA;GNB1;CAV2;GNAS;GNG2;TGM2;GNA11;VPS35;GSK3A,GO:BP,Cancer_vs_Healthy
GOBP_RESPONSE_TO_RETINOIC_ACID,0.09163346613545817,0.2562178470583685,0.058436248184975975,0.5142397303897915,1.4104025074762352,13,RBP4;SERPINF1;YAP1,GO:BP,Cancer_vs_Healthy
GOBP_CD4_POSITIVE_ALPHA_BETA_T_CELL_DIFFERENTIATION,0.09201047806155861,0.2564713397335939,0.05914958934403785,0.5577269504988646,1.4156130026804172,10,ANXA1;LGALS1;HLA-DRA;HMGB1,GO:BP,Cancer_vs_Healthy
GOBP_RESPONSE_TO_ETHANOL,0.09202096680256261,0.2564713397335939,0.055567847676256846,0.4159749896513256,1.3683259681311488,27,CAT;RBP4;SOD1;ALAD;S100A8,GO:BP,Cancer_vs_Healthy
GOBP_SKIN_EPIDERMIS_DEVELOPMENT,0.09297420087619666,0.2587108198294168,0.058544441155085856,0.540532932769941,1.4123487144759326,11,COL6A1;GNAS;AP3B1;STMN1,GO:BP,Cancer_vs_Healthy
GOBP_INTRACELLULAR_PH_REDUCTION,0.09313490158425348,0.2587413343048071,0.05806188937469579,0.5252630719803298,1.4121872402547517,12,CA2;ATP6V1H;CLIC4;LAMP1;RAB7A,GO:BP,Cancer_vs_Healthy
GOBP_REGULATION_OF_CATION_CHANNEL_ACTIVITY,0.09394686387291153,0.2605781392815267,0.07660847810088539,-0.4340189920338532,-1.381359402527109,15,ANK3;CAMK2D;STIM1;UBQLN1;CACNB3;NIPSNAP2,GO:BP,Cancer_vs_Healthy
GOBP_IN_UTERO_EMBRYONIC_DEVELOPMENT,0.09575757575757576,0.26269997193376365,0.09269614287411347,-0.28442679631713313,-1.2913749128799141,53,MFN2;CPT2;MT-ND4;PRMT1;SLC25A20;YBX3;ENDOG;CUL4A;SEC24C;NDUFA2;EIF2S2;CUL3;GRB2;SBDS;PSMC4;RPA1;YBX1;NXN;COPS3;TRIM28,GO:BP,Cancer_vs_Healthy
GOBP_MEMBRANE_FUSION,0.09519923840609275,0.26269997193376365,0.052605918148347655,0.3667283579309806,1.3465027306887623,44,SNCA;ATL3;ANXA1;ANXA2;CD9;CAV2;RAB8A;SEC22B;RAB7A;SNAP23;RAB14;STX7;VAMP2;NAPA,GO:BP,Cancer_vs_Healthy
GOBP_OSTEOBLAST_DIFFERENTIATION,0.09564498346196251,0.26269997193376365,0.0528500333504708,0.3724021726743023,1.3458245216201596,41,CAT;CLIC1;YAP1;TPM4;ILK;COL6A1;IFITM1;CLTC;ALYREF;FERMT2;FASN;HNRNPC;MRC2,GO:BP,Cancer_vs_Healthy
GOBP_POSITIVE_REGULATION_OF_DNA_BINDING_TRANSCRIPTION_FACTOR_ACTIVITY,0.09564575645756458,0.26269997193376365,0.05483012254417753,0.4346910945558387,1.3799126205270384,23,CLU;S100A9;S100A8;PPIA;MTPN,GO:BP,Cancer_vs_Healthy
GOBP_POSITIVE_REGULATION_OF_PHOSPHORYLATION,0.09522506498837051,0.26269997193376365,0.05276831946555348,0.36865635988888834,1.3456648878950337,43,C3;FBN1;PPIA;ARRB1;RHOA;SDCBP;CSPG4;FLOT1;THBS4;THBS1;NRP1;NIBAN1;SNX9,GO:BP,Cancer_vs_Healthy
GOBP_PROTEIN_LOCALIZATION_TO_PLASMA_MEMBRANE,0.09512995205652283,0.26269997193376365,0.05053851165240352,0.3234979546533019,1.3080722192649608,75,ANK1;SPTBN1;FLNA;FLOT2;CD81;EHD2;EHD1;S100A10;ATP2B4;LGALS3;PICALM;EHD4;RAB8A;RHOG;ACTB;ITGB1;SORBS1;HSP90B1;CLTC;RAB7A;FLOT1;STX7;VAMP2,GO:BP,Cancer_vs_Healthy
GOBP_REGULATION_OF_PLATELET_ACTIVATION,0.09577603143418467,0.26269997193376365,0.05790347029013962,0.5538535438810912,1.4057815882797255,10,APOE;FLNA;CD9;GNAQ;CTSG,GO:BP,Cancer_vs_Healthy
GOBP_FEMALE_SEX_DIFFERENTIATION,0.09659462999345121,0.26368960604847347,0.057642075315136994,0.552975225559349,1.403552255744085,10,RBP4;SOD1;CTNNA1;IDH1,GO:BP,Cancer_vs_Healthy
GOBP_REGULATION_OF_HEART_RATE,0.09656004828002414,0.26368960604847347,0.07941237368878319,-0.38593828757312276,-1.3695824456327508,21,PLN;CAMK2D;ATP2A2;CASQ2;CACNA2D1;BIN1;GPD1L;ANK2;MYH7;DMD;SNTA1;HRC;CAV3,GO:BP,Cancer_vs_Healthy
GOBP_TELOMERASE_RNA_LOCALIZATION,0.09659462999345121,0.26368960604847347,0.057642075315136994,0.5530300908141992,1.403691513795165,10,CCT2;RUVBL1;RUVBL2;CCT7;CCT3;CCT4;CCT6A;CCT5,GO:BP,Cancer_vs_Healthy
GOBP_REGULATION_OF_HEART_CONTRACTION,0.0976295701084773,0.26609447499597594,0.09151407659930252,-0.28657562636860245,-1.2935595857814695,52,PLN;CAMK2D;ATP1A2;ATP1A1;CSRP3;ATP1B1;HSPB7;GAA;ATP2A2;CASQ2;CACNA2D1;BIN1;TMEM65;GPD1L;ATP2A3;MYL3;ANK2;FXYD1;MYH7;DMD;SNTA1,GO:BP,Cancer_vs_Healthy
GOBP_DISRUPTION_OF_ANATOMICAL_STRUCTURE_IN_ANOTHER_ORGANISM,0.09841560024375381,0.2673933289641613,0.054920869974913786,0.4588791741281435,1.3870255934571534,19,DEFA3;APOL1;C8G;LGALS3;LYZ;PPBP;CTSG;GAPDH;LTF,GO:BP,Cancer_vs_Healthy
GOBP_REGULATION_OF_LIPID_TRANSPORT,0.09840996991834981,0.2673933289641613,0.05313876866158315,0.4056690073792194,1.3608621615732366,29,APOC2;AGT;APOE;ANXA2;CAV1;PTPN11;DBI;APOC1;THBS1;ABCA8;SURF4;MAPK3;MIF;SCP2;LAMTOR1;CES1,GO:BP,Cancer_vs_Healthy
GOBP_L_AMINO_ACID_CATABOLIC_PROCESS,0.09891857506361323,0.26833798698575145,0.08059249007647792,-0.35649852954363104,-1.3489124884344403,26,DLST;ALDH4A1;GLS;MCCC2;MCCC1;AUH;IVD;RIDA;GOT2;GOT1;BCKDK;GPT,GO:BP,Cancer_vs_Healthy
GOBP_AMINE_METABOLIC_PROCESS,0.099153194765204,0.26855285353334246,0.05501203039717306,0.4662321689691773,1.3899621015568093,18,SNCA;HPRT1;AOC3;ATP2B4;SULT1A1,GO:BP,Cancer_vs_Healthy
GOBP_DEOXYRIBONUCLEOTIDE_CATABOLIC_PROCESS,0.09962680512737303,0.2694133321754313,0.056431261134404075,0.5365265315844332,1.4018804613483566,11,PNP;TYMP;DUT;SAMHD1,GO:BP,Cancer_vs_Healthy
GOBP_INTERLEUKIN_1_PRODUCTION,0.0998568929877564,0.26961361106694226,0.05575657347172974,0.4961121868298156,1.3860143255251494,14,ORM1;ANXA1;CD36;HMGB1;S100A13,GO:BP,Cancer_vs_Healthy
GOBP_REGULATION_OF_MITOCHONDRIAL_MEMBRANE_POTENTIAL,0.10017472335468841,0.27004980024477626,0.053097257605142945,0.4122810686540745,1.3561750260059975,27,CLIC1;SOD1;ALB;GCLC;DCN;COL6A1;GCLM,GO:BP,Cancer_vs_Healthy
GOBP_GLAND_DEVELOPMENT,0.10058708414872798,0.2703180115225536,0.04993190986140309,0.3376387785416933,1.3134937695277433,59,SERPINF1;SOD1;NME1;PRDX2;MSN;HSPA12A;CAV1;MPST;GPX1;DUT;CRIP1;PSAP;KRAS;NRP1;TGM2;FASN;SOD2;EZR,GO:BP,Cancer_vs_Healthy
GOBP_SEX_DIFFERENTIATION,0.10054548135043491,0.2703180115225536,0.05334765892179997,0.4260305047926984,1.365608572411132,24,RBP4;SOD1;FLNA;AKR1C3;CTNNA1;IDH1;PTPN11,GO:BP,Cancer_vs_Healthy
GOBP_REGULATION_OF_TELOMERE_MAINTENANCE_VIA_TELOMERE_LENGTHENING,0.10177477618972829,0.27308511375132066,0.05483012254417753,0.47957797577844175,1.3850683903385534,16,HNRNPA2B1;HNRNPA1;HNRNPC;CCT2;HSP90AA1;CCT7;CCT3;CCT4;CCT6A;HNRNPD,GO:BP,Cancer_vs_Healthy
GOBP_POSITIVE_REGULATION_OF_CYTOSKELETON_ORGANIZATION,0.10208971116731,0.27350545875521193,0.050072872271063,0.34910681769782514,1.324645204041869,52,SERPINF2;CTTN;FLNA;GSN;DSTN;S100A10;CYFIP1;RHOA;CFL1;MAPRE1;CDC42;RHOC;FERMT2;ARPC2;MAP1B;NRP1;PFN1;SNX9,GO:BP,Cancer_vs_Healthy
GOBP_ORGANOPHOSPHATE_ESTER_TRANSPORT,0.10243542435424355,0.27400683170918394,0.0528500333504708,0.43130703390810604,1.3691700310079071,23,APOC2;APOE;NPC2;PITPNA;ESYT1;DBI;APOC1,GO:BP,Cancer_vs_Healthy
GOBP_METABOLIC_COMPOUND_SALVAGE,0.10413067378671274,0.2781109803762591,0.05416236645338977,0.4783426132016679,1.381500541642167,16,PNP;HPRT1;PGM2;PDXK;ADK;MTAP;NAPRT;APRT,GO:BP,Cancer_vs_Healthy
GOBP_POSITIVE_REGULATION_OF_PROTEIN_LOCALIZATION_TO_MEMBRANE,0.1048283720267768,0.2795423254047381,0.05120295424275927,0.39846789808034644,1.3466464298672711,30,STOM;SPTBN1;CD81;MYO1C;ATP2B4;LGALS3;RHOG;ITGB1;SORBS1;CRK;AP2B1,GO:BP,Cancer_vs_Healthy
GOBP_CARDIAC_MUSCLE_CELL_CONTRACTION,0.10531080265540133,0.28039609705475116,0.0759225511621017,-0.38015022529189324,-1.3490423003560292,21,PLN;CAMK2D;ATP1A2;ATP1A1;ATP2A2;CASQ2;CACNA2D1;BIN1;GPD1L;SGCD;ANK2,GO:BP,Cancer_vs_Healthy
GOBP_CHLORIDE_TRANSPORT,0.10595489209800422,0.2816770054543866,0.05460504008636142,0.5316726506227599,1.3891978436560204,11,CLIC1;APOL1;CA2;CLIC4;CLIC2,GO:BP,Cancer_vs_Healthy
GOBP_REGULATION_OF_CARDIAC_MUSCLE_CONTRACTION_BY_CALCIUM_ION_SIGNALING,0.10645724258289703,0.2817122744000705,0.07407057399217715,-0.3907030493068935,-1.3465745883220908,19,PLN;CAMK2D;ATP1A2;ATP1B1;ATP2A2;CASQ2,GO:BP,Cancer_vs_Healthy
GOBP_REGULATION_OF_SODIUM_ION_TRANSPORT,0.10645724258289703,0.2817122744000705,0.07407057399217715,-0.39009728962261625,-1.344486811943266,19,ANK3;CAMK2D;ATP1A1;AHCYL1;ATP1B1;CHP1;SLMAP;GPD1L;FXYD1;DMD;SNTA1,GO:BP,Cancer_vs_Healthy
GOBP_SENSORY_PERCEPTION_OF_MECHANICAL_STIMULUS,0.10644589000591366,0.2817122744000705,0.0747093797274478,-0.3868541702678161,-1.3548475490991365,20,MYO6;MYH14;STX4;CLIC5,GO:BP,Cancer_vs_Healthy
GOBP_INTRINSIC_APOPTOTIC_SIGNALING_PATHWAY_IN_RESPONSE_TO_ENDOPLASMIC_RETICULUM_STRESS,0.10719095071370859,0.28322012665640434,0.07090852647403903,-0.4384596856920328,-1.3668413482998327,14,AIFM1;OPA1;ATP2A3;BAG6;NCK1;ATP2A1,GO:BP,Cancer_vs_Healthy
GOBP_BIOLOGICAL_PROCESS_INVOLVED_IN_INTERACTION_WITH_SYMBIONT,0.10805500982318271,0.28427093881187526,0.054294135622706095,0.5444228429673256,1.3818447445859154,10,FN1;APOL1;GPX1;CTSG;GAPDH;LTF,GO:BP,Cancer_vs_Healthy
GOBP_CLATHRIN_DEPENDENT_ENDOCYTOSIS,0.10790199578127535,0.28427093881187526,0.05407500482452486,0.530211236093774,1.3853793400900067,11,AP2A1;AP2A2;PICALM;CLTC;AP2B1;AP2M1,GO:BP,Cancer_vs_Healthy
GOBP_NEGATIVE_REGULATION_OF_ESTABLISHMENT_OF_PROTEIN_LOCALIZATION,0.10824668850591083,0.28427093881187526,0.050322156489661464,0.3962832782572529,1.3392633746712086,30,APOE;APOD;TXN;PSMD9;CD36;UFM1;PTPN11;YWHAB;GNAI1;DMTN;RAB23;HADH;SNX3;RANGAP1,GO:BP,Cancer_vs_Healthy
GOBP_REGULATION_OF_EPITHELIAL_CELL_DIFFERENTIATION,0.10821872953503602,0.28427093881187526,0.05425011518247695,0.5443238975182211,1.3815936029400202,10,ADD1;YAP1;CAV1;NME2;VCL;KRAS,GO:BP,Cancer_vs_Healthy
GOBP_NEGATIVE_REGULATION_OF_LIPID_LOCALIZATION,0.10860232151375418,0.28477209647309143,0.05330570179080627,0.49071257148301295,1.3709291403156976,14,APOC2;APOE;PTPN11;APOC1;THBS1,GO:BP,Cancer_vs_Healthy
GOBP_PROTEINOGENIC_AMINO_ACID_METABOLIC_PROCESS,0.10879811468970935,0.2848532457330572,0.08555361119423137,-0.28431823923631544,-1.2773107972894246,50,ALDH5A1;DLST;ALDH4A1;GLS;MCCC2;BCAT2;MCCC1;AUH;GCDH;IVD;RIDA;SMS;GOT2;ADI1;GCSH;SHMT2;GOT1;BCKDK;ASPA;GPT;ENOPH1;NIT2,GO:BP,Cancer_vs_Healthy
GOBP_GLUCOSE_6_PHOSPHATE_METABOLIC_PROCESS,0.109800796812749,0.2859257617728532,0.05305583479568716,0.5019407393351631,1.376670131703311,13,TKT;PGD;PGLS;TALDO1;G6PD;RPIA;ACACB,GO:BP,Cancer_vs_Healthy
GOBP_MRNA_EXPORT_FROM_NUCLEUS,0.10974649661470634,0.2859257617728532,0.05272759128841473,0.4830641664285561,1.3744238789484533,15,DDX19B;HNRNPA2B1;PABPN1;ALYREF;AGFG1;DDX39B,GO:BP,Cancer_vs_Healthy
GOBP_POSITIVE_REGULATION_OF_CANONICAL_NF_KAPPAB_SIGNAL_TRANSDUCTION,0.11002311981504148,0.2859257617728532,0.04864392917561806,0.3600326900187112,1.3219184984288925,44,S100A4;LGALS1;FLNA;FLOT2;ILK;CAV1;RHOA;CD36;LIMS1;FKBP1A;FLOT1;RHOC;S100A13;GAPDH;LTF;UBE2V1;ECM1;S100B;TRIM25,GO:BP,Cancer_vs_Healthy
GOBP_REGULATION_OF_EXOCYTOSIS,0.11003508771929825,0.2859257617728532,0.04948105414134827,0.3830600678796891,1.3342420048920678,34,SNCA;ANXA1;ANXA2;GNAI2;RAP1B;S100A10;STAM;SDCBP;LAMP1;RAB7A;VAMP2,GO:BP,Cancer_vs_Healthy
GOBP_TOLL_LIKE_RECEPTOR_SIGNALING_PATHWAY,0.10945751320211233,0.2859257617728532,0.053263834525510825,0.5157980757522935,1.3867402830721367,12,S100A9;S100A8;CD36;HSP90B1;AP3B1;YWHAE,GO:BP,Cancer_vs_Healthy
GOBP_CELL_CYCLE_CHECKPOINT_SIGNALING,0.11038777243136146,0.28641151765974865,0.07166285651917921,-0.4078710260589832,-1.3518958192741959,17,DYNC1LI1;VPS4A;PRKDC;CUL4A;MAPK14,GO:BP,Cancer_vs_Healthy
GOBP_CELL_SURFACE_RECEPTOR_PROTEIN_SERINE_THREONINE_KINASE_SIGNALING_PATHWAY,0.11143931256713212,0.28870634500150566,0.04796934680442406,0.3502857890117557,1.3132409249485155,49,LRG1;SPTBN1;FBN1;ILK;CAV1;CAV2;ZYX;ASPN;SDCBP;COMP;ITGB1;UBE2O;NCLN;FKBP1A;THBS1;FERMT2,GO:BP,Cancer_vs_Healthy
GOBP_ALCOHOL_CATABOLIC_PROCESS,0.11217794847175548,0.2901848726934034,0.05256552988825168,0.5132538978023985,1.3799001760297103,12,APOE;AKR1C3;SORD;SULT1A1;ALDH2;TKFC,GO:BP,Cancer_vs_Healthy
GOBP_GLUCOSE_CATABOLIC_PROCESS,0.11263187909894497,0.2909235980313556,0.07118874687825477,-0.39893489915876046,-1.35115561760132,18,BCL2L13;PFKL;HK1;PFKM;PFKFB2;ENO3;PKM,GO:BP,Cancer_vs_Healthy
GOBP_ASPARTATE_FAMILY_AMINO_ACID_METABOLIC_PROCESS,0.11378431927540333,0.29302429762726817,0.07053972885275515,-0.40585425673456654,-1.3452112012358335,17,DLST;RIDA;SMS;GOT2;ADI1;GOT1;ASPA;ENOPH1;NIT2;ADSS2;ADSS1,GO:BP,Cancer_vs_Healthy
GOBP_SENSORY_PERCEPTION_OF_LIGHT_STIMULUS,0.11361879734116556,0.29302429762726817,0.05124056308104221,0.46306780594403996,1.3606873871672505,17,RBP4;EFEMP1;LUM;PITPNA;TGFBI;LAMB2;COL18A1;RDH11,GO:BP,Cancer_vs_Healthy
GOBP_TOR_SIGNALING,0.11406980928391508,0.2933223667300674,0.07980020895275265,-0.30170429993030834,-1.27524048801746,39,MTM1;LARS1;UBE3A;PRMT1;ENDOG;CUL3;RPS6KA3;PRKAA1;MAT2A;UBE2D1;USP9X;PRKAA2;LAMTOR2;SESN1;ARAF;SAR1B;GSK3B;USP7;PRKACA;OTUB1;DEPTOR,GO:BP,Cancer_vs_Healthy
GOBP_ACTIN_FILAMENT_BASED_MOVEMENT,0.11522319725295689,0.2954090279719726,0.08182448829461395,-0.29383578432468216,-1.2838583952514753,45,MYO6;MYH14;PLN;CAMK2D;ATP1A2;ATP1A1;SYNE2;ATP2A2;CASQ2;CACNA2D1;BIN1;MYLK2;GPD1L;SGCD;MYH2;ANK2;EPDR1;MYL1;MYH7;SNTA1,GO:BP,Cancer_vs_Healthy
GOBP_REGULATION_OF_NUCLEOCYTOPLASMIC_TRANSPORT,0.11514552133371009,0.2954090279719726,0.048448610762049545,0.3853139836400176,1.332218764056851,33,FLNA;APOD;TXN;CD36;UFM1;PTPN11;YWHAB;RAN;RAB23;YWHAE;EMD;PPP1CC;HSP90AA1;EPM2A;RANGAP1,GO:BP,Cancer_vs_Healthy
GOBP_PIGMENT_BIOSYNTHETIC_PROCESS,0.11585853736597855,0.2958672998838401,0.05165925695625404,0.5111227787472363,1.3741705915648872,12,UROD;ALAD;DDT;HMBS,GO:BP,Cancer_vs_Healthy
GOBP_REGULATION_OF_FATTY_ACID_METABOLIC_PROCESS,0.11586715867158671,0.2958672998838401,0.04944682482267162,0.424318698596337,1.346985789798553,23,SNCA;APOC2;CAV1;ACADL;APOC1;FABP5;PGK1;EIF6,GO:BP,Cancer_vs_Healthy
GOBP_REGULATION_OF_PROTEIN_NEDDYLATION,0.11591560302162021,0.2958672998838401,0.06689070510069295,-0.47745585131492635,-1.3732519096613636,11,COPS7A;COPS5;GPS1;COPS8;COPS3;COPS6;COPS2;COPS4;RPL11,GO:BP,Cancer_vs_Healthy
GOBP_PROTEIN_CONTAINING_COMPLEX_LOCALIZATION,0.11630811936155448,0.2959994348102538,0.04771886321853942,0.36867016229883165,1.3118546797292503,38,AP2A1;AP2A2;RAB8A;RAN;RAB7A;EIF6;AP2B1;STX7;EPS15;RAB4A;EZR;ADAM10;AP2M1;LMNA;VPS35;EPB41L3;PPP3R1;RALA,GO:BP,Cancer_vs_Healthy
GOBP_REGULATION_OF_POSTSYNAPTIC_MEMBRANE_NEUROTRANSMITTER_RECEPTOR_LEVELS,0.116309963099631,0.2959994348102538,0.04934451725463025,0.4241623927326405,1.3464896019615384,23,FLOT2;AP2A1;AP2A2;RAB8A;AP2B1;EPS15;ADAM10;AP2M1;HSP90AA1;VPS35;EPB41L3;PPP3R1;RALA,GO:BP,Cancer_vs_Healthy
GOBP_LUNG_EPITHELIUM_DEVELOPMENT,0.11698847963654065,0.29708546730799346,0.05177506345682876,0.5245514047566233,1.3705908692521394,11,YAP1;COL6A1;RCN3;CDC42;KRAS;SRSF6;LTA4H;PPP3R1,GO:BP,Cancer_vs_Healthy
GOBP_PIGMENTATION,0.11715417428397319,0.29708546730799346,0.05000225731437199,0.4468415922935038,1.3506403421114088,19,APOE;RAB1A;RAB11B;AP1B1;AP3B1;SOD2;CD63;GNA11;ATRN;AP1G1,GO:BP,Cancer_vs_Healthy
GOBP_REGULATION_OF_CALCIUM_ION_TRANSMEMBRANE_TRANSPORTER_ACTIVITY,0.11725248188891871,0.29708546730799346,0.06752914363158005,-0.44791874492713735,-1.364182220712063,13,PLN;CAMK2D;STIM1;UBQLN1;CACNB3;NIPSNAP2,GO:BP,Cancer_vs_Healthy
GOBP_REGULATION_OF_CALCIUM_ION_TRANSMEMBRANE_TRANSPORT,0.11787365177195686,0.2977860676344173,0.08127028472763043,-0.2899013209118017,-1.2803588567352595,47,PLN;CAMK2D;ATP1A2;DHRS7C;ATP1B1;CACNB1;STIM1;UBQLN1;CASQ2;CACNG1;CACNA2D1;BIN1;CACNB3;AFG3L2;NIPSNAP2;VDAC1,GO:BP,Cancer_vs_Healthy
GOBP_RESPONSE_TO_ALCOHOL,0.11779582057766538,0.2977860676344173,0.0463144910700218,0.34170597338994835,1.2965635613431146,52,CAT;RBP4;SOD1;ALAD;S100A8;GNB1;AKR1C3;AKR1C2;GNAS;CTNNA1;GNG2;G6PD;GNAQ;GNAI1,GO:BP,Cancer_vs_Healthy
GOBP_NEGATIVE_REGULATION_OF_CATALYTIC_ACTIVITY,0.11856223175965665,0.2990883744243601,0.04634323610919203,0.34615518157828046,1.3026038961963966,50,AGT;APOE;GNAI3;THY1;CAND1;GNAI2;PPIA;CORO1C;RPL23,GO:BP,Cancer_vs_Healthy
GOBP_DEVELOPMENT_OF_PRIMARY_SEXUAL_CHARACTERISTICS,0.11993957703927492,0.30212185003479164,0.04914159594205312,0.43818966792038216,1.3401510344692193,20,RBP4;SOD1;FLNA;AKR1C3;CTNNA1;IDH1,GO:BP,Cancer_vs_Healthy
GOBP_GMP_METABOLIC_PROCESS,0.12100492924153283,0.30391935716478014,0.0502863396522084,0.4835894137151502,1.3510288053283204,14,HPRT1;GUK1;MPP1;ADK;GMPR2;ATIC,GO:BP,Cancer_vs_Healthy
GOBP_POSITIVE_REGULATION_OF_CELL_DIVISION,0.12095617529880479,0.30391935716478014,0.05035804219297,0.49461278270146386,1.356571784959444,13,CAT;RHOA;PPBP;THBS4;CDC42;POLDIP2;SVIL,GO:BP,Cancer_vs_Healthy
GOBP_ACTOMYOSIN_STRUCTURE_ORGANIZATION,0.12140733399405351,0.3044874791607031,0.0437813130319179,0.3061795566980685,1.2640347910578154,85,SERPINF2;CSRP1;EPB41;EPB41L2;S100A10;ZYX;ARRB1;MYH9;TMOD1;RHOA;IQGAP1;ITGB1;CNN3;SORBS1;CNN2;MYL9;MYH10;TMOD3;CNN1;CDC42;RHOC;FERMT2;STMN1;NRP1;PFN1;MYOZ2;MYBPC2;LMOD3;PDLIM1;ACTC1,GO:BP,Cancer_vs_Healthy
GOBP_REGULATION_OF_OSTEOBLAST_DIFFERENTIATION,0.12218075612526368,0.30598311099196474,0.05057481533863819,0.5219970879565498,1.3639167411273991,11,CLIC1;YAP1;ILK;IFITM1,GO:BP,Cancer_vs_Healthy
GOBP_CELLULAR_RESPONSE_TO_ANGIOTENSIN,0.12337974075852136,0.30853862811971766,0.04993190986140309,0.5068734174940596,1.3627460424939906,12,AGT;CA2;CAV1,GO:BP,Cancer_vs_Healthy
GOBP_LIPID_CATABOLIC_PROCESS,0.12440191387559808,0.3088599241049332,0.08838864914529622,-0.2456212812136774,-1.2029244366689256,74,HADHA;HADHB;ECI2;CPT2;ACADVL;ETFDH;CRAT;CPT1B;HSD17B4;CPT1A;ACAT1;ECH1;HSD17B10;AUH;ACAA1;IAH1;ECI1;GCDH;LYPLA2;FITM2;NEU3;IVD;PRKAA1;PLIN5;BCO2;ACADM;PCCB;PAFAH1B1;MGST2;ABHD16A,GO:BP,Cancer_vs_Healthy
GOBP_RELEASE_OF_SEQUESTERED_CALCIUM_ION_INTO_CYTOSOL_BY_ENDOPLASMIC_RETICULUM,0.1238883777982214,0.3088599241049332,0.07035736141753197,-0.36596052807772583,-1.311544540423351,22,PLN;CAMK2D;ATP1A2;DHRS7C;NOL3;RYR1;CASQ2,GO:BP,Cancer_vs_Healthy
GOBP_RESPONSE_TO_TRANSFORMING_GROWTH_FACTOR_BETA,0.12413793103448276,0.3088599241049332,0.04588889823293002,0.361179787137809,1.299854321327235,40,LRG1;FBN1;CAV1;CAV2;ZYX;ASPN;SDCBP;ITGB1;LIMS1;FKBP1A;CRK;THBS1;FERMT2;USP15;COL4A2;COL1A2;SNRNP70;HSPA5,GO:BP,Cancer_vs_Healthy
GOBP_STEM_CELL_PROLIFERATION,0.12426326129666011,0.3088599241049332,0.05035804219297,0.5358532517247465,1.360093554725357,10,FBLN1;YAP1;CD34;FERMT2,GO:BP,Cancer_vs_Healthy
GOBP_TYPE_2_MITOPHAGY,0.12378017462763226,0.3088599241049332,0.06414475010545988,-0.49389216142874737,-1.368624100093259,10,MFN2;OPTN;VDAC1;CDC37;VPS13C;HK2,GO:BP,Cancer_vs_Healthy
GOBP_REGULATION_OF_AMIDE_METABOLIC_PROCESS,0.12514952153110048,0.3102702628489837,0.04774998299638073,0.43018392825345636,1.3347085119061464,21,SNCA;CLU;APOE,GO:BP,Cancer_vs_Healthy
GOBP_NEGATIVE_REGULATION_OF_DEFENSE_RESPONSE,0.12548910005589714,0.3104615791723244,0.04594504698030579,0.37051999083841913,1.304427071099196,36,SERPING1;A2M;APOE;SOD1;HLA-B;GNAS;TTLL12;GPX1;YWHAZ;CRK;SAMHD1,GO:BP,Cancer_vs_Healthy
GOBP_NEGATIVE_REGULATION_OF_TRANSFERASE_ACTIVITY,0.12558602074158262,0.3104615791723244,0.04634323610919203,0.3850487108259641,1.3101905810612942,31,AGT;APOE;THY1;PPIA;CORO1C;RPL23,GO:BP,Cancer_vs_Healthy
GOBP_NEGATIVE_REGULATION_OF_ENDOTHELIAL_CELL_PROLIFERATION,0.12671905697445973,0.312547675631127,0.04982688648195823,0.5342090417159939,1.3559202490146582,10,APOE;SPARC;CAV1;CAV2,GO:BP,Cancer_vs_Healthy
GOBP_NUCLEAR_EXPORT,0.12679162072767364,0.312547675631127,0.04533719316522172,0.3579825357147387,1.2937133836166401,41,DDX19B;HNRNPA2B1;NUTF2;HNRNPA1;TXN;PABPN1;PTPN11;RAN;ALYREF;CALR;EIF6;AGFG1;DDX39B;YWHAE;EMD,GO:BP,Cancer_vs_Healthy
GOBP_LIPID_HOMEOSTASIS,0.12800783435926133,0.3150962076535664,0.04547347771557116,0.37088545967432923,1.2989340735986337,35,APOC2;APOE;AKR1C1;EHD1;APOM;CAV1;NPC2;FABP4,GO:BP,Cancer_vs_Healthy
GOBP_EPITHELIAL_CELL_APOPTOTIC_PROCESS,0.12879861439143442,0.3165917577075372,0.04835173516094115,0.47085647671131714,1.3396903147136732,15,YAP1;GSN;ANXA2;CAST,GO:BP,Cancer_vs_Healthy
GOBP_INTERLEUKIN_2_PRODUCTION,0.12932013629725783,0.31742215272963287,0.049040971597469125,0.5171048401893594,1.3511338755035023,11,PNP;SPTBN1;ANXA1;CD34,GO:BP,Cancer_vs_Healthy
GOBP_RESPONSE_TO_ISCHEMIA,0.12975256487628245,0.31803181859037744,0.06810212342120854,-0.36663389649779216,-1.3010767907347691,21,NOL3;AIFM1;STUB1;SIRT5;STAT3;MAP2K3;PPIF;CAV3;RELA;ABRAXAS2;SQSTM1;MLYCD;EEF2;HK2;CAMK2A,GO:BP,Cancer_vs_Healthy
GOBP_RESPONSE_TO_METAL_ION,0.1299489919844547,0.3180621220242744,0.04168917630333154,0.29512062358454516,1.2457457860409002,98,SNCA;CAT;SERPINF1;TF;ADD1;SOD1;ALAD;S100A8;B2M;GCLC;CAV1;AKR1C3;FABP4;NDRG1;CLIC4;CYBRD1;IQGAP1;ACO1;HSP90B1;CALM1;CRIP1;G6PD;AQP1;CALR;GSS;THBS1,GO:BP,Cancer_vs_Healthy
GOBP_PROTEIN_TARGETING_TO_MITOCHONDRION,0.1305745279228606,0.31877906610913126,0.07877784267877504,-0.27376758753857344,-1.2357460110068477,52,MFN2;FIS1;AIFM1;PMPCB;MTX1;TIMM50;SAMM50;UBL5;PRKAA1;TIMM44;TIMM8A;NPEPPS;PIN1;NDUFA13;TIMM13;BAG3;ROMO1;ARIH2,GO:BP,Cancer_vs_Healthy
GOBP_RIBOSOMAL_SMALL_SUBUNIT_BIOGENESIS,0.13061086736415795,0.31877906610913126,0.07195166788926238,-0.32374852646367314,-1.2811743150718915,31,RPS9;RPS15A;PRKDC;RPS4X;RPS8;SNU13;RPS11;RPS12;RPS3A;RPS13;TRMT112;RPS24,GO:BP,Cancer_vs_Healthy
GOBP_REGULATION_OF_ACTIN_FILAMENT_BASED_MOVEMENT,0.131741346927824,0.3210846932176021,0.063523490737973,-0.43751501826514216,-1.3324966100914346,13,PLN;CAMK2D;ATP1A2;ATP2A2;BIN1;MYLK2;ANK2,GO:BP,Cancer_vs_Healthy
GOBP_POSITIVE_REGULATION_OF_PROTEIN_LOCALIZATION_TO_PLASMA_MEMBRANE,0.1322443851107272,0.3218567570018825,0.04759492242852305,0.4612214363182234,1.332052897871283,16,SPTBN1;ATP2B4;LGALS3;RHOG;ITGB1;SORBS1,GO:BP,Cancer_vs_Healthy
GOBP_FRUCTOSE_6_PHOSPHATE_METABOLIC_PROCESS,0.1325115562403698,0.32205340250824055,0.06188251316233214,-0.4867028251701217,-1.3487017372058518,10,PFKL;HK1;FBP1;PFKM;MPI,GO:BP,Cancer_vs_Healthy
GOBP_INTRINSIC_APOPTOTIC_SIGNALING_PATHWAY_BY_P53_CLASS_MEDIATOR,0.13293051359516617,0.32261787569163924,0.04778115692689526,0.47644529218889503,1.3310699028027533,14,HNRNPK;HINT1;EIF5A;CD44;RPS7;USP15;MIF,GO:BP,Cancer_vs_Healthy
GOBP_ACTIN_FILAMENT_SEVERING,0.13408644400785855,0.3242918674950548,0.04831955820606266,0.5292400976815383,1.3433081602883112,10,GSN;DSTN;MYH9;CFL1;CAPG;GMFB;SVIL;GMFG,GO:BP,Cancer_vs_Healthy
GOBP_REGULATION_OF_SMOOTH_MUSCLE_CONTRACTION,0.13386337822489047,0.3242918674950548,0.04812769089966659,0.5146875294889127,1.344817728136182,11,SOD1;CTTN;CAV1;RHOA;CNN1,GO:BP,Cancer_vs_Healthy
GOBP_SECONDARY_METABOLIC_PROCESS,0.13418326693227092,0.3242918674950548,0.04759492242852305,0.4875821065295078,1.3372887877187138,13,AKR1C1;AKR1C3;AKR1C2;DDT,GO:BP,Cancer_vs_Healthy
GOBP_LYTIC_VACUOLE_ORGANIZATION,0.1347188995215311,0.3251316457726337,0.04586089172375123,0.4245983947653006,1.3173785778929308,21,ATP6V1H;LAMP1;AP3B1;RAB7A;TPP1;RAB14;PPT1;VPS35;LAMTOR1;CHMP1B;LAMP2;CHMP3,GO:BP,Cancer_vs_Healthy
GOBP_POSITIVE_REGULATION_OF_INTRACELLULAR_TRANSPORT,0.13571929824561405,0.3270891874036556,0.044106518073491675,0.3717550997865916,1.2948655087272087,34,FLNA;CD81;MSN;EHD2;ANXA2;EHD1;EIPR1;RAN;VAMP2;BCAP31;YWHAE;EZR;EMD;HSP90AA1,GO:BP,Cancer_vs_Healthy
GOBP_BIOMINERAL_TISSUE_DEVELOPMENT,0.13694629239006978,0.32736236140345915,0.04753327280114588,0.5127089569899983,1.3396479518729314,11,CLEC3B;COL6A1;ASPN;COMP;LTF;ACTN3;COL1A2;ECM1,GO:BP,Cancer_vs_Healthy
GOBP_FATTY_ACID_DERIVATIVE_METABOLIC_PROCESS,0.1369693213511001,0.32736236140345915,0.06712811646912949,-0.35457738986081616,-1.2888911772275204,23,ACSL3;ACACA;HSD17B4;ACAT1;GCDH;LYPLA2;FITM2;ABHD16A;CBR4;OXCT1,GO:BP,Cancer_vs_Healthy
GOBP_LIPID_DROPLET_ORGANIZATION,0.13662044170518747,0.32736236140345915,0.06089253270699512,-0.48342799359141314,-1.3396268545241723,10,PPID;FITM2;PRKAA1;PLIN3;PLIN5;RAB18;PRKAA2;FITM1,GO:BP,Cancer_vs_Healthy
GOBP_NATURAL_KILLER_CELL_MEDIATED_IMMUNITY,0.13658769279694705,0.32736236140345915,0.04707757823329109,0.473584244524745,1.323076845680207,14,HLA-B;TUBB;LAMP1;TUBB4B;CRK;VAMP2;HLA-A;PRDX1,GO:BP,Cancer_vs_Healthy
GOBP_ODONTOGENESIS,0.13678403374979717,0.32736236140345915,0.04756407101582593,0.5128079678730704,1.339906655616863,11,CD34;CTNNA1;RHOA;ASPN;AQP1;LAMB1;COL1A2,GO:BP,Cancer_vs_Healthy
GOBP_POTASSIUM_ION_TRANSPORT,0.13656668793873644,0.32736236140345915,0.06826837231941177,-0.33397597946030533,-1.277524965170116,27,ANK3;ATP1A2;ATP1A1;ATP1B1;FHL1;CASQ2;CHP1;BIN1,GO:BP,Cancer_vs_Healthy
GOBP_REGULATION_OF_PROTEIN_CATABOLIC_PROCESS,0.1375891669689276,0.32838961398108685,0.040269694795322115,0.29092920528385346,1.2345337751880465,101,SNCA;CLU;APOE;TF;ALAD;FLNA;CD81;MSN;GCLC;ANXA2;SUMO2;CAV1;PITHD1;CST3;PSME2;EEF1A1;SEC22B;GPX1;PSMF1;SNX1;PSME1;VCP;RAB7A;USP5,GO:BP,Cancer_vs_Healthy
GOBP_POSITIVE_REGULATION_OF_PROTEIN_CONTAINING_COMPLEX_ASSEMBLY,0.13789954337899543,0.3286764289088332,0.041975396611766476,0.32484651074997295,1.2637288577035517,59,SNCA;CLU;FSCN1;CTTN;CAND1;MSN;LCP1;RAP1B;LGALS3;RHOA;CD36;CAPG;VCP;MAPRE1;RHOC;FERMT2;ARPC2;MAP1B;PFN1;SNX9,GO:BP,Cancer_vs_Healthy
GOBP_MITOTIC_CELL_CYCLE_PHASE_TRANSITION,0.1393939393939394,0.33136202442975354,0.07637786940746528,-0.2701820552405552,-1.2266999191558623,53,ARPP19;DYNC1LI1;CLASP2;EIF4G1;CUL5;GSPT1;FHL1;VPS4A;HSPA2;PRKDC;CUL4A;DDB1;PPP2CA,GO:BP,Cancer_vs_Healthy
GOBP_REGULATION_OF_DEFENSE_RESPONSE_TO_VIRUS,0.13944530046224962,0.33136202442975354,0.06023700915410373,-0.4813291026676359,-1.3338106198760284,10,MAVS;C1QBP;PPM1B,GO:BP,Cancer_vs_Healthy
GOBP_RESPONSE_TO_ANGIOTENSIN,0.139601593625498,0.33136202442975354,0.0465749092505758,0.484247294969678,1.3281424182182875,13,AGT;CA2;CAV1,GO:BP,Cancer_vs_Healthy
GOBP_AUTOPHAGOSOME_MATURATION,0.14000570287995437,0.33141075969391937,0.063523490737973,-0.38570605496697274,-1.3063507454735663,18,FYCO1;VPS4A;UBQLN1;ATP2A2;TOM1,GO:BP,Cancer_vs_Healthy
GOBP_MITOPHAGY,0.13998637602179836,0.33141075969391937,0.06972945852281875,-0.31533892108719624,-1.2588374623203118,32,MFN2;BCL2L13;EIF2S1;STUB1;OPTN;NIPSNAP2;DNM1L;VDAC1,GO:BP,Cancer_vs_Healthy
GOBP_POSITIVE_REGULATION_OF_EXOCYTOSIS,0.1409988038277512,0.333304969923877,0.044723845459596276,0.4212895634416998,1.3071124451017735,21,SNCA;ANXA2;S100A10;STAM;SDCBP;LAMP1;RAB7A,GO:BP,Cancer_vs_Healthy
GOBP_GLUTATHIONE_METABOLIC_PROCESS,0.14270971546513342,0.3368885086390035,0.04408127817292084,0.4058538660982539,1.3009338825623789,24,SOD1;GCLC;GGT5;IDH1;GCLM;GPX1;G6PD;GSS;SOD2;GSTO1,GO:BP,Cancer_vs_Healthy
GOBP_SULFUR_COMPOUND_METABOLIC_PROCESS,0.14327830188679244,0.33776931195140153,0.09151407659930252,-0.22460881710442235,-1.172588220552075,103,ACOT9;ACSL3;MPC2;PTER;ACACA;OPLAH;DLAT;PDHX;AHCYL1;DLD;PDHB;OXSM;MMUT;DLST;PDHA1;SUCLA2;PANK4;MCCC2;HSD17B4;MCCC1;OGDH;ACAT1;STAT5B;SUCLG1,GO:BP,Cancer_vs_Healthy
GOBP_APPENDAGE_DEVELOPMENT,0.14359889664124614,0.3380638874605904,0.0463144910700218,0.506299339400547,1.3229003781102116,11,COL6A1;COMP;MUSTN1;FERMT2;ITGA6;ASPH;MYH3,GO:BP,Cancer_vs_Healthy
GOBP_ALTERNATIVE_MRNA_SPLICING_VIA_SPLICEOSOME,0.14457647775746496,0.3381966626603261,0.04456739651093154,0.4322039219862186,1.3063959647470031,19,PTBP1;HNRNPA1;HNRNPL;SFPQ;HNRNPM;SRSF6;RBMX;TRA2B;SRSF2;RBM8A;HNRNPUL1,GO:BP,Cancer_vs_Healthy
GOBP_MULTI_MULTICELLULAR_ORGANISM_PROCESS,0.1446338736724427,0.3381966626603261,0.04247151791606906,0.36182158432051714,1.2738040623063314,36,FBLN1;SLC2A1;SOD1;PITHD1;GNAS;ARHGDIB;CALR;CTSB;KRAS;LAMB1;AGO2;DAZAP1;EPN1;PTGIS,GO:BP,Cancer_vs_Healthy
GOBP_NEGATIVE_REGULATION_OF_CALCIUM_ION_TRANSMEMBRANE_TRANSPORT,0.144083713442447,0.3381966626603261,0.06059211584548777,-0.4284082651326291,-1.3047610646326055,13,PLN;ATP1A2;UBQLN1;BIN1;VDAC1,GO:BP,Cancer_vs_Healthy
GOBP_POSITIVE_REGULATION_OF_CYTOPLASMIC_TRANSLATION,0.14441779909405808,0.3381966626603261,0.06029579127584204,-0.44427769105089254,-1.315687663264311,12,YBX3;CSDE1;PKM;CNBP;YBX1;PABPC1,GO:BP,Cancer_vs_Healthy
GOBP_RESPONSE_TO_STEROID_HORMONE,0.14423447743925955,0.3381966626603261,0.04059252386832715,0.3140374312478108,1.2464213907517636,67,SERPINF1;DEFA3;YAP1;ANXA1;ALAD;CAV1;AKR1C3;IDH1;RHOA;UFM1;HMGB1;RAN;AQP1;CALR;THBS1;YWHAH;KRAS;PTGDS;UBA5,GO:BP,Cancer_vs_Healthy
GOBP_CELLULAR_RESPONSE_TO_TYPE_II_INTERFERON,0.14528163862472568,0.33879442853377323,0.04346228872332276,0.4002690277359108,1.2962384743024722,25,VIM;GSN;ACTR2;MYO1C;ACTR3;ZYX;CD58;CALM1,GO:BP,Cancer_vs_Healthy
GOBP_EMBRYO_IMPLANTATION,0.1451739883482916,0.33879442853377323,0.04528297972266229,0.46069103920810167,1.3107674075403384,15,FBLN1;SOD1;ARHGDIB;CALR;LAMB1;AGO2;PTGIS,GO:BP,Cancer_vs_Healthy
GOBP_PROTEIN_TRANSMEMBRANE_IMPORT_INTO_INTRACELLULAR_ORGANELLE,0.14548542315312765,0.338812414027769,0.06200944379153928,-0.3889594186772689,-1.2892129579733362,17,AIFM1;TIMM50;SAMM50;TIMM44;USP9X;ROMO1;TOMM22;HSPA4;TOMM70;DNAJC19,GO:BP,Cancer_vs_Healthy
GOBP_POSITIVE_REGULATION_OF_CELL_GROWTH,0.14651031364792313,0.34074000266973237,0.04242578959526126,0.37188795360858307,1.2857984162519334,33,S100A9;FN1;YAP1;S100A8;MTPN;SDCBP;CFL1;CRK;CDC42;MAP1B;NRP1;ADAM10,GO:BP,Cancer_vs_Healthy
GOBP_PROTEIN_LOCALIZATION_TO_LYSOSOME,0.14692319923676261,0.34078293729010173,0.045228936536280774,0.4683816996106318,1.3085422263510056,14,CLU;CD81;AP3B1;RAB7A;HSPA8;RRAGC;HGS;LAMTOR1,GO:BP,Cancer_vs_Healthy
GOBP_REGULATION_OF_CELL_SIZE,0.14690065100481178,0.34078293729010173,0.042402973126408366,0.372276721754039,1.2779632239460024,32,APOE;FN1;CTTN;MSN;COL6A1;MTPN;RHOA;CFL1;AQP1;MAP1B;NRP1;EZR,GO:BP,Cancer_vs_Healthy
GOBP_RELAXATION_OF_MUSCLE,0.1475895502289254,0.3418696284123098,0.05994547215146834,-0.41621498968227194,-1.297496386200267,14,PLN;CAMK2D;ATP1A2;ATP1A1;ATP1B1;ATP2A2,GO:BP,Cancer_vs_Healthy
GOBP_REACTIVE_OXYGEN_SPECIES_BIOSYNTHETIC_PROCESS,0.14800261951538965,0.3420275808878985,0.04577714215827913,0.5211703635185498,1.3228256991142853,10,SNCA;SOD1;RHOA;CD36,GO:BP,Cancer_vs_Healthy
GOBP_TORC1_SIGNALING,0.14805360561582642,0.3420275808878985,0.06544019964710829,-0.3298248754843078,-1.2616461616378274,27,LARS1;UBE3A;PRMT1;CUL3;RPS6KA3;PRKAA1;MAT2A;UBE2D1;PRKAA2;LAMTOR2;SESN1;SAR1B;USP7;PRKACA;OTUB1;DEPTOR,GO:BP,Cancer_vs_Healthy
GOBP_MYOBLAST_DIFFERENTIATION,0.14857582755966128,0.342775741018818,0.04415711138248282,0.43754141688048387,1.3044273385724856,18,LGALS1;FLOT2;ACTB;ITGB1;GPX1;MUSTN1,GO:BP,Cancer_vs_Healthy
GOBP_VACUOLAR_LOCALIZATION,0.14911569041051437,0.3435625507058251,0.04536436402066782,0.5034255931808255,1.315391618637676,11,MYH9;SNAP23;VAMP2;S100A13;PTGDS,GO:BP,Cancer_vs_Healthy
GOBP_GLYCOLYTIC_PROCESS_THROUGH_FRUCTOSE_6_PHOSPHATE,0.15169660678642716,0.34904359058181905,0.06089253270699512,-0.37933180370085534,-1.2847617458037497,18,BCL2L13;PFKL;HK1;PPP2CA;PFKM;ENO3;PKM,GO:BP,Cancer_vs_Healthy
GOBP_RHYTHMIC_PROCESS,0.1522248243559719,0.3494078695043011,0.07166285651917921,-0.2740355144491576,-1.2159105518822546,48,PLN;UBE3A;IMPDH2;PRKDC;PRMT5;CUL4A;DDB1;MAPK9;STAT5B;DNM1L;FXR1;PSPC1;CSNK2A1,GO:BP,Cancer_vs_Healthy
GOBP_SYNAPTIC_VESICLE_EXOCYTOSIS,0.15225933202357564,0.3494078695043011,0.045067819390326856,0.5184967233954072,1.3160395115014698,10,SNCA;RAP1B;SNAP23;VAMP2;NAPA,GO:BP,Cancer_vs_Healthy
GOBP_MRNA_CATABOLIC_PROCESS,0.15347912524850896,0.3517399581292089,0.07204867664570204,-0.2701434606216193,-1.215476902984163,51,HBS1L;GSPT1;CIRBP;PABPC4;SUPV3L1;YBX3;CSDE1;MAPK14;ETF1;MAPKAPK2;EIF3E;FXR1;PNPT1;DCPS;RIDA,GO:BP,Cancer_vs_Healthy
GOBP_REGULATION_OF_AMYLOID_PRECURSOR_PROTEIN_CATABOLIC_PROCESS,0.15455557322308794,0.3532698816527724,0.04398069466811599,0.4647920275835271,1.2985135735874105,14,CLU;APOE;FLOT2;PICALM;FKBP1A,GO:BP,Cancer_vs_Healthy
GOBP_REGULATION_OF_LEUKOCYTE_PROLIFERATION,0.15454545454545454,0.3532698816527724,0.04166736699834084,0.38422262458341366,1.277546333385124,28,PNP;ANXA1;CD81;LGALS3;PTPN11;CNN2;HMGB1;GPNMB,GO:BP,Cancer_vs_Healthy
GOBP_MEMORY,0.1549047847655625,0.3536003541279947,0.04408127817292084,0.48955163925822215,1.3161758655520865,12,APOE;SERPINF1,GO:BP,Cancer_vs_Healthy
GOBP_CARDIAC_CONDUCTION,0.15585241730279897,0.35500394743846203,0.0635916868333331,-0.33156986553020756,-1.2545878743869716,26,PLN;CAMK2D;ATP1A2;ATP1A1;ATP1B1;ATP2A2;CASQ2;CACNA2D1;BIN1;TMEM65;ATP2A3,GO:BP,Cancer_vs_Healthy
GOBP_VASCULAR_TRANSPORT,0.15593055330196334,0.35500394743846203,0.044258754773394186,0.49962407003805465,1.3054586876389498,11,APOE;SLC2A1;ATP2B4;CD36;FABP5,GO:BP,Cancer_vs_Healthy
GOBP_DEFENSE_RESPONSE_TO_GRAM_NEGATIVE_BACTERIUM,0.15709969788519637,0.3567257266039676,0.04358427184298147,0.4636250349381251,1.2952532857588746,14,IGHM;DEFA3;B2M;LYZ;AQP1;CTSG;LTF,GO:BP,Cancer_vs_Healthy
GOBP_PROTEIN_POLYUBIQUITINATION,0.15707389528406981,0.3567257266039676,0.06868906989776993,-0.28411511145783824,-1.2287855634628297,43,MARCHF5;UBE3A;CUL5;STUB1;UBE2K;PLAA;UBE3C;RNF7;CUL1;CUL3;NPEPPS;UBE2D1;CUL4B;RNF114;RNF123,GO:BP,Cancer_vs_Healthy
GOBP_NEURAL_TUBE_DEVELOPMENT,0.1574555188159345,0.3568122705979808,0.04329299620941385,0.4542111873341198,1.292330802702735,15,MARCKS;PHGDH;CFL1;RPS7;PFN1;VASP;TMED2;CASP3;RALA,GO:BP,Cancer_vs_Healthy
GOBP_OLEFINIC_COMPOUND_METABOLIC_PROCESS,0.15755078846427048,0.3568122705979808,0.04085973480886259,0.3718001982943937,1.2651103721321397,31,RBP4;AKR1C1;AKR1C3;MGLL;AKR1C2;ADH1C;RETSAT;ADH1B;GPX1,GO:BP,Cancer_vs_Healthy
GOBP_POSITIVE_REGULATION_OF_NON_CANONICAL_NF_KAPPAB_SIGNAL_TRANSDUCTION,0.15803991562550707,0.35745153691214165,0.0439306272279452,0.49804675828945866,1.3013373583259669,11,ACTN4;RHOA;HMGB1;VCP;CALR,GO:BP,Cancer_vs_Healthy
GOBP_IMPORT_INTO_THE_MITOCHONDRION,0.15967691829760794,0.36068198015459674,0.06200944379153928,-0.3413970447074809,-1.2600162402812087,24,TIMM50;SAMM50;MCU;AFG3L2;VDAC1;PNPT1;TIMM44;MICU1;TST;HSPA9;ROMO1;SFXN1;TOMM22;HSPA4;TOMM70;DNAJC19;MICU2,GO:BP,Cancer_vs_Healthy
GOBP_GOLGI_TO_PLASMA_MEMBRANE_PROTEIN_TRANSPORT,0.16013855582200906,0.361252512350433,0.05707830258351906,-0.4367825041343891,-1.2934913541573252,12,ANK3;ACSL3;OPTN,GO:BP,Cancer_vs_Healthy
GOBP_RESPONSE_TO_ESTROGEN,0.1606090373280943,0.3618414817509087,0.04375655586430381,0.513944721936332,1.304485699285791,10,ARPC1B;CAV1;CTNNA1;WBP2;HSP90AA1;MME;TRIM25,GO:BP,Cancer_vs_Healthy
GOBP_LIPOPOLYSACCHARIDE_MEDIATED_SIGNALING_PATHWAY,0.16142763588736084,0.36321218074656186,0.043633315309676624,0.5133989563922181,1.3031004465201292,10,PRDX2;CD36;PTPN11;LTF;MAPK3;MIF,GO:BP,Cancer_vs_Healthy
GOBP_PROTEIN_LOCALIZATION_TO_EXTRACELLULAR_REGION,0.16231772831926325,0.36379381911243436,0.0378508203711828,0.3080649302389342,1.2262982080906044,68,APOE;RBP4;SRI;FBN1;CAVIN1;PPIA;ARFIP1;SNCG;GNAS;PSMD9;EIPR1;COMP;PTPN11;RAB11B;AP1B1;MYH10;RCN3;PDIA4;GNAI1;GLUD1;TANGO2,GO:BP,Cancer_vs_Healthy
GOBP_REGULATION_OF_CIRCADIAN_RHYTHM,0.16229870539943164,0.36379381911243436,0.06200944379153928,-0.33353835891470707,-1.244671247681292,25,UBE3A;PRKDC;DDB1;MAPK9;FXR1;PSPC1;PRKAA1;USP9X;PPP1CB;PARP1;PRKAA2;CCAR2;PRKG1;GSK3B;USP7,GO:BP,Cancer_vs_Healthy
GOBP_REGULATION_OF_INFLAMMATORY_RESPONSE_TO_ANTIGENIC_STIMULUS,0.16208251473477406,0.36379381911243436,0.04353537171793126,0.5128843553113842,1.3017942948619203,10,C3;CD81;GNAS;GPX1,GO:BP,Cancer_vs_Healthy
GOBP_GLYCEROLIPID_BIOSYNTHETIC_PROCESS,0.16348600508905853,0.36593758652058694,0.06200944379153928,-0.32932147852538,-1.2460804695639331,26,ACSL3;LPCAT3;PIP4K2B;MTM1;IMPA2;PCYT2;PLIN5;IMPA1;BPNT1;SLC27A1;FABP3,GO:BP,Cancer_vs_Healthy
GOBP_CYTOCHROME_COMPLEX_ASSEMBLY,0.16463059918557302,0.36707312953892923,0.058927534325868336,-0.36355723685741387,-1.2530153972979274,19,SLC25A46;COA3;SMIM20;COA6;FXN;SURF1;HCCS;TACO1;SCO1;UQCC1;COX17;UQCC3;UQCC2;UQCRFS1,GO:BP,Cancer_vs_Healthy
GOBP_REGULATION_OF_ALTERNATIVE_MRNA_SPLICING_VIA_SPLICEOSOME,0.16430278884462152,0.36707312953892923,0.042563358237014653,0.4708658883585232,1.291441307194396,13,PTBP1;HNRNPA1;HNRNPL;SRSF6;RBMX;TRA2B;SRSF2;RBM8A;KHDRBS1;DDX17,GO:BP,Cancer_vs_Healthy
GOBP_REGULATION_OF_BMP_SIGNALING_PATHWAY,0.16453026123641085,0.36707312953892923,0.042959493925228937,0.4952942341500156,1.2941453378324423,11,FBN1;ILK;CAV1;UBE2O,GO:BP,Cancer_vs_Healthy
GOBP_TELOMERE_MAINTENANCE_VIA_TELOMERE_LENGTHENING,0.166012084592145,0.36967639455570434,0.041068366529457286,0.4160570888395485,1.2724611711015592,20,HNRNPA2B1;HNRNPA1;TNKS1BP1;HNRNPC;CCT2;HSP90AA1,GO:BP,Cancer_vs_Healthy
GOBP_NEGATIVE_REGULATION_OF_PROTEOLYSIS,0.16727069974909395,0.37199970291690393,0.03907775015974692,0.3516352233825252,1.2430771182447946,37,SERPINF2;ALAD;CST3;CTSZ;RPL23;PSMF1;USP5;THBS1;RPS7;CSTA;GAPDH;CSTB;USP14,GO:BP,Cancer_vs_Healthy
GOBP_PURINE_NUCLEOSIDE_MONOPHOSPHATE_METABOLIC_PROCESS,0.16795903438185808,0.3725715165749047,0.04007121873555771,0.39042708294527523,1.264366141907072,25,PNP;HPRT1;GUK1;MPP1;ADK;GMPR2;ATIC,GO:BP,Cancer_vs_Healthy
GOBP_REGULATION_OF_KETONE_METABOLIC_PROCESS,0.16788425726973213,0.3725715165749047,0.039604841438848785,0.3767042375447948,1.2636965941541332,29,SNCA;APOC2;CAV1;AKR1C3;ACADL;APOC1;FABP5;PGK1;EIF6,GO:BP,Cancer_vs_Healthy
GOBP_NEGATIVE_REGULATION_OF_SMOOTH_MUSCLE_CELL_PROLIFERATION,0.16844621513944222,0.3731731535396874,0.041975396611766476,0.4689904906342641,1.2862976640713621,13,APOE;OGN;APOD;CNN1;SOD2,GO:BP,Cancer_vs_Healthy
GOBP_REGULATION_OF_TRANSMEMBRANE_RECEPTOR_PROTEIN_SERINE_THREONINE_KINASE_SIGNALING_PATHWAY,0.16885842193620593,0.37360736633260416,0.038948724086186784,0.3570739390469696,1.250562657887592,35,LRG1;FBN1;ILK;CAV1;CAV2;ASPN;SDCBP;UBE2O;NCLN;FKBP1A;THBS1,GO:BP,Cancer_vs_Healthy
GOBP_REGULATION_OF_FATTY_ACID_BIOSYNTHETIC_PROCESS,0.16912246234446626,0.37371306257191517,0.04251737392465438,0.5089673819947316,1.2918523002115885,10,APOC2;ACADL;APOC1;FABP5;EIF6,GO:BP,Cancer_vs_Healthy
GOBP_GOLGI_TO_PLASMA_MEMBRANE_TRANSPORT,0.16954259107093947,0.3741629596048319,0.05618773089870316,-0.3973694333971574,-1.264714247935995,15,ANK3;ACSL3;OPTN,GO:BP,Cancer_vs_Healthy
GOBP_MONOSACCHARIDE_CATABOLIC_PROCESS,0.16981716764797025,0.37429090012205685,0.05994547215146834,-0.34078077358557657,-1.2387403850415604,23,BCL2L13;PFKL;HK1;PFKM;PFKFB2;ENO3;PKM;GALM;MPI,GO:BP,Cancer_vs_Healthy
GOBP_NAD_METABOLIC_PROCESS,0.17063818132018624,0.37527079232999694,0.055994976716532335,-0.39696547808074617,-1.2634285726895949,15,SLC25A11;GPD1L;SLC25A13;NADK2;MDH2;GPD2;GOT2;GOT1,GO:BP,Cancer_vs_Healthy
GOBP_NEGATIVE_REGULATION_OF_MICROTUBULE_POLYMERIZATION_OR_DEPOLYMERIZATION,0.17069608956676943,0.37527079232999694,0.04208683614518371,0.49231170912793487,1.2863523521965035,11,SNCA;TUBB4A;MAPRE1;MAP1B;STMN1,GO:BP,Cancer_vs_Healthy
GOBP_VASOCONSTRICTION,0.17106737077932468,0.3756091698941208,0.0417110149952,0.47917230739568106,1.2882706866035862,12,AGT;CAV1;RHOA;COMP;ITGB1;MANF,GO:BP,Cancer_vs_Healthy
GOBP_DEVELOPMENTAL_GROWTH_INVOLVED_IN_MORPHOGENESIS,0.1732127719694829,0.37983714462343454,0.03860384586529741,0.36124944310843043,1.2490158858697498,33,APOE;FN1;CTTN;YAP1;CYFIP1;IQGAP1;ITGB1;CFL1;LAMB2;VCL;MAP1B;NRP1,GO:BP,Cancer_vs_Healthy
GOBP_MICROTUBULE_POLYMERIZATION_OR_DEPOLYMERIZATION,0.17476060191518467,0.3827456528636744,0.06220121123214926,-0.3013173148993209,-1.2111215953815313,33,MAPT;CLASP2;RPS3;MAP1S;MAPRE3;CLIP1;PPP2CA;DCTN1;PRUNE1;PIN1;TRIM54;CAV3;MAPRE2;ARL2;CLASP1,GO:BP,Cancer_vs_Healthy
GOBP_PROTEIN_EXIT_FROM_ENDOPLASMIC_RETICULUM,0.17714472822527833,0.3874760637636468,0.04142938482522157,0.5042070949609678,1.2797698211141386,10,CD81;HSP90B1;VCP;BCAP31;SURF4;TMED9,GO:BP,Cancer_vs_Healthy
GOBP_RUFFLE_ASSEMBLY,0.1814690350456073,0.3964329868000119,0.04034978806939103,0.47396796614900216,1.2742786420557322,12,CAV1;CORO1C;RHOG;CSPG4;PFN1,GO:BP,Cancer_vs_Healthy
GOBP_AXON_EXTENSION,0.1827153110047847,0.3986515876468029,0.038675813463800036,0.4042762481133714,1.2543261476762586,21,APOE;FN1;CTTN;CYFIP1;ITGB1;LAMB2;VCL;MAP1B;NRP1,GO:BP,Cancer_vs_Healthy
GOBP_NEGATIVE_REGULATION_OF_MAPK_CASCADE,0.18427128427128428,0.40104368974203075,0.037714737389993834,0.3742645567843859,1.2444355996847287,28,FBLN1;AGT;APOE;CAV1;PPIA,GO:BP,Cancer_vs_Healthy
GOBP_REGULATION_OF_LIPID_BIOSYNTHETIC_PROCESS,0.1842758620689655,0.40104368974203075,0.0367473484524694,0.34073081981464176,1.2262602845392447,40,APOC2;C3;APOE;AKR1C3;ACADL;IDH1;SORBS1;APOC1;FABP5;ASAH1;EIF6;GNAI1,GO:BP,Cancer_vs_Healthy
GOBP_RESPONSE_TO_CORTICOSTEROID,0.18454325898565138,0.40112044217258563,0.037346699913755436,0.36300277663825214,1.2351757205739606,31,SERPINF1;ANXA1;ALAD;AKR1C3;HMGB1;RAN;AQP1;KRAS;PTGDS;UBE2L3;S100B;HMGCS2;GSK3A;CASP3,GO:BP,Cancer_vs_Healthy
GOBP_ANTIVIRAL_INNATE_IMMUNE_RESPONSE,0.18545163868904876,0.4020833521388661,0.05276831946555348,-0.42383039666592703,-1.2551348749714797,12,MAVS;AKAP1;NCK1;PHB2;RELA;ATAD3A;DHX15;PRKRA,GO:BP,Cancer_vs_Healthy
GOBP_CYTOKINETIC_PROCESS,0.18521939953810623,0.4020833521388661,0.039022321613660926,0.4219974242066311,1.2580865621063289,18,MYH9;ARF1;RHOA;IQGAP1,GO:BP,Cancer_vs_Healthy
GOBP_RESPONSE_TO_VITAMIN,0.1862729190329385,0.4033578998607991,0.04007121873555771,0.48471694310048224,1.2665081255355102,11,CAT;ALAD;GPX1;MAP1B;SOD2,GO:BP,Cancer_vs_Healthy
GOBP_POSITIVE_REGULATION_OF_LIPID_TRANSPORT,0.18709163346613547,0.40361341152244956,0.03956659552166639,0.4595702020735084,1.2604606899480897,13,APOE;ANXA2;CAV1;DBI;ABCA8;MIF;SCP2;CES1;ACSL1,GO:BP,Cancer_vs_Healthy
GOBP_POSITIVE_REGULATION_OF_TRANSMEMBRANE_RECEPTOR_PROTEIN_SERINE_THREONINE_KINASE_SIGNALING_PATHWAY,0.1869931626649706,0.40361341152244956,0.03952844293162763,0.4499091441997203,1.256934491027698,14,LRG1;ILK;SDCBP;UBE2O;THBS1,GO:BP,Cancer_vs_Healthy
GOBP_RESPONSE_TO_EPIDERMAL_GROWTH_FACTOR,0.18693227091633466,0.40361341152244956,0.039585706789632025,0.45967282066629067,1.2607421414035502,13,IQGAP1;CFL1;EEF1A1;PTPN11,GO:BP,Cancer_vs_Healthy
GOBP_PHOSPHOLIPID_BIOSYNTHETIC_PROCESS,0.18780658724597057,0.40401048194143785,0.0606518687881186,-0.2919086826497457,-1.195893326796077,35,ACSL3;LPCAT3;PIP4K2B;MTM1;CHP1;IMPA2;PCYT2,GO:BP,Cancer_vs_Healthy
GOBP_POSITIVE_REGULATION_OF_PROTEIN_UBIQUITINATION,0.18797709923664122,0.40401048194143785,0.057590186832974725,-0.3210827585814147,-1.214906954667938,26,RPS2;AIMP2;UBE3A;STUB1;UBQLN1;MAPK9;CUL3;HSPBP1;UBE2D1,GO:BP,Cancer_vs_Healthy
GOBP_RIBOSOME_BIOGENESIS,0.18782161234991424,0.40401048194143785,0.06744839694813294,-0.24724208854649274,-1.1625734576603208,61,RPS9;RPS15A;PRKDC;RPS4X;CUL4A;RPS8;C1QBP;ABCF1;SNU13;EIF2A;RPL27;SBDS;RPS11;RPS12;CUL4B;EIF5;RPS3A;RPS13;RPL7A;TRMT112;RPS24,GO:BP,Cancer_vs_Healthy
GOBP_RNA_TEMPLATED_DNA_BIOSYNTHETIC_PROCESS,0.18968437259430332,0.4071734109850386,0.03849652205719156,0.4202875419113452,1.2529889481990237,18,HNRNPA1;TNKS1BP1;HNRNPC;CCT2;HSP90AA1;CCT7;CCT3;CCT4;CCT6A;HNRNPD,GO:BP,Cancer_vs_Healthy
GOBP_ARTERY_DEVELOPMENT,0.19097841960084375,0.4074206284818,0.03950940151099092,0.48329284464328726,1.2627871244579263,11,APOE;COMP;MYH10;AP2B1;NRP1,GO:BP,Cancer_vs_Healthy
GOBP_POSITIVE_REGULATION_OF_MONOATOMIC_ION_TRANSMEMBRANE_TRANSPORT,0.19042871385842472,0.4074206284818,0.03673147856136106,0.36478357065170186,1.2328082022640077,30,SNCA;THY1;SRI;FLNA;ACTN4;CAV1,GO:BP,Cancer_vs_Healthy
GOBP_PROTEIN_LIPID_COMPLEX_ORGANIZATION,0.19097841960084375,0.4074206284818,0.03950940151099092,0.4831327739982199,1.2623688787672749,11,APOC2;AGT;APOE;APOM,GO:BP,Cancer_vs_Healthy
GOBP_REGULATION_OF_ANTIGEN_RECEPTOR_MEDIATED_SIGNALING_PATHWAY,0.19049164368002597,0.4074206284818,0.03956659552166639,0.4833626551233243,1.2629695309973985,11,THY1;CD81;LGALS3,GO:BP,Cancer_vs_Healthy
GOBP_RNA_METHYLATION,0.19067465485803595,0.4074206284818,0.05135383971416818,-0.4348025674399764,-1.250573125071564,11,SNRPB;HSD17B10;TRMT112;SNRPD1;SNRPD2;SNRPD3;AKT1;FBL;TRMT10C,GO:BP,Cancer_vs_Healthy
GOBP_REGULATION_OF_ORGAN_GROWTH,0.19128637303227858,0.4075744175089734,0.039022321613660926,0.4475723246472607,1.2504059971469634,14,RBP4;SOD1;YAP1,GO:BP,Cancer_vs_Healthy
GOBP_CELLULAR_PROCESS_INVOLVED_IN_REPRODUCTION_IN_MULTICELLULAR_ORGANISM,0.19256169621133123,0.4087796204584525,0.05960075543425571,-0.29324169501003045,-1.189343766726683,34,DIAPH2;PLN;DLD;HSPA2;FXR1;DYNLL1;VDAC3;TUBA8;PAFAH1B1;TRIM28;QKI;DDX6;CELF1;WDR77;SLIRP;RAB24;PRKG1;SIRT2,GO:BP,Cancer_vs_Healthy
GOBP_PLASMA_MEMBRANE_REPAIR,0.1921471633946514,0.4087796204584525,0.03830169029097856,0.42565610343746585,1.2507561177511672,17,ANXA2;S100A10;AHNAK;MYH9;MYH10,GO:BP,Cancer_vs_Healthy
GOBP_SCHWANN_CELL_DIFFERENTIATION,0.1924342105263158,0.4087796204584525,0.03754633509752206,0.40091017655010586,1.2438824186754656,21,SOD1;ILK;NDRG1;COL6A1;LAMB2,GO:BP,Cancer_vs_Healthy
GOBP_AUTOPHAGOSOME_ORGANIZATION,0.19304403318442884,0.40879811318035747,0.056877039202017136,-0.3142031372240301,-1.2018898861742207,27,MFN2;PIP4K2B;MTM1;STBD1;SCFD1;UBQLN1;ATP2A2;TOM1,GO:BP,Cancer_vs_Healthy
GOBP_NEGATIVE_REGULATION_OF_AMYLOID_FIBRIL_FORMATION,0.19351669941060903,0.40879811318035747,0.0394145411934656,0.49676239833575236,1.2608738195236837,10,CLU;APOE,GO:BP,Cancer_vs_Healthy
GOBP_POSITIVE_REGULATION_OF_BINDING,0.1931748933577087,0.40879811318035747,0.0378679168710869,0.41018185037748545,1.2398312159756215,19,ADD1;EPB41;NME1;TXN;HMGB1;RAN;FLOT1;STMN1,GO:BP,Cancer_vs_Healthy
GOBP_REGULATION_OF_AMYLOID_FIBRIL_FORMATION,0.19351669941060903,0.40879811318035747,0.0394145411934656,0.49676239833575236,1.2608738195236837,10,CLU;APOE,GO:BP,Cancer_vs_Healthy
GOBP_NEURON_PROJECTION_EXTENSION,0.1944403803950256,0.4092489980007548,0.03685891316344953,0.38055967313468275,1.2324113431294894,25,APOE;FN1;CTTN;CYFIP1;IQGAP1;ITGB1;LAMB2;VCL;MAP1B;NRP1,GO:BP,Cancer_vs_Healthy
GOBP_REGULATION_OF_PEPTIDYL_TYROSINE_PHOSPHORYLATION,0.19438585104656822,0.4092489980007548,0.03911481292120667,0.48107239065359575,1.2569853404263351,11,CSPG4;THBS4;DMTN;MVP;RAP2B,GO:BP,Cancer_vs_Healthy
GOBP_REGULATION_OF_RNA_SPLICING,0.19444064083253457,0.4092489980007548,0.0354703050905573,0.33316152427597345,1.2103785430536889,42,HNRNPH1;PTBP1;HNRNPA1;AHNAK;HNRNPK;HNRNPF;FUS;HNRNPL;HNRNPH3;PRDX6;DAZAP1;HNRNPH2;SNRNP70;RBM3;SRSF6;RBMX;TRA2B;SRSF2;NCL;RBM8A,GO:BP,Cancer_vs_Healthy
GOBP_ICOSANOID_METABOLIC_PROCESS,0.19595959595959597,0.41194426011944263,0.03640206391790816,0.36900308213504807,1.2269411128523922,28,AKR1C1;AKR1C3;MGLL;GGT5;AKR1C2;GPX1;FABP5;CBR1;PTGDS;EPHX1;MIF;PTGIS;LTA4H,GO:BP,Cancer_vs_Healthy
GOBP_NUCLEAR_TRANSCRIBED_MRNA_CATABOLIC_PROCESS,0.19749854566608493,0.41424540096445794,0.05347407280476818,-0.35120661743706955,-1.2104484649666432,19,HBS1L;GSPT1;CSDE1;ETF1;EIF3E;DCPS,GO:BP,Cancer_vs_Healthy
GOBP_REGULATION_OF_NERVOUS_SYSTEM_PROCESS,0.19777341191879502,0.41424540096445794,0.03893037926026274,0.49465213457357565,1.255517584150531,10,TYMP;MGLL;FABP5;S100B;NRDC;CTSC;LPIN1,GO:BP,Cancer_vs_Healthy
GOBP_REGULATION_OF_PROTEIN_LOCALIZATION_TO_CELL_PERIPHERY,0.19766811279826466,0.41424540096445794,0.034927266134352,0.3251595355241799,1.2028007150203825,46,SNCA;EPB41;SPTBN1;EPB41L2;ATP2B4;LGALS3;PICALM;RHOG;ACTB;ITGB1;SORBS1;CLTC;GNAI1;STX7,GO:BP,Cancer_vs_Healthy
GOBP_NEGATIVE_REGULATION_OF_RNA_CATABOLIC_PROCESS,0.19955794126934007,0.4159663721512903,0.055567847676256846,-0.32403201829947803,-1.2091962610172657,25,CIRBP;LRPPRC;YBX3;CSDE1;MAPK14;MAPKAPK2;FXR1,GO:BP,Cancer_vs_Healthy
GOBP_REGULATION_OF_MICROTUBULE_POLYMERIZATION_OR_DEPOLYMERIZATION,0.19954427083333334,0.4159663721512903,0.05648031685413919,-0.3095911642922791,-1.19217278010341,28,MAPT;CLASP2;RPS3;MAP1S;MAPRE3;CLIP1;PPP2CA;DCTN1;PRUNE1;TRIM54;CAV3;MAPRE2;ARL2;CLASP1,GO:BP,Cancer_vs_Healthy
GOBP_REGULATION_OF_SYNAPTIC_VESICLE_RECYCLING,0.1989290929742009,0.4159663721512903,0.03860384586529741,0.478520744254853,1.2503181897448887,11,SNCA;ACTB;ARPC3;SNX9;AP2M1,GO:BP,Cancer_vs_Healthy
GOBP_TISSUE_MIGRATION,0.19930893670488456,0.4159663721512903,0.0378508203711828,0.42820956581138303,1.2367113670790144,16,LRG1;GLIPR2;CORO1C;PTPN11;PFN1;CTSH;CD63;ACTC1,GO:BP,Cancer_vs_Healthy
GOBP_REGULATION_OF_MITOCHONDRION_ORGANIZATION,0.2025908600215905,0.42177952544254016,0.05909385801963659,-0.27749599765565713,-1.1729170964916134,39,MARCHF5;FAM162A;MAPT;FIS1;NOL3;SLC25A6;OPA1;ENDOG;MCU;DNM1L,GO:BP,Cancer_vs_Healthy
GOBP_CELLULAR_COMPONENT_MAINTENANCE,0.2043222003929273,0.4239946172558356,0.038213943370970165,0.4919967584590092,1.2487777539317744,10,APOE;CTTN;CFL1;FERMT2,GO:BP,Cancer_vs_Healthy
GOBP_HORMONE_METABOLIC_PROCESS,0.20448567077391666,0.4239946172558356,0.03466320112287498,0.33665078985427294,1.2048141731417337,39,RBP4;AKR1C1;AKR1C3;AKR1C2;ADH1C;RETSAT;SULT1A1;ADH1B;CTSZ;PTPN11;CTSB;ALDH1A1;CTSG;RDH11;P4HB;ADAM10;MME;CTSL;DHRS11;SCP2,GO:BP,Cancer_vs_Healthy
GOBP_NEGATIVE_REGULATION_OF_MITOTIC_CELL_CYCLE_PHASE_TRANSITION,0.20463629096722621,0.4239946172558356,0.05003753124631818,-0.4154580331341204,-1.2303408877129562,12,DYNC1LI1;FHL1;VPS4A;PRKDC,GO:BP,Cancer_vs_Healthy
GOBP_RESPONSE_TO_BMP,0.20406235238545112,0.4239946172558356,0.037396361434556026,0.43386419349955974,1.2344391267421826,15,FBN1;ILK;CAV1;COMP;UBE2O,GO:BP,Cancer_vs_Healthy
GOBP_CEREBRAL_CORTEX_DEVELOPMENT,0.20513595166163143,0.4240130675494009,0.03640206391790816,0.4002788070821777,1.224205171092154,20,SLC2A1;FLNA;RHOA;TUBB2B;CRK;ATIC;TUBB2A;YWHAE;LAMB1,GO:BP,Cancer_vs_Healthy
GOBP_REGULATION_OF_NERVOUS_SYSTEM_DEVELOPMENT,0.2051248008497079,0.4240130675494009,0.033756095256854864,0.3120807139002464,1.191653603463261,54,SERPINF1;FN1;THY1;YAP1;B2M;TYMP;ANXA2;S100A10;CTNNA1;ITGB1;YWHAH;KRAS;MAP1B;NRP1;TGM2,GO:BP,Cancer_vs_Healthy
GOBP_PROTEIN_HOMOOLIGOMERIZATION,0.20539587852494576,0.4240431040515009,0.03414920105295578,0.32323881030632995,1.1956957421901584,46,ATL3;HPRT1;ALAD;KCTD12;B2M;EHD1;STEAP4;ELAVL1;EHD4;COMP;FUS;SAMHD1;TGM2;ACACB;SOD2,GO:BP,Cancer_vs_Healthy
GOBP_RESPONSE_TO_TUMOR_CELL,0.2075288009086484,0.4279352839739194,0.037680906673163074,0.47553285330243783,1.2425111835667213,11,PRDX2;HMGB1;USP5;HLA-A;MAPK3,GO:BP,Cancer_vs_Healthy
GOBP_POSITIVE_REGULATION_OF_CALCIUM_ION_TRANSMEMBRANE_TRANSPORT,0.20785498489425983,0.4280970368263182,0.03612542169201886,0.3989527013437507,1.2201494342565438,20,SNCA;THY1;SRI;CAV1,GO:BP,Cancer_vs_Healthy
GOBP_MEMBRANE_REPOLARIZATION,0.2081874495017506,0.4282713246893155,0.04986182818702141,-0.3901510852361461,-1.2162455358766568,14,ATP1A2;ATP1A1;ATP1B1;CASQ2;CACNA2D1;CACNB3;ANK2;SNTA1,GO:BP,Cancer_vs_Healthy
GOBP_MUSCLE_CONTRACTION,0.2088135593220339,0.4290485499506238,0.08099720461931634,-0.20460804362856566,-1.1074680822407306,127,MYH14;PLN;CAMK2D;ATP1A2;ATP1A1;CSRP3;ATP1B1;JSRP1;CACNB1;GAA;STUB1;RYR1;MYOF;ATP2A2;CASQ2;CACNG1;MAP2K6;CACNA2D1;BIN1;SLMAP;CACNA1S;MYLK2;GPD1L;MYL3;NDUFS6;SGCD;CKMT2;MYH2;ANK2;C12orf57;FXYD1;DTNA;RCSD1;MYL1;MYH7;DMD;MAP2K3;SNTA1;GAMT;STAC3,GO:BP,Cancer_vs_Healthy
GOBP_FATTY_ACYL_COA_BIOSYNTHETIC_PROCESS,0.20916905444126074,0.4292685582832525,0.04884136955133312,-0.4265317637580206,-1.226784754022387,11,ACSL3;ACACA;ACAT1;GCDH;CBR4,GO:BP,Cancer_vs_Healthy
GOBP_GLYCOLYTIC_PROCESS_THROUGH_GLUCOSE_6_PHOSPHATE,0.21007943029307038,0.4301152316900777,0.050072872271063,-0.3803373148941092,-1.210505843532101,15,BCL2L13;PFKL;HK1;PFKM;ENO3;PKM,GO:BP,Cancer_vs_Healthy
GOBP_PROTEASOME_MEDIATED_UBIQUITIN_DEPENDENT_PROTEIN_CATABOLIC_PROCESS,0.20992822966507177,0.4301152316900777,0.07569778552103555,-0.21171495157906772,-1.1137611727097105,106,MTM1;ELOB;UBE3A;CUL5;STUB1;PSMD3;UBE2K;CUL4A;DDB1;PLAA;MAPK9;PSMD1;PSMD12;PSMD11;RNF7;CSNK2A1;CUL1;UFD1;CUL3;NPLOC4;PSMD7;PSMD6;PSMA1;HSPBP1;PSMD2;PSMC4;UBE2D1;CSNK2B;UCHL5;USP9X;BAG6;PSMC5;PSMD8;PSMD13;KLHL40;TRIM28,GO:BP,Cancer_vs_Healthy
GOBP_LOCOMOTORY_BEHAVIOR,0.2109944590259551,0.4307679672971645,0.035082382211832845,0.3703217219702615,1.208008640095595,26,SNCA;APOE;SOD1;HPRT1;SNCG;TMOD1;CNP;SOD2;CSTB;GMFB;SELENOP;PPT1;VPS35,GO:BP,Cancer_vs_Healthy
GOBP_ORGANELLE_FUSION,0.2111461043406819,0.4307679672971645,0.03379491985467663,0.3285661041080077,1.1936833439915833,42,SNCA;ATL3;ANXA1;VAT1;ANXA2;CAV2;RAB8A;RAB7A;SNAP23;RAB14;STX7;VAMP2,GO:BP,Cancer_vs_Healthy
GOBP_RESPONSE_TO_TUMOR_NECROSIS_FACTOR,0.21085997794928335,0.4307679672971645,0.033951289434096824,0.33168839795209315,1.1986889772827483,41,AKAP12;ILK;ACTN4;ANXA4;FABP4;GPD1;CFL1;CD58;EIF5A;LIMS1;ASAH1;THBS1,GO:BP,Cancer_vs_Healthy
GOBP_CALCIUM_MEDIATED_SIGNALING,0.2129105322763307,0.43158737551131837,0.059038272169415054,-0.26825335769696274,-1.166325902322055,44,PLN;MAPT;CAMK2D;ATP1A2;ATP1B1;RYR1;ATP2A2;CASQ2;CHP1;MCU;SGCD;ANK2;PRKAA1;LMCD1;DMD,GO:BP,Cancer_vs_Healthy
GOBP_NEGATIVE_REGULATION_OF_PROTEIN_MODIFICATION_PROCESS,0.21304631441617744,0.43158737551131837,0.03266238657403983,0.3035376703342999,1.1808324876753937,59,FBLN1;AGT;APOE;THY1;GCLC;CAV1;PPIA;ARRB1;CORO1C;DBI;RPL23,GO:BP,Cancer_vs_Healthy
GOBP_PALLIUM_DEVELOPMENT,0.21258008153756552,0.43158737551131837,0.034899241107277545,0.36647822199778746,1.2055091781706269,27,SLC2A1;FLNA;ATP2B4;RHOA;TUBB2B;CFL1;RAN;CRK;ATIC;TUBB2A;YWHAE;LAMB1,GO:BP,Cancer_vs_Healthy
GOBP_REGULATION_OF_NEURON_DIFFERENTIATION,0.21267519804996954,0.43158737551131837,0.03582400922041223,0.40283326118728213,1.2176190916141698,19,B2M;PTBP1;RHOA;ITGB1;CALR;YWHAH;MAP1B,GO:BP,Cancer_vs_Healthy
GOBP_REGULATION_OF_T_CELL_RECEPTOR_SIGNALING_PATHWAY,0.21201702685003274,0.43158737551131837,0.037412951720586486,0.48798749052135154,1.2386014986536291,10,THY1;CD81;LGALS3,GO:BP,Cancer_vs_Healthy
GOBP_SPERMATID_DIFFERENTIATION,0.21303560651780326,0.43158737551131837,0.05236484601420541,-0.3341726518888626,-1.1858812990945227,21,PLN;DLD;HSPA2;FXR1;DYNLL1;VDAC3;TUBA8;PAFAH1B1;QKI;DDX6;SLIRP;PRKG1,GO:BP,Cancer_vs_Healthy
GOBP_CELLULAR_RESPONSE_TO_CORTICOSTEROID_STIMULUS,0.21347967228319678,0.431958868507452,0.03604948778056221,0.4179864629432677,1.2282194979503431,17,SERPINF1;ANXA1;AKR1C3;RAN;AQP1,GO:BP,Cancer_vs_Healthy
GOBP_NADP_METABOLIC_PROCESS,0.2138157894736842,0.43203161871783674,0.035325420422175347,0.39307998878588457,1.2195881166982612,21,TKT;PGD;PGLS;TALDO1;IDH1;ACO1;G6PD;RPIA,GO:BP,Cancer_vs_Healthy
GOBP_REGULATION_OF_KINASE_ACTIVITY,0.21401566297596544,0.43203161871783674,0.03324837429362679,0.31988844079401335,1.189976270337117,47,AGT;APOE;THY1;FBN1;PPIA;CORO1C;RHOA,GO:BP,Cancer_vs_Healthy
GOBP_POSITIVE_REGULATION_OF_MICROTUBULE_POLYMERIZATION_OR_DEPOLYMERIZATION,0.2146512254241853,0.43280900528937244,0.049040971597469125,-0.38738225796103276,-1.2076140750390383,14,MAPT;RPS3;CLIP1;DCTN1;CAV3;ARL2;CLASP1,GO:BP,Cancer_vs_Healthy
GOBP_AMINO_ACID_BETAINE_METABOLIC_PROCESS,0.21568116697056525,0.432865338589009,0.048032517383238445,-0.42341545251431945,-1.2178216627654133,11,CPT2;CRAT;CPT1B;CPT1A;ACADM,GO:BP,Cancer_vs_Healthy
GOBP_GLAND_MORPHOGENESIS,0.21524169422138245,0.432865338589009,0.036263095592796106,0.42873515142738927,1.2198458731124602,15,MSN;CAV1;CRIP1;NRP1;TGM2;EZR,GO:BP,Cancer_vs_Healthy
GOBP_POSITIVE_REGULATION_OF_T_CELL_PROLIFERATION,0.21561456511369056,0.432865338589009,0.03643312370047354,0.4374968318338908,1.2222575707491117,14,PNP;ANXA1;CD81;HMGB1,GO:BP,Cancer_vs_Healthy
GOBP_SECONDARY_ALCOHOL_METABOLIC_PROCESS,0.2153103448275862,0.432865338589009,0.033550810025061197,0.33148015514592133,1.192967955142646,40,CAT;AGT;APOE;APOL1;HDLBP;NPC2;ACADL;IDH1;APOC1;G6PD;GNAI1;KPNB1;ACLY,GO:BP,Cancer_vs_Healthy
GOBP_PROTEIN_MODIFICATION_BY_SMALL_PROTEIN_REMOVAL,0.21628065395095367,0.4330625376909014,0.055427449812165096,-0.2941085319525301,-1.1740854466470998,32,COPS7A;USP13;USP24;COPS5;USP47;GPS1;COPS8;SHMT2;UCHL5;USP9X;COPS3;UCHL3;COPS6;ABRAXAS2;COPS2;COPS4;USP7,GO:BP,Cancer_vs_Healthy
GOBP_TRNA_PROCESSING,0.2161391502708868,0.4330625376909014,0.05039399698837353,-0.3510232413822436,-1.188883262663603,18,KARS1;HSD17B10;FAM98B;TPRKB;TRMT112;RTCB;GRSF1;DDX1;SARS1;FAM98A,GO:BP,Cancer_vs_Healthy
GOBP_POSITIVE_REGULATION_OF_CALCIUM_ION_TRANSPORT,0.2168270632837562,0.4336541265675124,0.03452614089072251,0.36844753152329424,1.2018949337726834,26,SNCA;THY1;SRI;CAV1;LGALS3,GO:BP,Cancer_vs_Healthy
GOBP_2_OXOGLUTARATE_METABOLIC_PROCESS,0.21733297558357928,0.4336621037048788,0.048611229805533375,-0.3968558928640082,-1.2086650968759027,13,DLD;DLST;OGDH;IDH2;GOT2;L2HGDH;GOT1,GO:BP,Cancer_vs_Healthy
GOBP_LEUKOCYTE_APOPTOTIC_PROCESS,0.21726431932500406,0.4336621037048788,0.036699789407230544,0.471059705567864,1.2308233768308545,11,ANXA1;LGALS3;MIF;CTSL;DNAJA3;CASP3,GO:BP,Cancer_vs_Healthy
GOBP_POSITIVE_REGULATION_OF_STEROID_METABOLIC_PROCESS,0.2177472167648985,0.43398753237571464,0.03684292418190185,0.48434486539774335,1.229355849892604,10,AGT;APOE,GO:BP,Cancer_vs_Healthy
GOBP_CARBOHYDRATE_TRANSPORT,0.21833996756597376,0.4346675852004639,0.03460822006918018,0.3766064170054807,1.2071833957945735,24,C3;SLC2A1;PEA15;SORBS1;PPBP;PTPN11;FABP5;AQP1,GO:BP,Cancer_vs_Healthy
GOBP_INFLAMMASOME_MEDIATED_SIGNALING_PATHWAY,0.21875832667199574,0.4347667642193663,0.04825537561826889,-0.40951646729796887,-1.2127454850434987,12,MAVS;MARCHF5;PPP2CA,GO:BP,Cancer_vs_Healthy
GOBP_REGULATION_OF_ACTOMYOSIN_STRUCTURE_ORGANIZATION,0.2188929889298893,0.4347667642193663,0.03458080819819102,0.3810225153431415,1.2095434763028456,23,SERPINF2;S100A10;RHOA;CDC42;RHOC;FERMT2;STMN1;NRP1;PFN1,GO:BP,Cancer_vs_Healthy
GOBP_REGULATION_OF_PROTEIN_LOCALIZATION_TO_NUCLEUS,0.21986591873033245,0.4356976004197414,0.03297674538363878,0.3241627315441014,1.183254795697854,43,YAP1;FLNA;APOD;CTNNA1;CD36;UFM1;YWHAZ;YWHAB;RAN;FERMT2;RAB23;CCT2;LMNA;HSP90AA1;EPM2A,GO:BP,Cancer_vs_Healthy
GOBP_RESPONSE_TO_INTERLEUKIN_7,0.21986045756936556,0.4356976004197414,0.03644867803328043,0.4700666625640767,1.2282286727438507,11,PDIA3;HMGB1;ATIC;P4HB;STAT1;STIP1;RAD23B,GO:BP,Cancer_vs_Healthy
GOBP_REGULATION_OF_LEUKOCYTE_CHEMOTAXIS,0.221363425568094,0.43816265679457783,0.035296615727666625,0.4143020297725924,1.2173930883406792,17,MPP1;DDT;HMGB1;CALR;THBS4;THBS1;ADAM10;LGMN;MAPK3;MIF,GO:BP,Cancer_vs_Healthy
GOBP_CELL_REDOX_HOMEOSTASIS,0.2226586102719033,0.43940737820702336,0.03470457525700533,0.3929383090459909,1.2017551300325313,20,PRDX2;GCLC;TXN;BOLA2;GPX1;GLRX3;PRDX6;APEX1;ERP44;PRDX1,GO:BP,Cancer_vs_Healthy
GOBP_RESPIRATORY_CHAIN_COMPLEX_IV_ASSEMBLY,0.22275512922994936,0.43940737820702336,0.04778115692689526,-0.4077873669257405,-1.2076249127660446,12,SLC25A46;COA3;SMIM20;COA6;SURF1;TACO1;SCO1,GO:BP,Cancer_vs_Healthy
GOBP_VIRAL_BUDDING,0.22275512922994936,0.43940737820702336,0.04778115692689526,-0.40852742103185175,-1.2098165151741138,12,VPS28;VPS4A;VPS37C;TSG101;CHMP6,GO:BP,Cancer_vs_Healthy
GOBP_AMYLOID_PRECURSOR_PROTEIN_METABOLIC_PROCESS,0.22337300973875407,0.44012378657761353,0.035110764560120494,0.4136334050343252,1.215428388492342,17,CLU;APOE;FLOT2;PICALM;FKBP1A;ADAM10;AGO2;RTN3;GSK3A;CASP3,GO:BP,Cancer_vs_Healthy
GOBP_NEGATIVE_REGULATION_OF_NERVOUS_SYSTEM_DEVELOPMENT,0.22675628100496079,0.44628115441523036,0.03551405283279296,0.45368979502469375,1.2197601044979973,12,THY1;B2M;CTNNA1;YWHAH;NRP1,GO:BP,Cancer_vs_Healthy
GOBP_REGULATION_OF_INNATE_IMMUNE_RESPONSE,0.22707045735475898,0.44639106974860465,0.030417233173291813,0.2795311450183807,1.157021069481893,86,CFH;SERPING1;A2M;APOE;S100A9;S100A8;FLOT2;HLA-B;CAV1;CD36;TTLL12;PTPN11;HSP90B1;HMGB1;YWHAZ;LAMP1;AP3B1;FLOT1;CRK;SAMHD1;SFPQ;YWHAE;TKFC;USP15;HLA-A;LTF;HSP90AA1;HSPA8;NONO;XRCC6;HMGB2;PPT1;TRIM25;DNAJA3;DDX3X,GO:BP,Cancer_vs_Healthy
GOBP_HEART_PROCESS,0.2281030444964871,0.4474030203063901,0.06379751353964766,-0.22954794123853917,-1.121282961011388,72,PLN;CAMK2D;ATP1A2;ATP1A1;CSRP3;ATP1B1;HSPB7;GAA;ATP2A2;CASQ2;MAP2K6;CACNA2D1;BIN1;TMEM65;DNM1L;MYLK2;GPD1L;ATP2A3;MYL3;SGCG;SGCD;ANK2;FXYD1;MYH7;DMD;MAP2K3;SNTA1,GO:BP,Cancer_vs_Healthy
GOBP_SKELETAL_MUSCLE_ADAPTATION,0.2280654682049906,0.4474030203063901,0.047349591935247265,-0.39335113693779067,-1.1979910052540867,13,CAMK2B;ATP2A2;CACNA1S;MYH7;CAMK2G,GO:BP,Cancer_vs_Healthy
GOBP_INTERLEUKIN_1_BETA_PRODUCTION,0.22862242414408568,0.44791332077208623,0.03563135841685315,0.46625900570653217,1.2182797150728344,11,ORM1;CD36;HMGB1,GO:BP,Cancer_vs_Healthy
GOBP_REGULATION_OF_SKELETAL_MUSCLE_ADAPTATION,0.2295839753466872,0.449287779613902,0.046057890915803285,-0.43336445514750477,-1.2008958306260267,10,CAMK2B;ATP2A2;MYH7;CAMK2G,GO:BP,Cancer_vs_Healthy
GOBP_REGULATION_OF_OXIDATIVE_STRESS_INDUCED_INTRINSIC_APOPTOTIC_SIGNALING_PATHWAY,0.2309475962281651,0.45144507497994263,0.03443097137433662,0.410800977161107,1.2071055277089369,17,SOD1;FBXO7;PPIA;GPX1;SOD2;P4HB;SFPQ;NONO,GO:BP,Cancer_vs_Healthy
GOBP_EAR_MORPHOGENESIS,0.23231827111984282,0.45331058771602917,0.03548487309925111,0.478204586703207,1.2137706995743482,10,SOD1;SPARC,GO:BP,Cancer_vs_Healthy
GOBP_NEGATIVE_REGULATION_OF_MITOTIC_CELL_CYCLE,0.23242660921088068,0.45331058771602917,0.04695800959711531,-0.38000450009893383,-1.1846148693361358,14,DYNC1LI1;FHL1;VPS4A;PRKDC,GO:BP,Cancer_vs_Healthy
GOBP_AMP_BIOSYNTHETIC_PROCESS,0.23349018335226351,0.4536157245657098,0.03519624647229876,0.4644128932603959,1.2134560412834923,11,HPRT1;ADK;ATIC;APRT;PFAS,GO:BP,Cancer_vs_Healthy
GOBP_ESTABLISHMENT_OF_RNA_LOCALIZATION,0.2339295695919508,0.4536157245657098,0.03218067120600399,0.33458789374032344,1.1779270135177933,36,DDX19B;HNRNPA2B1;NUTF2;HNRNPA1;PABPN1;RAN;FLOT1;ALYREF;AGFG1;DDX39B;KPNB1;MVP,GO:BP,Cancer_vs_Healthy
GOBP_NEGATIVE_REGULATION_OF_DEVELOPMENTAL_GROWTH,0.23362549800796814,0.4536157245657098,0.034815490918796835,0.4414846344660561,1.2108575021832184,13,RBP4;GNAS;CFL1;G6PD;NRP1;LGMN,GO:BP,Cancer_vs_Healthy
GOBP_NEGATIVE_REGULATION_OF_MRNA_CATABOLIC_PROCESS,0.23415811707905854,0.4536157245657098,0.04975720027483711,-0.32815880529722663,-1.164539911137329,21,CIRBP;YBX3;CSDE1;MAPK14;MAPKAPK2;FXR1,GO:BP,Cancer_vs_Healthy
GOBP_NEGATIVE_REGULATION_OF_TRANSLATION,0.23300630693763139,0.4536157245657098,0.05407500482452486,-0.28112911743059926,-1.151731536217178,35,EPRS1;RPS3;EIF4G1;EIF2S1;CIRBP;MRPL13;EIF3E;FXR1;CSNK2A1,GO:BP,Cancer_vs_Healthy
GOBP_REGULATION_OF_INFLAMMASOME_MEDIATED_SIGNALING_PATHWAY,0.2336545975514457,0.4536157245657098,0.04597318946952992,-0.4155761483084711,-1.1952743645357455,11,MAVS;MARCHF5;PPP2CA,GO:BP,Cancer_vs_Healthy
GOBP_REGULATION_OF_TRANSLATIONAL_INITIATION,0.23549144582354914,0.45568781453873786,0.05252522585329989,-0.2936856676842966,-1.1503815754416327,30,EIF3B;EIF4G1;EIF2S1;BZW2;CSDE1;METAP2;EIF3E;EIF3K;EIF5;EIF1;NCK1;BZW1;DDX1;EIF5B;EIF4G2;EIF4H;EIF4A2;MTIF2;AKT2,GO:BP,Cancer_vs_Healthy
GOBP_RNA_MODIFICATION,0.23609923011120615,0.45635287430890853,0.048032517383238445,-0.3441573287257186,-1.165629051323893,18,SNRPB;APOBEC2;HSD17B10;TPRKB;TRMT112;SNRPD1;SNRPD2;SARS1;AARS1;SNRPD3;AKT1;FBL,GO:BP,Cancer_vs_Healthy
GOBP_AMYLOID_PRECURSOR_PROTEIN_CATABOLIC_PROCESS,0.23637505889743993,0.45637553270924713,0.03428268500329419,0.41484423726068465,1.1981109829141379,16,CLU;APOE;FLOT2;PICALM;FKBP1A,GO:BP,Cancer_vs_Healthy
GOBP_INTERLEUKIN_6_PRODUCTION,0.23775783341206108,0.4570764598428012,0.03421578704846918,0.420230725439215,1.195648909298492,15,ORM1;HLA-B;ARRB1;CD36;HMGB1,GO:BP,Cancer_vs_Healthy
GOBP_MUSCLE_CELL_CELLULAR_HOMEOSTASIS,0.23808241314301104,0.4570764598428012,0.04634323610919203,-0.3785348164562997,-1.1800333207075506,14,PLN;MTM1;CSRP3;GAA;PFKM;DMD;FXN;CFL2,GO:BP,Cancer_vs_Healthy
GOBP_NEGATIVE_REGULATION_OF_LIPID_BIOSYNTHETIC_PROCESS,0.23819568392016874,0.4570764598428012,0.03478768187516898,0.46197293864932687,1.2070807280520417,11,APOE;AKR1C3;ACADL;APOC1,GO:BP,Cancer_vs_Healthy
GOBP_NEGATIVE_REGULATION_OF_MOLECULAR_FUNCTION,0.23938321536905965,0.4570764598428012,0.029851152797815517,0.28479176571183856,1.1489196014554854,74,AGT;APOE;GNAI3;THY1;CAND1;FLNA;GNAI2;PPIA;ARRB1;CORO1C;CALM1;RPL23;STMN1;RPS7;GAPDH;MVP;LTF;EPM2A;DNAJB2;PEX19;ECM1;CNRIP1;PRDX5;TMED2;COMMD6;SERPINA5;GSK3A;RASA4;LRPAP1,GO:BP,Cancer_vs_Healthy
GOBP_NEGATIVE_REGULATION_OF_NUCLEOTIDE_METABOLIC_PROCESS,0.2390087929656275,0.4570764598428012,0.04597318946952992,-0.40184194722085687,-1.1900180972175503,12,FIS1;FBP1;PPP2CA;STAT3;PARP1;PRKACA;MTCH2,GO:BP,Cancer_vs_Healthy
GOBP_ORGANELLE_TRANSPORT_ALONG_MICROTUBULE,0.2380413246532692,0.4570764598428012,0.04762582719669799,-0.3534982153937002,-1.1716761647161553,17,MAPT;MAP1S;FYCO1;SYNE2;LRPPRC;OPA1,GO:BP,Cancer_vs_Healthy
GOBP_POSITIVE_REGULATION_OF_PROTEASOMAL_UBIQUITIN_DEPENDENT_PROTEIN_CATABOLIC_PROCESS,0.2389853137516689,0.4570764598428012,0.03292791935369283,0.37943189385271126,1.1928087639109954,22,CLU;TF;GCLC;SUMO2;VCP;USP5,GO:BP,Cancer_vs_Healthy
GOBP_REGULATION_OF_CALCIUM_ION_TRANSPORT,0.23919554985023533,0.4570764598428012,0.059317662646599184,-0.24168043250511456,-1.1246135582669115,59,CAMK2B;PLN;CAMK2D;ATP1A2;DHRS7C;ATP1B1;CACNB1;STIM1;UBQLN1;CASQ2;CACNG1;CACNA2D1;BIN1;CACNB3;AFG3L2;NIPSNAP2;VDAC1,GO:BP,Cancer_vs_Healthy
GOBP_REGULATION_OF_NEUROGENESIS,0.23897849462365592,0.4570764598428012,0.03102944554350005,0.3120767078614125,1.1658744889220225,48,SERPINF1;FN1;THY1;YAP1;B2M;ANXA2;S100A10;CTNNA1;ITGB1;YWHAH;KRAS;MAP1B;NRP1;TGM2,GO:BP,Cancer_vs_Healthy
GOBP_TUBE_FORMATION,0.23791528893087702,0.4570764598428012,0.0342024449747538,0.42015227972228364,1.195425713967427,15,CFL1;YWHAZ;RPS7;TGM2;PFN1;VASP;TMED2;CASP3;RALA,GO:BP,Cancer_vs_Healthy
GOBP_CELLULAR_RESPONSE_TO_UV,0.23980610208155118,0.45737852582441546,0.04762582719669799,-0.3431877917971086,-1.162345319390874,18,PPID;EIF2S1;CUL4A;DDB1;MAPK14,GO:BP,Cancer_vs_Healthy
GOBP_HEMATOPOIETIC_OR_LYMPHOID_ORGAN_DEVELOPMENT,0.2405042567125082,0.4582043611898723,0.034773797441901955,0.4745063836883572,1.2043839839607482,10,SOD1;PRDX2,GO:BP,Cancer_vs_Healthy
GOBP_CANONICAL_NF_KAPPAB_SIGNAL_TRANSDUCTION,0.24118108178730074,0.45868912683123514,0.030326244586436752,0.2969732427171603,1.156640760410057,60,S100A4;LGALS1;FLNA;FLOT2;ILK;CAV1;ANXA4;RHOA;CD36;LIMS1;FKBP1A;FLOT1;RHOC;S100A13;GAPDH;LTF;PRDX1;UBE2V1;ECM1;STAT1;S100B;TRIM25;DNAJA3;UBE2I;CAPN3;TFG;UBE2N;LAMTOR5;CCDC22;ADIPOQ;MTDH;PRDX4;PPP2CB;CPNE1,GO:BP,Cancer_vs_Healthy
GOBP_MRNA_TRANSPORT,0.24155503785672686,0.45868912683123514,0.0323549720388035,0.35744639444913634,1.1757994973437564,27,DDX19B;HNRNPA2B1;NUTF2;HNRNPA1;PABPN1;ALYREF;AGFG1;DDX39B;MVP,GO:BP,Cancer_vs_Healthy
GOBP_REGULATION_OF_REPRODUCTIVE_PROCESS,0.24140097377100675,0.45868912683123514,0.033859864661242675,0.4130472365105591,1.1929210679011026,16,SERPINF1;SOD1;MYH9;ARHGDIB;CALR;PTGDS,GO:BP,Cancer_vs_Healthy
GOBP_HORMONE_TRANSPORT,0.24208690987124465,0.45919448985456723,0.03074582895514896,0.309126599993763,1.1632629959022003,50,AGT;RBP4;RAB1A;SRI;ANXA1;GNAS;PSMD9;EIPR1;PTPN11;RAB11B;AQP1;SNAP23;GNAI1;VAMP2;GLUD1,GO:BP,Cancer_vs_Healthy
GOBP_REGULATION_OF_INCLUSION_BODY_ASSEMBLY,0.2425766672075288,0.45961894839321243,0.03441742715306239,0.46060051546121766,1.2034947483495468,11,CLU;APOE,GO:BP,Cancer_vs_Healthy
GOBP_CELLULAR_RESPONSE_TO_LIGHT_STIMULUS,0.2433471318746304,0.4605737610945907,0.04819142030711041,-0.3311319167002901,-1.1596960825297609,20,PPID;EIF2S1;CUL4A;DDB1;MAPK14,GO:BP,Cancer_vs_Healthy
GOBP_POSITIVE_REGULATION_OF_SMALL_MOLECULE_METABOLIC_PROCESS,0.24620689655172415,0.46496777840587905,0.030955342541650964,0.3233921356413588,1.163859883544018,40,SNCA;APOC2;AGT;APOE;GPD1;SORBS1;HMGB1;VCP;GNAI1;KPNB1;ENO1,GO:BP,Cancer_vs_Healthy
GOBP_REGULATION_OF_TRANSMEMBRANE_TRANSPORT,0.24615384615384617,0.46496777840587905,0.028715060479294525,0.27097871769648163,1.1382023417852598,95,SNCA;C3;AGT;STOM;THY1;SRI;PEA15;FLNA;CA2;ACTN4;CAV1;ATP2B4;AHNAK;YWHAQ;GNB2;ITGB1;SORBS1;PTPN11;CALM1;FABP5;SEPTIN2;G6PD;FKBP1A;THBS1;CLIC2;VAMP2,GO:BP,Cancer_vs_Healthy
GOBP_CARDIAC_MUSCLE_CELL_MEMBRANE_REPOLARIZATION,0.24719979161239905,0.46633323133867416,0.04456739651093154,-0.4105492925259028,-1.180816191525628,11,ATP1A1;ATP1B1;CASQ2;CACNA2D1;ANK2;SNTA1;CAV3,GO:BP,Cancer_vs_Healthy
GOBP_CELLULAR_RESPONSE_TO_EXTERNAL_STIMULUS,0.24773413897280966,0.46683161629772635,0.03358907468591527,0.4246717978513457,1.186427608702136,14,SLC2A1;GCLC;PTPN11;CNN2;AQP1;PECAM1;MAPK3,GO:BP,Cancer_vs_Healthy
GOBP_REGULATION_OF_PROTEIN_TRANSPORT,0.24847374847374848,0.467715291244703,0.02854663882700978,0.2705639847973191,1.136460323219909,95,APOE;RBP4;SRI;FLNA;CD81;LCP1;APOD;PPIA;ARFIP1;GNAS;TXN;RAB8A;PSMD9;EIPR1;CD36;UFM1;PTPN11;YWHAB;RAN;MYH10;GNAI1;VAMP2;BCAP31;GAPVD1;GLUD1;RAB23;YWHAE;EMD;HADH;HSP90AA1;HSPA8;SNX3;EPM2A;RANGAP1,GO:BP,Cancer_vs_Healthy
GOBP_OLIGODENDROCYTE_DIFFERENTIATION,0.24947991678668588,0.46830598718535776,0.033576308279208794,0.4458204874493572,1.1986032093337653,12,CLU;CD9;CNP,GO:BP,Cancer_vs_Healthy
GOBP_PEPTIDYL_THREONINE_MODIFICATION,0.24987159732922445,0.46830598718535776,0.04395564233504732,-0.4244354799628736,-1.1761527559607612,10,PRKDC;UBE2K;MYLK2;CSNK2B;SIRT2;CAMK2A;MAPK1,GO:BP,Cancer_vs_Healthy
GOBP_PEPTIDYL_THREONINE_PHOSPHORYLATION,0.24987159732922445,0.46830598718535776,0.04395564233504732,-0.4244354799628736,-1.1761527559607612,10,PRKDC;UBE2K;MYLK2;CSNK2B;SIRT2;CAMK2A;MAPK1,GO:BP,Cancer_vs_Healthy
GOBP_REGULATION_OF_JNK_CASCADE,0.2495617529880478,0.46830598718535776,0.03348726513146713,0.4353904145660298,1.1941429184586323,13,SERPINF2;SDCBP;HMGB1;TNXB;CRK,GO:BP,Cancer_vs_Healthy
GOBP_POSITIVE_REGULATION_OF_SMALL_GTPASE_MEDIATED_SIGNAL_TRANSDUCTION,0.25051173043615177,0.46899704246334806,0.033173770403489705,0.41554225846076953,1.1823091887837645,15,ARRB1;PICALM;CRK;FERMT2;KRAS;TGM2,GO:BP,Cancer_vs_Healthy
GOBP_NEUROTRANSMITTER_SECRETION,0.2514528035181404,0.4702493987871717,0.03305030542730227,0.40922457464998396,1.1818808442514632,16,SNCA;RAP1B;SNCG;SNAP23;AP2B1;VAMP2;NAPA,GO:BP,Cancer_vs_Healthy
GOBP_SPINDLE_LOCALIZATION,0.25287356321839083,0.47239515377446417,0.03298897857200287,0.4143643748417197,1.1789578506279799,15,ACTR2;ACTR3;MYH9;ITGB1;CFL1;MAPRE1;KPNB1,GO:BP,Cancer_vs_Healthy
GOBP_POSITIVE_REGULATION_OF_COLD_INDUCED_THERMOGENESIS,0.25320760550316895,0.47250836102535204,0.03260273754553942,0.40344476481588926,1.1854898912363134,17,CAV1;FABP4;ACADL;GNAS;CD36;FABP5,GO:BP,Cancer_vs_Healthy
GOBP_REGULATION_OF_CILIUM_ASSEMBLY,0.2545838065877008,0.4740526053702015,0.03344927511933871,0.4565108342251232,1.1928088942854564,11,YAP1;ATG3;SEPTIN7;GDI2;SEPTIN9,GO:BP,Cancer_vs_Healthy
GOBP_VIRAL_PROCESS,0.254416961130742,0.4740526053702015,0.02808801299919689,0.2688922046503972,1.1317246586529988,96,APOE;STOM;RAB1A;LGALS1;CD81;PTBP1;CAV1;PPIA;PPIB;CAV2;MYH9;IFITM1;ITGB1;CFL1;EEF1A1;HMGB1;RAN;LAMP1;MYH10;VCP;RAB7A;RAB1B;CTSB;EPS15,GO:BP,Cancer_vs_Healthy
GOBP_MONOSACCHARIDE_TRANSMEMBRANE_TRANSPORT,0.25490774907749075,0.4741448766479053,0.03158189181426592,0.3707151477830922,1.1768230760953002,23,C3;SLC2A1;PEA15;SORBS1;PPBP;PTPN11;FABP5,GO:BP,Cancer_vs_Healthy
GOBP_RESPONSE_TO_NERVE_GROWTH_FACTOR,0.2558809409505521,0.47544329673392904,0.033074911573599014,0.4434336256362689,1.1921860519577736,12,EHD1;DYNC1LI2;ARPC3;CRK,GO:BP,Cancer_vs_Healthy
GOBP_MALE_SEX_DIFFERENTIATION,0.25676302365125986,0.4765698226309098,0.032331604632485134,0.4019584544648946,1.1811224881863613,17,RBP4;FLNA;AKR1C3;CTNNA1,GO:BP,Cancer_vs_Healthy
GOBP_AMIDE_TRANSPORT,0.25885193133047213,0.47941708182106735,0.02950563448520857,0.30485339111264576,1.1471826399403884,50,RBP4;RAB1A;SRI;S100A8;CA2;GNAS;PSMD9;EIPR1;PTPN11;MGST1;RAB11B;PSAP;AQP1;GNAI1,GO:BP,Cancer_vs_Healthy
GOBP_NEGATIVE_REGULATION_OF_MACROAUTOPHAGY,0.258661109663975,0.47941708182106735,0.04346228872332276,-0.4066709311955471,-1.1696613023592266,11,MTM1;SCFD1,GO:BP,Cancer_vs_Healthy
GOBP_NEGATIVE_REGULATION_OF_CALCIUM_ION_TRANSPORT,0.26020268419611065,0.48140282472256873,0.04454146094208508,-0.36287464742665104,-1.154927123839816,15,PLN;ATP1A2;UBQLN1;BIN1;VDAC1,GO:BP,Cancer_vs_Healthy
GOBP_DEVELOPMENTAL_CELL_GROWTH,0.2613318410744264,0.4829137227584835,0.030106395076024882,0.3297210331330321,1.1547659083068744,35,APOE;FN1;CTTN;CYFIP1;IQGAP1;ITGB1;LAMB2;G6PD;VCL;MAP1B;NRP1,GO:BP,Cancer_vs_Healthy
GOBP_REGULATION_OF_PROTEASOMAL_PROTEIN_CATABOLIC_PROCESS,0.26157826649417854,0.4829137227584835,0.028661639950348507,0.2893604081632756,1.1382928291549383,63,CLU;APOE;TF;ALAD;GCLC;SUMO2;CAV1;PITHD1;PSME2;GPX1;PSMF1;PSME1;VCP;USP5,GO:BP,Cancer_vs_Healthy
GOBP_CELL_GROWTH,0.2628770013652724,0.48427660805883876,0.027835416920069887,0.2736623149443571,1.127524889139262,84,AGT;APOE;S100A9;FN1;CTTN;YAP1;S100A8;CYFIP1;MTPN;SDCBP;IQGAP1;ITGB1;CFL1;LAMB2;G6PD;CRK;VCL;CDC42;MAP1B;NRP1;ENO1,GO:BP,Cancer_vs_Healthy
GOBP_REGULATION_OF_PROTEIN_STABILITY,0.26265060240963856,0.48427660805883876,0.027328537026610478,0.26491082025475904,1.126527075389456,102,SNCA;CLU;TF;FBXO7;FLNA;FLOT2;CD81;GSN;PPIB;PARVA;NCLN;YWHAZ;RPL23;LAMP1;FLOT1;USP5;GNAQ;CALR;DDI2;AHSA1;RPS7;PFN1;CTSH;GAPDH;CCT2;LMNA;RAD23A;HSP90AA1;HSPA8,GO:BP,Cancer_vs_Healthy
GOBP_B_CELL_DIFFERENTIATION,0.2641570663637839,0.48492682387557084,0.03272229237215844,0.4523491520064431,1.1819349101574408,11,IGHM;LGALS1;ITGB1,GO:BP,Cancer_vs_Healthy
GOBP_NEGATIVE_REGULATION_OF_CELL_CYCLE_PROCESS,0.2639949109414758,0.48492682387557084,0.04796934680442406,-0.3018133114765653,-1.1419955800313226,26,DYNC1LI1;FHL1;VPS4A;PRKDC;CUL4A;MAPK14,GO:BP,Cancer_vs_Healthy
GOBP_SKELETAL_MUSCLE_CONTRACTION,0.263671875,0.48492682387557084,0.048611229805533375,-0.29273558148947537,-1.127265349504678,28,MYH14;JSRP1;GAA;C12orf57;RCSD1;MYH7;DMD;STAC3;CAV3;ATP2A1;CASQ1;TNNI1;MYH8;EEF2,GO:BP,Cancer_vs_Healthy
GOBP_WATER_SOLUBLE_VITAMIN_METABOLIC_PROCESS,0.2643524699599466,0.48492682387557084,0.03098705135093878,0.3718345397152935,1.1689251875842117,22,SLC2A1;GCLC;PDXK;BTD,GO:BP,Cancer_vs_Healthy
GOBP_REGULATION_OF_VACUOLE_ORGANIZATION,0.2651732221932795,0.4859165725874729,0.042865426906193514,-0.4040080198854079,-1.162002273714303,11,PIP4K2B;MTM1;SCFD1,GO:BP,Cancer_vs_Healthy
GOBP_DENDRITE_MORPHOGENESIS,0.2657452489398461,0.4864489302627691,0.031974374159939006,0.4049378577404656,1.1695003839518294,16,HPRT1;PICALM;ITGB1;CFL1;CDC42;YWHAH;NRP1,GO:BP,Cancer_vs_Healthy
GOBP_REGULATION_OF_VASOCONSTRICTION,0.26653569089718404,0.4873795490691365,0.03272229237215844,0.46391432353814965,1.1774993981246233,10,AGT;CAV1;RHOA;ITGB1,GO:BP,Cancer_vs_Healthy
GOBP_VITAMIN_METABOLIC_PROCESS,0.26732673267326734,0.4883092960458837,0.030427381199525476,0.35002489057273495,1.1513868842557002,27,SLC2A1;GCLC;AKR1C3;PDXK;BTD;CBR1;CBR3;GSTO1;LGMN,GO:BP,Cancer_vs_Healthy
GOBP_GLUTAMINE_FAMILY_AMINO_ACID_METABOLIC_PROCESS,0.2682416267942584,0.48894676276421783,0.030860659389615068,0.37371585669254614,1.15950806667039,21,FAH;GCLC;PHGDH;ATP2B4;GCLM,GO:BP,Cancer_vs_Healthy
GOBP_PROTEIN_DEPHOSPHORYLATION,0.2681845062093436,0.48894676276421783,0.04569379494065424,-0.3238054488878437,-1.1340371967734697,20,MTM1;TIMM50;PPP2CA;PPP5C;PPM1B;PPM1A,GO:BP,Cancer_vs_Healthy
GOBP_NEUROTRANSMITTER_TRANSPORT,0.26883971291866027,0.489520573154315,0.03081878984200473,0.37351697060798966,1.1588909935244105,21,SNCA;RAP1B;SNCG;ITGB1;FLOT1;SNAP23;AP2B1;VAMP2;NAPA,GO:BP,Cancer_vs_Healthy
GOBP_GLYCEROLIPID_METABOLIC_PROCESS,0.27073594229998665,0.49186457766857333,0.028617288909743265,0.3003659768950059,1.134462683935797,51,CAT;APOC2;C3;APOE;CAV1;MGLL;PTPN11;DBI;GPX1;APOC1;FABP5;TNXB,GO:BP,Cancer_vs_Healthy
GOBP_POSITIVE_REGULATION_OF_TYPE_I_INTERFERON_PRODUCTION,0.27098094788222327,0.49186457766857333,0.03164838145301568,0.4087344375865961,1.1629394399525779,15,PTPN11;HMGB1;FLOT1;GAPDH;G3BP1;HSP90AA1;HMGB2;STAT1;DDX3X,GO:BP,Cancer_vs_Healthy
GOBP_REGULATION_OF_PROTEIN_LOCALIZATION_TO_MEMBRANE,0.2709016931355821,0.49186457766857333,0.02829369255600756,0.2933397356429737,1.133381908989952,57,STOM;SPTBN1;CD81;GSN;MYO1C;ATP2B4;LGALS3;PICALM;RHOG;ACTB;ITGB1;SORBS1;CLTC;CRK;AP2B1;STX7;DMTN;EZR;ADAM10;AP2M1,GO:BP,Cancer_vs_Healthy
GOBP_CELLULAR_RESPONSE_TO_INTERLEUKIN_1,0.2719454810968684,0.4925804940622522,0.03215759632214786,0.44929360023613035,1.173951114253089,11,AKAP12;CFL1;MAPK3;PTGIS;RBMX,GO:BP,Cancer_vs_Healthy
GOBP_POSITIVE_REGULATION_OF_INTERLEUKIN_1_PRODUCTION,0.27193844138834317,0.4925804940622522,0.032331604632485134,0.46177474908793037,1.1720687668646061,10,ORM1;CD36;HMGB1;S100A13,GO:BP,Cancer_vs_Healthy
GOBP_MACROPHAGE_ACTIVATION,0.27476396223395744,0.4966444840379482,0.03169288798808296,0.4357692342133125,1.1715800806851113,12,SNCA;CLU;HSPA12A;HMGB1;THBS1,GO:BP,Cancer_vs_Healthy
GOBP_PEPTIDE_TRANSPORT,0.27448855168676334,0.4966444840379482,0.028626147089758785,0.30746935484935045,1.1336656587764746,45,RBP4;RAB1A;SRI;S100A8;CA2;GNAS;PSMD9;EIPR1;PTPN11;MGST1;RAB11B;AQP1;GNAI1,GO:BP,Cancer_vs_Healthy
GOBP_ADULT_BEHAVIOR,0.27633443552196507,0.4984404014425424,0.03127581630824447,0.40734737941934207,1.1589929541665194,15,SNCA;SNCG;TMOD1;CNP,GO:BP,Cancer_vs_Healthy
GOBP_ADULT_LOCOMOTORY_BEHAVIOR,0.27633443552196507,0.4984404014425424,0.03127581630824447,0.40734737941934207,1.1589929541665194,15,SNCA;SNCG;TMOD1;CNP,GO:BP,Cancer_vs_Healthy
GOBP_NEGATIVE_REGULATION_OF_CELL_CYCLE,0.27724795640326977,0.49956670350870713,0.04848101812687057,-0.2784689745881982,-1.1116521109952517,32,DYNC1LI1;FHL1;VPS4A;PRKDC;IPO7;CUL4A;MAPK14,GO:BP,Cancer_vs_Healthy
GOBP_RESPONSE_TO_NUTRIENT,0.2785057150822414,0.5013102871480346,0.02887664213262334,0.3219403000009679,1.1381016285069805,37,CAT;ALAD;GCLC;GNAI2;AKR1C3;GCLM;GPX1;MAP1B;C2;FASN;ACACB;SOD2,GO:BP,Cancer_vs_Healthy
GOBP_REGULATION_OF_TRANSFERASE_ACTIVITY,0.2792004180820486,0.5020377965096566,0.027677953840704456,0.2888102211426581,1.1248477160442105,60,AGT;APOE;THY1;FBN1;PPIA;CORO1C;RHOA;PABPN1;DBI;RPL23,GO:BP,Cancer_vs_Healthy
GOBP_MITOCHONDRIAL_CALCIUM_ION_HOMEOSTASIS,0.2809450436569081,0.504125685814265,0.041173709625441146,-0.41224982289264767,-1.1423850932111894,10,C19orf12;MCU;AFG3L2;IMMT;MICU1;LETM1;ATP2A1,GO:BP,Cancer_vs_Healthy
GOBP_RESPONSE_TO_GROWTH_HORMONE,0.28068823831535694,0.504125685814265,0.041194861420125614,-0.41230383759990574,-1.142534773315241,10,STAT5B;PNPT1;STAT3,GO:BP,Cancer_vs_Healthy
GOBP_CHAPERONE_MEDIATED_AUTOPHAGY,0.281434184675835,0.5042499261988864,0.031670616640160694,0.4579572962031282,1.1623793732715366,10,SNCA;CLU,GO:BP,Cancer_vs_Healthy
GOBP_REGULATION_OF_HEART_GROWTH,0.2815979043876883,0.5042499261988864,0.031659494533026473,0.4577490049742114,1.1618506920383003,10,RBP4;YAP1;G6PD;ACACB,GO:BP,Cancer_vs_Healthy
GOBP_ADENYLATE_CYCLASE_ACTIVATING_G_PROTEIN_COUPLED_RECEPTOR_SIGNALING_PATHWAY,0.28270916334661356,0.5050196531493136,0.031071972736078927,0.4221627628870298,1.1578635102496586,13,GNAI2;GNB1;ATP2B4;GNAS;GNG2;GNAQ;GNA13,GO:BP,Cancer_vs_Healthy
GOBP_PRODUCTION_OF_MOLECULAR_MEDIATOR_INVOLVED_IN_INFLAMMATORY_RESPONSE,0.28304220126758384,0.5050196531493136,0.030478236658079402,0.392178398037315,1.1523845814349694,17,S100A9;PRDX2;APOD;CD36;SNAP23;VAMP2,GO:BP,Cancer_vs_Healthy
GOBP_REGULATION_OF_PH,0.28319678466532694,0.5050196531493136,0.03046805015459248,0.39215446326367637,1.1523142510337048,17,CA2;ATP6V1H;CLIC4;LAMP1;RAB7A,GO:BP,Cancer_vs_Healthy
GOBP_REGULATION_OF_RESPONSE_TO_ENDOPLASMIC_RETICULUM_STRESS,0.2823568354849388,0.5050196531493136,0.047258457118424003,-0.28564645914599324,-1.109130087313333,29,LPCAT3;USP13;COPS5;STUB1;UBQLN1;OPA1,GO:BP,Cancer_vs_Healthy
GOBP_CELLULAR_RESPONSE_TO_UNFOLDED_PROTEIN,0.2841648590021692,0.5062235838719056,0.04541883457993111,-0.30886000758831766,-1.1227081877253102,23,EIF2S1;COPS5;STUB1;OPTN,GO:BP,Cancer_vs_Healthy
GOBP_CARDIAC_MUSCLE_CELL_ACTION_POTENTIAL_INVOLVED_IN_CONTRACTION,0.2848387956301625,0.5069015848083633,0.0417110149952,-0.3850403441258409,-1.1402616895462867,12,ATP1A1;CASQ2;CACNA2D1;BIN1;GPD1L;ANK2;SNTA1;CAV3,GO:BP,Cancer_vs_Healthy
GOBP_REGULATION_OF_MICROTUBULE_POLYMERIZATION,0.2854923889406648,0.507542024783404,0.04536436402066782,-0.3025998834319853,-1.1168250380087348,24,MAPT;CLASP2;RPS3;MAPRE3;CLIP1;PPP2CA;DCTN1,GO:BP,Cancer_vs_Healthy
GOBP_REGULATION_OF_STRIATED_MUSCLE_CONTRACTION,0.28636683063949403,0.5085733641778476,0.048448610762049545,-0.2674062876090622,-1.107565787172209,36,PLN;CAMK2D;ATP1A2;ATP1A1;ATP1B1;ATP2A2;CASQ2;BIN1;MYL3;ANK2;C12orf57;MYH7;DMD,GO:BP,Cancer_vs_Healthy
GOBP_ORGAN_GROWTH,0.2866919044845661,0.508627937319641,0.029141225826737744,0.34418497424089123,1.1321768130558114,27,RBP4;SOD1;YAP1;COMP;PTPN11;G6PD;MYH10;PSAP;KRAS;ACACB,GO:BP,Cancer_vs_Healthy
GOBP_REGULATION_OF_OSSIFICATION,0.28831041257367385,0.5109747619767265,0.031211113712682936,0.4556536674696014,1.1565323422367053,10,COMP;PTPN11;LTF;ACTN3;MAPK3;ECM1,GO:BP,Cancer_vs_Healthy
GOBP_INTRACELLULAR_LIPID_TRANSPORT,0.28870405151596457,0.5111481567823635,0.04155875889675386,-0.37223357824865594,-1.1336753264957722,13,CPT2;VPS4A;CPT1B;SLC25A20;CPT1A,GO:BP,Cancer_vs_Healthy
GOBP_MITOTIC_CYTOKINETIC_PROCESS,0.28939418031483544,0.5118455922047448,0.03059080048886529,0.41071607093553475,1.1474387712135174,14,ARF1;RHOA;IQGAP1,GO:BP,Cancer_vs_Healthy
GOBP_REGULATION_OF_PROTEIN_BINDING,0.2897754044290875,0.5119958065986331,0.03033632400642057,0.39652179791781,1.1451939749416213,16,ADD1;EPB41;RAN;FLOT1,GO:BP,Cancer_vs_Healthy
GOBP_GOLGI_VESICLE_TRANSPORT,0.29186189889025893,0.5151556295019075,0.025911138821057257,0.2668092566089426,1.1078414678089887,88,ATL3;RAB1A;ANK1;SPTBN1;AP2A1;RAB8A;SEC22B;CORO7;LAMP1;SNX1;VCP;RAB1B;SNAP23;RAB14;SNX2;COPE;EPS15;VAMP2;BCAP31;NAPA;P4HB;COPA;SURF4;TMED9;SNX3;PITPNB;HYOU1;TMED7;RAB10;PDCD6;LMAN2;SEC31A;TMED2;AP1G1;SNX12;SCAMP3;COPG1;ARF5;ARF4;VAMP3;TFG,GO:BP,Cancer_vs_Healthy
GOBP_CIRCADIAN_RHYTHM,0.2960314622810154,0.5219820069608109,0.048032517383238445,-0.25988331324671027,-1.0924226625768003,38,PLN;UBE3A;IMPDH2;PRKDC;PRMT5;DDB1;MAPK9;FXR1;PSPC1;PRKAA1;USP9X;NDUFA9;PPP1CB;PARP1;PRKAA2;CCAR2;PRKG1;GSK3B;USP7,GO:BP,Cancer_vs_Healthy
GOBP_REGULATION_OF_EPITHELIAL_CELL_APOPTOTIC_PROCESS,0.2966601178781925,0.5219997063372731,0.0306732603982164,0.4521310651935827,1.1475913334137617,10,YAP1;GSN;CAST,GO:BP,Cancer_vs_Healthy
GOBP_RNA_LOCALIZATION,0.29658968850698175,0.5219997063372731,0.027098137822769888,0.2975586397169409,1.1155639066910115,49,DDX19B;HNRNPA2B1;NUTF2;HNRNPA1;PABPN1;RAN;FLOT1;ALYREF;AGFG1;DDX39B;KPNB1;MVP;CCT2;KHSRP;RUVBL1;RBM8A;RUVBL2;CCT7;SRSF3;CCT3;RTRAF;SSB;CCT4;KHDRBS1;CCT6A,GO:BP,Cancer_vs_Healthy
GOBP_STEROID_METABOLIC_PROCESS,0.29694774961200204,0.5219997063372731,0.02643086341554293,0.28144498166412635,1.1090096734388988,64,CAT;AGT;APOE;APOL1;AKR1C1;HDLBP;AKR1C3;NPC2;AKR1C2;ACADL;SULT1A1;APOC1;ASAH1;G6PD;CBR1;GNAI1;YWHAH,GO:BP,Cancer_vs_Healthy
GOBP_SODIUM_ION_TRANSMEMBRANE_TRANSPORT,0.29766162310866573,0.5227228503371691,0.04142938482522157,-0.34127999061798103,-1.1129623627749707,16,CAMK2D;ATP1A2;ATP1A1;ATP1B1;CHP1;SLMAP;FXYD1;DMD;SNTA1,GO:BP,Cancer_vs_Healthy
GOBP_AMYLOID_BETA_FORMATION,0.30100816130580893,0.5280630484633887,0.029978163323589407,0.42614711408042427,1.145710690658066,12,CLU;APOE;PICALM,GO:BP,Cancer_vs_Healthy
GOBP_CELLULAR_RESPONSE_TO_OXIDATIVE_STRESS,0.3014230271668823,0.5282251808455739,0.026179316977597837,0.28132420445498263,1.1066798206136435,63,SNCA;CAT;SOD1;SOD3;PRDX2;CCS;PPIA;TXN;CD36;CFL1;GPX1;MGST1;G6PD;CYGB;AQP1,GO:BP,Cancer_vs_Healthy
GOBP_REGULATION_OF_EXTENT_OF_CELL_GROWTH,0.3017119522538087,0.5282251808455739,0.02959117432524059,0.39281568299991054,1.134490350332062,16,APOE;FN1;CTTN,GO:BP,Cancer_vs_Healthy
GOBP_CELLULAR_RESPONSE_TO_TOPOLOGICALLY_INCORRECT_PROTEIN,0.3020833333333333,0.52834008097166,0.04512135727562943,-0.2850510450132224,-1.09767375816956,28,EIF2S1;COPS5;STUB1;OPTN;RNF7;UFD1;CUL3,GO:BP,Cancer_vs_Healthy
GOBP_POSITIVE_REGULATION_OF_UBIQUITIN_DEPENDENT_PROTEIN_CATABOLIC_PROCESS,0.3025663458734325,0.5286497933966546,0.028199018407186534,0.3455434943393765,1.1271807780271415,26,CLU;TF;GCLC;SUMO2;VCP;USP5;BCAP31,GO:BP,Cancer_vs_Healthy
GOBP_TETRAPYRROLE_BIOSYNTHETIC_PROCESS,0.30309914002920657,0.5290457716873423,0.030106395076024882,0.43693094911581515,1.1416489669485455,11,UROD;ALAD;HMBS,GO:BP,Cancer_vs_Healthy
GOBP_PERIPHERAL_NERVOUS_SYSTEM_DEVELOPMENT,0.3065015479876161,0.5344446770157423,0.028164761711947144,0.35082257551671103,1.1245352413299377,24,SOD1;ILK;NDRG1;COL6A1;LAMB2,GO:BP,Cancer_vs_Healthy
GOBP_MYELOID_LEUKOCYTE_MEDIATED_IMMUNITY,0.30736610648657137,0.5354119274282211,0.029252283979263098,0.390947948132725,1.1290961482278623,16,C3;IGHG1;SNAP23;VAMP2;S100A13;CTSG;PTGDS,GO:BP,Cancer_vs_Healthy
GOBP_NEGATIVE_REGULATION_OF_TRANSMEMBRANE_RECEPTOR_PROTEIN_SERINE_THREONINE_KINASE_SIGNALING_PATHWAY,0.3078915295551493,0.5357870725793534,0.02867052823766067,0.37162446990839293,1.1232862155865608,19,FBN1;CAV1;CAV2;ASPN;NCLN;FKBP1A,GO:BP,Cancer_vs_Healthy
GOBP_NEGATIVE_REGULATION_OF_MONOATOMIC_ION_TRANSMEMBRANE_TRANSPORT,0.3097209444955535,0.5384283622618877,0.04305409842648076,-0.30611731657852154,-1.0970759535092138,22,ANK3;PLN;CAMK2D;ATP1A2;UBQLN1;BIN1;VDAC1,GO:BP,Cancer_vs_Healthy
GOBP_CELLULAR_RESPONSE_TO_GLUCOCORTICOID_STIMULUS,0.3116552711082843,0.5406826405798554,0.029224431605643232,0.4035088799617578,1.127303668304068,14,SERPINF1;ANXA1;AQP1;UBE2L3;HMGCS2;GSK3A,GO:BP,Cancer_vs_Healthy
GOBP_MULTICELLULAR_ORGANISM_GROWTH,0.3119563614919652,0.5406826405798554,0.027852104167858587,0.3493982385436192,1.1199696368519139,24,SOD1;PPIB;GNAS;CLIC4;COMP;PTPN11,GO:BP,Cancer_vs_Healthy
GOBP_NEGATIVE_REGULATION_OF_CANONICAL_NF_KAPPAB_SIGNAL_TRANSDUCTION,0.3117789106519989,0.5406826405798554,0.039797484896446904,-0.3638236239215753,-1.1080619528650926,13,NLRX1;OPTN;PPM1B;PPM1A;STAT3,GO:BP,Cancer_vs_Healthy
GOBP_STEM_CELL_DIFFERENTIATION,0.31306081754735793,0.5420531991200747,0.027185043902192462,0.3283928512360501,1.109823558789648,30,A2M;FN1;YAP1;CORO1C;ITGB1;CFL1;CDC42;NRP1;RPS7,GO:BP,Cancer_vs_Healthy
GOBP_AMYLOID_BETA_METABOLIC_PROCESS,0.31349144023873093,0.5422554641967238,0.02889471919783897,0.3890757209563257,1.1236889718925558,16,CLU;APOE;PICALM;CD36;APEH;MME;RTN3;GSK3A;CASP3,GO:BP,Cancer_vs_Healthy
GOBP_REGULATION_OF_CELLULAR_RESPONSE_TO_TRANSFORMING_GROWTH_FACTOR_BETA_STIMULUS,0.3147428229665072,0.5438755980861244,0.027944270816207612,0.36039856516497276,1.1181892232873911,21,LRG1;FBN1;CAV2;ASPN;SDCBP;FKBP1A;THBS1,GO:BP,Cancer_vs_Healthy
GOBP_AMINO_ACID_TRANSPORT,0.3160159362549801,0.5439962714208901,0.029012830724866483,0.41044112473494454,1.1257146371376983,13,SNCA;SFXN3;ITGB1;SEPTIN2,GO:BP,Cancer_vs_Healthy
GOBP_INTERMEDIATE_FILAMENT_BASED_PROCESS,0.3153784860557769,0.5439962714208901,0.029049387356143833,0.4105142460060387,1.1259151864496366,13,SOD1;VIM,GO:BP,Cancer_vs_Healthy
GOBP_MYELOID_CELL_ACTIVATION_INVOLVED_IN_IMMUNE_RESPONSE,0.3160719077005635,0.5439962714208901,0.03949038327447697,-0.3627060112706621,-1.1046581495519119,13,KARS1;DYSF;STX4,GO:BP,Cancer_vs_Healthy
GOBP_STRIATED_MUSCLE_CELL_PROLIFERATION,0.31548788474132283,0.5439962714208901,0.02953408644663027,0.44645632494790766,1.133187804820736,10,RBP4;YAP1;CAV2;MYH10;KRAS,GO:BP,Cancer_vs_Healthy
GOBP_ASTROCYTE_DIFFERENTIATION,0.31837505904581953,0.5447081702304225,0.028661639950348507,0.39355145509769407,1.1197405129017768,15,S100A9;S100A8;VIM;PTPN11;LAMB2;KRAS,GO:BP,Cancer_vs_Healthy
GOBP_CELLULAR_RESPONSE_TO_ALCOHOL,0.3191842900302115,0.5447081702304225,0.027877175483904146,0.36506945274575503,1.116521544362909,20,GNB1;AKR1C3;AKR1C2;GNAS;CTNNA1;GNG2;GNAI1;SOD2,GO:BP,Cancer_vs_Healthy
GOBP_FERTILIZATION,0.31702741702741705,0.5447081702304225,0.027192973763517998,0.33312555743509736,1.107647773005338,28,CD9;PITHD1;COL6A1;MYH9;CLIC4;AP3B1,GO:BP,Cancer_vs_Healthy
GOBP_MONOATOMIC_ANION_TRANSPORT,0.3193225558121632,0.5447081702304225,0.028207596713198762,0.37406866845029085,1.1151981933706874,18,CLIC1;APOL1;CA2;CLIC4;RAB11B;CLIC2,GO:BP,Cancer_vs_Healthy
GOBP_NUCLEOSOME_ORGANIZATION,0.3184119371169731,0.5447081702304225,0.039170573577989184,-0.3738501409003923,-1.1071229282946966,12,NAP1L4;RBBP4;MCM3AP,GO:BP,Cancer_vs_Healthy
GOBP_ORGANIC_ACID_TRANSPORT,0.3187914916677957,0.5447081702304225,0.026011943452914618,0.29809243492808857,1.0990921576057968,45,SNCA;APOE;SLC2A1;SFXN3;ANXA1;AKR1C1;FABP4;CD36;ITGB1;FABP5;SEPTIN2;PSAP;THBS1,GO:BP,Cancer_vs_Healthy
GOBP_REGULATION_OF_AXON_EXTENSION,0.31916233663989924,0.5447081702304225,0.028617288909743265,0.39320337376063946,1.1187501448829664,15,APOE;FN1;CTTN,GO:BP,Cancer_vs_Healthy
GOBP_REGULATION_OF_ERYTHROCYTE_DIFFERENTIATION,0.3184119371169731,0.5447081702304225,0.039170573577989184,-0.37384125303680693,-1.1070966077012758,12,PRMT1;PRKDC;MAPK14;STAT5B;STAT3;HSPA9,GO:BP,Cancer_vs_Healthy
GOBP_REGULATION_OF_NEUROTRANSMITTER_SECRETION,0.31712508185985594,0.5447081702304225,0.029439483401392883,0.44564630479759904,1.1311318255352014,10,SNCA;RAP1B;SNCG,GO:BP,Cancer_vs_Healthy
GOBP_POSITIVE_REGULATION_OF_CHEMOTAXIS,0.3200923787528868,0.5454828703007776,0.028164761711947144,0.3737789129474295,1.1143343551490879,18,CTTN;HMGB1;CALR;THBS4;THBS1;NRP1;ADAM10;LGMN;MAPK3,GO:BP,Cancer_vs_Healthy
GOBP_NEURON_PROJECTION_ORGANIZATION,0.32183176975671807,0.5479066976744914,0.02864388147715409,0.3996689744474022,1.1165759252797152,14,APOE;CTTN;ARF1;CFL1;CDC42;LGMN;EEF2K;VPS35,GO:BP,Cancer_vs_Healthy
GOBP_CELLULAR_RESPONSE_TO_CAMP,0.3231872509960159,0.5491323202764165,0.02860843672901183,0.40754805129638844,1.1177798203763416,13,RAP1B;GPD1;AQP1;DMTN;EZR;EEF2K;IGFBP5,GO:BP,Cancer_vs_Healthy
GOBP_RNA_SPLICING_VIA_TRANSESTERIFICATION_REACTIONS,0.3230492351201954,0.5491323202764165,0.024905402266195587,0.2736714747417223,1.0862080319574694,67,HNRNPH1;HNRNPA2B1;PTBP1;HNRNPA1;HNRNPK;HNRNPF;HNRNPA3;LSM6;DDX39B;HNRNPL;HNRNPC;HNRNPH3;SFPQ;PRDX6;HNRNPM;HNRNPR;SF3B2;HSPA8;DAZAP1;SNRNP70;KHSRP;RBM3;SYNCRIP;SRSF6;RBMX;TRA2B;SRSF2;NCL;RBM8A;HNRNPUL1,GO:BP,Cancer_vs_Healthy
GOBP_ICOSANOID_BIOSYNTHETIC_PROCESS,0.3235808554619176,0.5492610198803474,0.02854663882700978,0.3991153029478187,1.1150291045193517,14,AKR1C3;GGT5;FABP5;CBR1;PTGDS;MIF;PTGIS;LTA4H,GO:BP,Cancer_vs_Healthy
GOBP_NEGATIVE_REGULATION_OF_MONOATOMIC_ION_TRANSPORT,0.3276081424936387,0.5534954019073569,0.04258639870075112,-0.2854476815248424,-1.0800716145910276,26,ANK3;PLN;CAMK2D;ATP1A2;UBQLN1;CASQ2;BIN1;VDAC1,GO:BP,Cancer_vs_Healthy
GOBP_POSITIVE_REGULATION_OF_GROWTH,0.32781502257490763,0.5534954019073569,0.025704857426621194,0.2979369462324494,1.0875257583309141,43,S100A9;FN1;YAP1;S100A8;PPIB;MTPN;SDCBP;CFL1;CRK;CDC42;MAP1B;NRP1;ACACB;EZR;ADAM10,GO:BP,Cancer_vs_Healthy
GOBP_PROTEIN_IMPORT_INTO_MITOCHONDRIAL_MATRIX,0.32734102495304535,0.5534954019073569,0.03871192380368308,-0.36010133630136165,-1.096725346283249,13,TIMM50;SAMM50;TIMM44;ROMO1;TOMM22;HSPA4;TOMM70;DNAJC19,GO:BP,Cancer_vs_Healthy
GOBP_REGULATION_OF_MITOTIC_CELL_CYCLE_PHASE_TRANSITION,0.3279972752043597,0.5534954019073569,0.04420785668683543,-0.26880285517577773,-1.0730648246886185,32,DYNC1LI1;EIF4G1;FHL1;VPS4A;HSPA2;PRKDC;CUL4A;DDB1;PPP2CA,GO:BP,Cancer_vs_Healthy
GOBP_TRANSFORMING_GROWTH_FACTOR_BETA_RECEPTOR_SIGNALING_PATHWAY,0.32762524766487405,0.5534954019073569,0.026289678496054337,0.3200393211030177,1.0986410341727604,32,LRG1;FBN1;CAV2;ZYX;ASPN;SDCBP;ITGB1;FKBP1A;THBS1;FERMT2,GO:BP,Cancer_vs_Healthy
GOBP_UNSATURATED_FATTY_ACID_METABOLIC_PROCESS,0.32746024924795875,0.5534954019073569,0.02650580690551533,0.3280922315135869,1.1006221704178385,29,AKR1C1;AKR1C3;MGLL;AKR1C2;GPX1;FABP5;CBR1;PTGDS;EPHX1;MIF;PTGIS;SCP2,GO:BP,Cancer_vs_Healthy
GOBP_POSITIVE_REGULATION_OF_CHROMOSOME_ORGANIZATION,0.3305921052631579,0.5573299101412067,0.02708239988521872,0.35492971930272965,1.1012213296883118,21,HNRNPA2B1;HNRNPA1;SFPQ;CCT2;HSP90AA1;MAPK3;RUVBL1;RUVBL2;CCT7;CCT3;CCT4;CCT6A,GO:BP,Cancer_vs_Healthy
GOBP_CELL_COMMUNICATION_INVOLVED_IN_CARDIAC_CONDUCTION,0.3333333333333333,0.5610358234496918,0.03876624845838254,-0.341338545188242,-1.0863838161347674,15,CAMK2D;ATP1A2;ATP1A1;ATP1B1;CASQ2;CACNA2D1,GO:BP,Cancer_vs_Healthy
GOBP_ORGANIC_ACID_TRANSMEMBRANE_TRANSPORT,0.3334396936821953,0.5610358234496918,0.04224414101408508,-0.28104117134815754,-1.075038729486223,27,MPC2;ATP1A2;CPT2;SLC25A11;CPT1B;SLC25A20;SLC16A1;CPT1A;SLC25A13,GO:BP,Cancer_vs_Healthy
GOBP_IMP_METABOLIC_PROCESS,0.3344355219650449,0.5610724096656288,0.027785484041834584,0.38822929846972754,1.1045978058550872,15,PNP;HPRT1,GO:BP,Cancer_vs_Healthy
GOBP_PROSTANOID_METABOLIC_PROCESS,0.3339427178549665,0.5610724096656288,0.02723269681365396,0.364287017243506,1.1011077529088527,19,AKR1C1;AKR1C3;AKR1C2;FABP5;CBR1;PTGDS;MIF;PTGIS,GO:BP,Cancer_vs_Healthy
GOBP_REGULATION_OF_CYTOPLASMIC_PATTERN_RECOGNITION_RECEPTOR_SIGNALING_PATHWAY,0.3341313269493844,0.5610724096656288,0.043855804313702285,-0.26620574233458666,-1.0699933505770003,33,MAVS;MARCHF5;NLRX1;UBQLN1;PRKDC;C1QBP;PPP2CA;UFD1;NPLOC4,GO:BP,Cancer_vs_Healthy
GOBP_CALCIUM_ION_REGULATED_EXOCYTOSIS,0.33546168958742634,0.5622481082512829,0.02842391384064563,0.43881756553219,1.1137992363759708,10,GNAI2;RAP1B;MYH9;VAMP2,GO:BP,Cancer_vs_Healthy
GOBP_REGULATION_OF_AEROBIC_RESPIRATION,0.33653384541526643,0.5629530347314428,0.027961099129504233,0.4136659819584664,1.1121547518023023,12,SNCA;RHOA;VCP,GO:BP,Cancer_vs_Healthy
GOBP_REGULATION_OF_CARDIAC_MUSCLE_CONTRACTION_BY_REGULATION_OF_THE_RELEASE_OF_SEQUESTERED_CALCIUM_ION,0.33634620651876196,0.5629530347314428,0.03856798792293859,-0.3407889911873945,-1.084634741554621,15,PLN;CAMK2D;ATP1A2;CASQ2;ANK2;DMD;HRC,GO:BP,Cancer_vs_Healthy
GOBP_ESTABLISHMENT_OF_ORGANELLE_LOCALIZATION,0.33736854976766933,0.5635398560446099,0.023375259707737385,0.25646676014133263,1.0741634952788948,93,SNCA;RAB1A;ACTN4;MYO1C;STAM;MYH9;SDCBP;ITGB1;CFL1;YWHAZ;RAN;LAMP1;RAB11B;MYH10;AP3B1;RAB7A;SNAP23;EIF6;MAPRE1;CDC42;VAMP2;S100A13;PTGDS;MAP1B;KPNB1,GO:BP,Cancer_vs_Healthy
GOBP_POSITIVE_REGULATION_OF_TOR_SIGNALING,0.3375368929433861,0.5635398560446099,0.038039947696845454,-0.3568475282929171,-1.0868155421390786,13,LARS1;PRMT1;CUL3;MAT2A;USP9X;LAMTOR2,GO:BP,Cancer_vs_Healthy
GOBP_CARDIAC_MYOFIBRIL_ASSEMBLY,0.3387262455059065,0.5649796836237514,0.03701975102445612,-0.39403815153688704,-1.0919187479904666,10,ADPRHL1;CSRP3,GO:BP,Cancer_vs_Healthy
GOBP_REGULATION_OF_PROTEOLYSIS_INVOLVED_IN_PROTEIN_CATABOLIC_PROCESS,0.33907536415452816,0.565016614521721,0.02386460346086998,0.2668999260573881,1.0749559660229637,73,CLU;APOE;TF;ALAD;GCLC;SUMO2;CAV1;PITHD1;PSME2;GPX1;RPL23;PSMF1;PSME1;VCP;USP5,GO:BP,Cancer_vs_Healthy
GOBP_REGULATION_OF_RUFFLE_ASSEMBLY,0.34037328094302555,0.5666329763675801,0.028164761711947144,0.43703842292689377,1.1092834470575108,10,CAV1;CORO1C;RHOG;PFN1,GO:BP,Cancer_vs_Healthy
GOBP_CELLULAR_RESPONSE_TO_REACTIVE_OXYGEN_SPECIES,0.3416504042375244,0.5676652870408098,0.02532268778002459,0.30785491097623585,1.088307911513011,37,CAT;SOD1;SOD3;PRDX2;CCS;TXN;CD36;CFL1;CYGB;AQP1,GO:BP,Cancer_vs_Healthy
GOBP_FORMATION_OF_PRIMARY_GERM_LAYER,0.3413897280966767,0.5676652870408098,0.027595843858203996,0.3940472215322965,1.1008701428342376,14,FN1;COL6A1;MYH9;ITGB1;ITGA7;LAMB1;COL4A2,GO:BP,Cancer_vs_Healthy
GOBP_REGULATION_OF_MONOATOMIC_ION_TRANSPORT,0.342906234658812,0.5692045854855208,0.023172164446044335,0.2563342939182339,1.070251959025231,91,SNCA;AGT;STOM;THY1;EPB41;SRI;FLNA;CA2;B2M;GNAI2;ACTN4;CAV1;ATP2B4;AHNAK;LGALS3;YWHAQ;GNB2;CALM1;RAB11B;G6PD;FKBP1A;CLIC2;VAMP2;YWHAH,GO:BP,Cancer_vs_Healthy
GOBP_POSITIVE_REGULATION_OF_BLOOD_VESSEL_ENDOTHELIAL_CELL_MIGRATION,0.3439751146037983,0.5698839866110867,0.02797794933819362,0.4352948272706054,1.104857882396791,10,ANXA1;HMGB1;THBS1;NRP1,GO:BP,Cancer_vs_Healthy
GOBP_POSITIVE_REGULATION_OF_LEUKOCYTE_PROLIFERATION,0.3439577039274924,0.5698839866110867,0.026573636048484863,0.3574573454209841,1.0932408185662525,20,PNP;ANXA1;CD81,GO:BP,Cancer_vs_Healthy
GOBP_AMIDE_BIOSYNTHETIC_PROCESS,0.34512922465208745,0.5712483718379379,0.04680967681260027,-0.23321008532238757,-1.0492997742757237,51,ACSL3;MPC2;ACACA;DLAT;PDHX;DLD;PDHB;MMUT;PDHA1;FH;PANK4;ACAT1;MECR;GCDH;PRKAA1,GO:BP,Cancer_vs_Healthy
GOBP_REGULATION_OF_ACTION_POTENTIAL,0.34639119935605045,0.572788509557182,0.0374794960289456,-0.35385938877641243,-1.077714858482524,13,CAMK2D;ATP2A2;CASQ2;CACNA2D1;BIN1;CACNB3;ANK2,GO:BP,Cancer_vs_Healthy
GOBP_REGULATION_OF_D_GLUCOSE_TRANSMEMBRANE_TRANSPORT,0.3475034781264492,0.5740784036352813,0.026794688903047145,0.3712754653964564,1.090963000331445,17,C3;PEA15;SORBS1;PTPN11;FABP5,GO:BP,Cancer_vs_Healthy
GOBP_REGULATION_OF_DNA_REPAIR,0.34863314208572393,0.5753945267661231,0.04251737392465438,-0.26685673626359996,-1.056035683125188,31,RPS3;C11orf54;PRMT1;PRKDC;FH;CUL4A;C1QBP,GO:BP,Cancer_vs_Healthy
GOBP_REGULATION_OF_ALCOHOL_BIOSYNTHETIC_PROCESS,0.3491758681389022,0.5757403627328465,0.02731251387593694,0.4095257400078809,1.101023573605935,12,SNCA;APOE,GO:BP,Cancer_vs_Healthy
GOBP_INORGANIC_ANION_TRANSPORT,0.34997614883129274,0.5759607477909274,0.0271612837153758,0.3910312003114811,1.0924441280555037,14,CLIC1;APOL1;CA2;CLIC4,GO:BP,Cancer_vs_Healthy
GOBP_RETROGRADE_VESICLE_MEDIATED_TRANSPORT_GOLGI_TO_ENDOPLASMIC_RETICULUM,0.34997614883129274,0.5759607477909274,0.0271612837153758,0.3910393559594337,1.0924669129118252,14,SEC22B;COPE;COPA;PITPNB;LMAN2;ARF5;ARF4;RAB6A;TMED10;COPZ1;ERGIC1,GO:BP,Cancer_vs_Healthy
GOBP_POSITIVE_REGULATION_OF_SECRETION,0.3512067840834964,0.5763393379831736,0.023773628252804647,0.27597934719699246,1.0736241690816937,59,SNCA;RBP4;S100A8;ANXA2;S100A10;STAM;PPIA;PSMD9;SDCBP;PTPN11;LAMP1;MYH10;RAB7A;AQP1,GO:BP,Cancer_vs_Healthy
GOBP_PROTEIN_K48_LINKED_UBIQUITINATION,0.3509354254677127,0.5763393379831736,0.03977811367938056,-0.3006472604432047,-1.0669094606286647,21,MARCHF5;UBE3A;UBE2K;UBE3C;CUL1;CUL3;UBE2D1,GO:BP,Cancer_vs_Healthy
GOBP_RESPONSE_TO_COLD,0.35061213857775464,0.5763393379831736,0.036589405686720144,-0.37483973056449227,-1.078108843774783,11,ACADVL;CIRBP;HSPA2;PRKAA1;ACADM,GO:BP,Cancer_vs_Healthy
GOBP_PROTEIN_LOCALIZATION_TO_NUCLEUS,0.3518078318528713,0.5767779254665669,0.0230690057152936,0.26164181574311923,1.0677622389493744,79,YAP1;FLNA;NUTF2;APOD;TXN;CTNNA1;ELAVL1;CD36;UFM1;CFL1;YWHAZ;RPL23;YWHAB;RAN;CALR;FERMT2;KPNB1;TNPO1;RAB23;YWHAE;CCT2;LMNA;HSP90AA1;EPM2A;RANGAP1,GO:BP,Cancer_vs_Healthy
GOBP_REGULATION_OF_NEUROTRANSMITTER_TRANSPORT,0.35250996015936253,0.5773812428013066,0.027074538166691992,0.39818105142503635,1.0920890008512332,13,SNCA;RAP1B;SNCG;ITGB1;FLOT1,GO:BP,Cancer_vs_Healthy
GOBP_MITOTIC_CYTOKINESIS,0.3542062911485004,0.5791979004224804,0.02552970151330516,0.33426988886463715,1.0825056667462971,25,SPTBN1;ARF1;RHOA;IQGAP1;CFL1;MYH10;RHOC;STMN1;SNX9;POLDIP2,GO:BP,Cancer_vs_Healthy
GOBP_REGULATION_OF_LIPID_STORAGE,0.35428945645055665,0.5791979004224804,0.027457446786596337,0.432072975069015,1.0966802322667293,10,C3;EHD1;CD36,GO:BP,Cancer_vs_Healthy
GOBP_RESPONSE_TO_ORGANOPHOSPHORUS,0.35515258735072974,0.5800601804745378,0.025613471972248752,0.33836590090636154,1.0846063126728063,24,SOD1;RAP1B;GPD1;HSP90B1;AQP1;DMTN;EZR;STAT1;EEF2K;HMGCS2;ASPH;IGFBP5,GO:BP,Cancer_vs_Healthy
GOBP_REGULATION_OF_CARDIAC_MUSCLE_CONTRACTION,0.3555979643765903,0.5802391713340397,0.0406742665845581,-0.27982998744406523,-1.0588154884817134,26,PLN;CAMK2D;ATP1A2;ATP1B1;ATP2A2;CASQ2;BIN1,GO:BP,Cancer_vs_Healthy
GOBP_BROWN_FAT_CELL_DIFFERENTIATION,0.36313032089063524,0.5914130014128347,0.0270274690166304,0.42880276795884864,1.0883798485351044,10,LRG1;FABP4,GO:BP,Cancer_vs_Healthy
GOBP_REGULATION_OF_ERBB_SIGNALING_PATHWAY,0.36311640129850054,0.5914130014128347,0.026040893178506275,0.3675713926848361,1.0800788815152447,17,AGT;ITGA1;RAB7A;MVP;SNX5;LGMN,GO:BP,Cancer_vs_Healthy
GOBP_NEGATIVE_REGULATION_OF_OXIDATIVE_STRESS_INDUCED_INTRINSIC_APOPTOTIC_SIGNALING_PATHWAY,0.3646983517362778,0.5933695204967508,0.026558531601445497,0.40440180257681074,1.087247697390727,12,FBXO7;PPIA;GPX1;SOD2;NONO,GO:BP,Cancer_vs_Healthy
GOBP_SPERM_EGG_RECOGNITION,0.36501840294447113,0.5933695204967508,0.02654344507509834,0.40418152929937384,1.0866554853576353,12,CD9;CCT2;ALDOA;CCT7;CCT3;CCT4,GO:BP,Cancer_vs_Healthy
GOBP_RESPONSE_TO_RADIATION,0.36656111462951235,0.5947583155678848,0.022609715273702067,0.26216435110154057,1.0558831448853412,73,CAT;RBP4;TTR;YAP1;ALAD;COL6A2;TNKS1BP1;COL6A1;TXN;ITGB1;GPX1;CRIP1;MFAP4;AQP1;GNAQ;COL6A3;KRAS;SOD2;PPP1CC;DYNLRB1;LZIC,GO:BP,Cancer_vs_Healthy
GOBP_SMOOTHENED_SIGNALING_PATHWAY,0.366542268375791,0.5947583155678848,0.02671038902517551,0.413143769853044,1.0794958768849614,11,CTNNA1;SEPTIN2;VCP,GO:BP,Cancer_vs_Healthy
GOBP_REGULATION_OF_PROTEIN_IMPORT_INTO_NUCLEUS,0.36837294332723947,0.5971373790520355,0.025550591846242005,0.3558337627733883,1.0755566253809228,19,FLNA;APOD;CD36;UFM1;YWHAB;RAN;RAB23;HSP90AA1;EPM2A,GO:BP,Cancer_vs_Healthy
GOBP_NEGATIVE_REGULATION_OF_PHOSPHORUS_METABOLIC_PROCESS,0.369769313304721,0.5982784395042677,0.023386966903810348,0.2820163406246176,1.0612453709741803,50,FBLN1;AGT;APOE;THY1;PPIA;CORO1C;IQGAP1;APOC1;PGK1;DMTN;NIBAN1;MVP;ACTN3;EPM2A,GO:BP,Cancer_vs_Healthy
GOBP_POSITIVE_REGULATION_OF_PROTEIN_CATABOLIC_PROCESS,0.3696020874103066,0.5982784395042677,0.02294973725818802,0.2725388947727765,1.0602400049667704,59,CLU;APOE;TF;CD81;MSN;GCLC;SUMO2;CAV1;SEC22B;SNX1;VCP;RAB7A;USP5;BCAP31;SNX9;EZR;RAD23A;HSP90AA1;DNAJB2,GO:BP,Cancer_vs_Healthy
GOBP_TRNA_MODIFICATION,0.37057010785824346,0.5990132332825489,0.03513920259142528,-0.38388829824089277,-1.0637924991487693,10,HSD17B10;TPRKB;TRMT112;SARS1;AARS1;AKT1;TRMT10C,GO:BP,Cancer_vs_Healthy
GOBP_REGULATION_OF_CELL_CYCLE_G1_S_PHASE_TRANSITION,0.37190332326283987,0.6004423771118321,0.025247630726912614,0.3500602777725499,1.070617766069065,20,FBXO7;ANXA1;ATP2B4;PSME2;ACTB;PSME1;GPNMB,GO:BP,Cancer_vs_Healthy
GOBP_RIBOSOME_DISASSEMBLY,0.3721491816474376,0.6004423771118321,0.03595888093431051,-0.34727125763245165,-1.0576500331629837,13,HBS1L;MCTS1;DENR,GO:BP,Cancer_vs_Healthy
GOBP_MAINTENANCE_OF_CELL_NUMBER,0.3735193899075126,0.6020909568658412,0.026386108727861166,0.4113728481793122,1.0748686677036157,11,YAP1;ELAVL1;ACTB,GO:BP,Cancer_vs_Healthy
GOBP_COGNITION,0.3742212377128617,0.6022489352792786,0.023707336098838957,0.29817566160692693,1.0671184325616676,39,APOE;SERPINF1;B2M;CYFIP1;GNAS;PICALM;ITGB1;HLA-DRA;KRAS;CBR3;MME;LGMN;EPM2A;GMFB;PPT1;S100B,GO:BP,Cancer_vs_Healthy
GOBP_NON_PROTEINOGENIC_AMINO_ACID_METABOLIC_PROCESS,0.3743144424131627,0.6022489352792786,0.025281691851261074,0.35414412216850943,1.070449453613618,19,DDAH2;PHGDH;ATP2B4;MPST;ALDH1A1;P4HB,GO:BP,Cancer_vs_Healthy
GOBP_MONOCARBOXYLIC_ACID_TRANSPORT,0.37563280458994264,0.6034781320813402,0.04077703825070863,-0.26180450588135395,-1.036042425178157,31,EPRS1;ACSL3;FIS1;MPC2;CPT2;CPT1B;SLC25A20;SLC16A1,GO:BP,Cancer_vs_Healthy
GOBP_PROTEIN_LOCALIZATION_TO_CHROMOSOME,0.3757768924302789,0.6034781320813402,0.02597584934189349,0.3906548560162059,1.0714469456986209,13,LEMD2;VCP;TPP1;WBP2;RPA2;BUB3;RUVBL2,GO:BP,Cancer_vs_Healthy
GOBP_POSITIVE_REGULATION_OF_TRANSPORTER_ACTIVITY,0.37651494748182063,0.6041019770181857,0.03579420526732726,-0.3399921188810602,-1.059881447137455,14,STIM1;CHP1;CACNB3;NIPSNAP2;STAC3;ATP2A1;CASQ1,GO:BP,Cancer_vs_Healthy
GOBP_MICROTUBULE_BUNDLE_FORMATION,0.37801746276322545,0.6048279404211607,0.0347322242247581,-0.38250342354178657,-1.0599548741835882,10,MAP1S;CLIP1;CHP1,GO:BP,Cancer_vs_Healthy
GOBP_NEGATIVE_REGULATION_OF_ERBB_SIGNALING_PATHWAY,0.37790037319487263,0.6048279404211607,0.02618664456518662,0.41030614261822423,1.0720814920541941,11,ITGA1;RAB7A;MVP;SNX5;LGMN,GO:BP,Cancer_vs_Healthy
GOBP_POSITIVE_REGULATION_OF_RESPONSE_TO_ENDOPLASMIC_RETICULUM_STRESS,0.37750385208012327,0.6048279404211607,0.034759926370793705,-0.3826661962476733,-1.0604059334744858,10,USP13;STUB1;UBQLN1,GO:BP,Cancer_vs_Healthy
GOBP_REGULATION_OF_CELL_DIVISION,0.3791866028708134,0.6061373263281827,0.024754079235472817,0.34285537743397704,1.063758919287908,21,CAT;RHOA;PPBP;CALM1;THBS4;CDC42;POLDIP2;SVIL,GO:BP,Cancer_vs_Healthy
GOBP_PROTEIN_DEACYLATION,0.38109345542687856,0.6084257116378939,0.035543291025172744,-0.33809739366700337,-1.0539748863959546,14,MAPT;LYPLA2;SIRT5;PRKAA1;NNMT;ABHD10;PRKAA2;CCAR2;SIRT2,GO:BP,Cancer_vs_Healthy
GOBP_REGULATION_OF_MUSCLE_HYPERTROPHY,0.38132236441194395,0.6084257116378939,0.02497177154019651,0.35198666802380996,1.0639282509003025,19,AGT;ATP2B4;ARRB1;MTPN;G6PD;GLRX3;ACACB;LMNA,GO:BP,Cancer_vs_Healthy
GOBP_MICROTUBULE_POLYMERIZATION,0.38265475008275407,0.6084339157523677,0.039914216648410286,-0.26714258392971657,-1.037281814467162,29,MAPT;CLASP2;RPS3;MAPRE3;CLIP1;PPP2CA;DCTN1,GO:BP,Cancer_vs_Healthy
GOBP_NEURON_PROJECTION_GUIDANCE,0.38262839879154076,0.6084339157523677,0.02477371321237558,0.3472076905420613,1.0618934669636202,20,CYFIP1;TUBB2B;LAMB2;MYH10;RPL24;NRP1;VASP,GO:BP,Cancer_vs_Healthy
GOBP_PROTEIN_K63_LINKED_UBIQUITINATION,0.3818278710365041,0.6084339157523677,0.0352822347483627,-0.3544496443902293,-1.0496701359673413,12,MARCHF5;STUB1;PLAA,GO:BP,Cancer_vs_Healthy
GOBP_SINGLE_FERTILIZATION,0.3827359180687637,0.6084339157523677,0.024241615915929052,0.3273713147488967,1.0601651992931176,25,CD9;PITHD1;COL6A1;MYH9;AP3B1,GO:BP,Cancer_vs_Healthy
GOBP_POSITIVE_REGULATION_OF_HORMONE_SECRETION,0.3833488661074868,0.6088481991118908,0.038460913461631795,-0.2824398354369969,-1.042419039854008,24,MPC2;STX4;PRKAR1A;AIMP1;MCU;PFKM;PFKFB2;DYNLL1,GO:BP,Cancer_vs_Healthy
GOBP_IMMUNE_SYSTEM_DEVELOPMENT,0.383987915407855,0.6093031384984146,0.02471490382100219,0.34673708746939425,1.0604541833820325,20,SOD1;PRDX2;HLA-B;HMGB1;SAMHD1,GO:BP,Cancer_vs_Healthy
GOBP_NEGATIVE_REGULATION_OF_PROTEIN_SECRETION,0.3857236411263916,0.6109353362661821,0.025990274610846784,0.42082224545203767,1.068123822860318,10,APOE;PSMD9;PTPN11;GNAI1;HADH,GO:BP,Cancer_vs_Healthy
GOBP_POSITIVE_REGULATION_OF_SMOOTH_MUSCLE_CELL_PROLIFERATION,0.3857236411263916,0.6109353362661821,0.025990274610846784,0.4208817280413073,1.068274800550616,10,SERPINF2;GNAI2;THBS1,GO:BP,Cancer_vs_Healthy
GOBP_NEUROMUSCULAR_JUNCTION_DEVELOPMENT,0.3863697343708076,0.6113982609823769,0.03518196446444808,-0.3435520417281939,-1.0463227818053669,13,ANK3;DCTN1;AFG3L2;CACNA1S,GO:BP,Cancer_vs_Healthy
GOBP_REGULATION_OF_POST_TRANSLATIONAL_PROTEIN_MODIFICATION,0.38716913414087034,0.6121027116152095,0.04695800959711531,-0.21592076293592943,-1.0338647291366676,66,RPS2;VPS28;COPS7A;RPS3;AIMP2;UBE3A;COPS5;STUB1;UBQLN1;CHP1;GPS1;PLAA;MAPK9,GO:BP,Cancer_vs_Healthy
GOBP_ORGANELLE_DISASSEMBLY,0.3892576946288473,0.6148421355746326,0.03749617807355256,-0.29300159498777323,-1.0397772233510774,21,HBS1L;PRKAA1;PLIN3;MCTS1;DENR;KIF5B;PRKAA2;ABCE1,GO:BP,Cancer_vs_Healthy
GOBP_PEPTIDYL_SERINE_MODIFICATION,0.3900873138161274,0.6155898431728476,0.03409615515039353,-0.3788693058737688,-1.049884374160596,10,PRKDC;PFN2;ARAF;GSK3B;NTMT1;PRKACA,GO:BP,Cancer_vs_Healthy
GOBP_POSITIVE_REGULATION_OF_MUSCLE_CELL_DIFFERENTIATION,0.3906471421823335,0.6159108227108324,0.025119036825572916,0.3721891597547834,1.0589600806757236,15,NID1;LAMC1;LAMB2;SOD2;LMOD3;LAMB1;ACTN3,GO:BP,Cancer_vs_Healthy
GOBP_POSITIVE_REGULATION_OF_DNA_RECOMBINATION,0.391367840337498,0.6164846199664508,0.025592476967451525,0.40522281624276385,1.0587993605939472,11,ACTR2;ACTB;FUS,GO:BP,Cancer_vs_Healthy
GOBP_DEVELOPMENTAL_MATURATION,0.3925285754112071,0.6171877873617524,0.02304619855056558,0.29775195426775014,1.0525926205642588,37,C3;PICALM;RHOA;YWHAZ;G6PD;MTCH1;MAP1B;PFN1;CD63;LTF;ACTN3;AGO2,GO:BP,Cancer_vs_Healthy
GOBP_MACROMOLECULE_DEACYLATION,0.39249520679265953,0.6171877873617524,0.0352822347483627,-0.3270351664935565,-1.0408602169134027,15,MAPT;LYPLA2;SIRT5;PRKAA1;NNMT;ABHD10;PRKAA2;CCAR2;SIRT2,GO:BP,Cancer_vs_Healthy
GOBP_SUBSTANTIA_NIGRA_DEVELOPMENT,0.3940734188412207,0.6190535161432994,0.023888976975200323,0.32815057497689937,1.0518618577515906,24,RHOA;YWHAQ;ACTB;CALM1;CNP;G6PD;CDC42;YWHAH;GLUD1;YWHAE,GO:BP,Cancer_vs_Healthy
GOBP_CELL_FATE_COMMITMENT,0.3955789148245478,0.6208541006510615,0.024604571182951337,0.3576543423476041,1.050938429213093,17,LGALS1;RHOA;ITGB1;TNXB;CDC42;NRP1;RAB10;CTSL,GO:BP,Cancer_vs_Healthy
GOBP_CELLULAR_RESPONSE_TO_OXYGEN_LEVELS,0.3965455199712127,0.62180640518172,0.041005491118959264,-0.24386401034749866,-1.0307617744834083,39,FAM162A;NOL3;AIFM1;SDHD;STUB1;UBQLN1;ENDOG;PRKAA1;NPEPPS;PIN1;STAT3,GO:BP,Cancer_vs_Healthy
GOBP_PATTERN_SPECIFICATION_PROCESS,0.3975184545311764,0.6227291976006818,0.024786819729313906,0.36347346528660907,1.049747137945884,16,C3;NCLN;AP1B1;NRP1;TRA2B;TMED2;ASPH,GO:BP,Cancer_vs_Healthy
GOBP_RNA_SPLICING,0.39785476513376894,0.6227291976006818,0.02090356892786134,0.24918867332009653,1.0360951556537623,89,HNRNPH1;HNRNPA2B1;PTBP1;HNRNPA1;AHNAK;LGALS3;HNRNPK;HNRNPF;HNRNPA3;FUS;ALYREF;LSM6;DDX39B;HNRNPL;HNRNPC;HNRNPH3;SFPQ;PRDX6;HNRNPM;HNRNPR;SF3B2;HSPA8;RRAGC;DAZAP1;NONO;HNRNPH2;SNRNP70;KHSRP;RBM3;SYNCRIP;SRSF6;RBMX;TRA2B;SRSF2;NCL;RBM8A;HNRNPUL1,GO:BP,Cancer_vs_Healthy
GOBP_MEMBRANE_DEPOLARIZATION,0.3983668708078157,0.6229664730822674,0.023534252602530222,0.3202286938093679,1.0446025873667442,26,ALB;B2M;GCLC;CAV1;DCN;COL6A1;GCLM,GO:BP,Cancer_vs_Healthy
GOBP_DENDRITE_DEVELOPMENT,0.39881120860458535,0.6230974398451388,0.02303481080854086,0.30404926321567666,1.0437498611966252,32,APOE;HPRT1;PICALM;ITGB1;CFL1;CRK;CDC42;YWHAH;MAP1B;NRP1,GO:BP,Cancer_vs_Healthy
GOBP_MONOSACCHARIDE_METABOLIC_PROCESS,0.39978847170809095,0.6240600533979956,0.050466114765650466,-0.2001538904525054,-1.0199701629706908,89,ARPP19;SLC37A4;BCL2L13;ATP1A2;PFKL;SLC25A11;DLAT;HK1;GAA;PDHB;PDHA1;H6PD;FBP1;DDB1;MAPK14;CPT1A;PFKM;SLC25A13;PFKFB2;PRKAG1;ENO3;PKM;MDH2;GPD2;GALM;PRKAA1,GO:BP,Cancer_vs_Healthy
GOBP_POSITIVE_REGULATION_OF_TORC1_SIGNALING,0.40154543032240875,0.626236916603901,0.03425588822160245,-0.3484909628791658,-1.032024046795312,12,LARS1;PRMT1;CUL3;MAT2A,GO:BP,Cancer_vs_Healthy
GOBP_RESPONSE_TO_MECHANICAL_STIMULUS,0.4019370460048426,0.6262824305648044,0.023012066911078093,0.30872004220520055,1.0433381074534593,30,SLC2A1;GSN;GCLC;COL6A1;PTPN11;CNN2;AQP1;THBS1;MAP1B;PECAM1,GO:BP,Cancer_vs_Healthy
GOBP_LONG_CHAIN_FATTY_ACID_TRANSPORT,0.404380664652568,0.6295223319996734,0.02386460346086998,0.3423215779358886,1.0469498721162738,20,APOE;SLC2A1;ANXA1;FABP4;CD36;FABP5;THBS1,GO:BP,Cancer_vs_Healthy
GOBP_POSITIVE_REGULATION_OF_D_GLUCOSE_TRANSMEMBRANE_TRANSPORT,0.4056974459724951,0.6310037683532597,0.025139253499649045,0.4139084918831123,1.050575451850553,10,C3;SORBS1;PTPN11,GO:BP,Cancer_vs_Healthy
GOBP_MYELOID_CELL_HOMEOSTASIS,0.4073103448275862,0.6329426941205657,0.022289569137741695,0.2888847333842558,1.0396707745766378,40,BPGM;SOD1;ANXA1;B2M;HMGB1;RPS14;G6PD;TMOD3;DMTN;UBA5,GO:BP,Cancer_vs_Healthy
GOBP_FATTY_ACID_DERIVATIVE_BIOSYNTHETIC_PROCESS,0.40852819807427787,0.6342648034792023,0.03455344853024425,-0.31387818839170445,-1.0236012065735018,16,ACSL3;ACACA;HSD17B4;ACAT1;GCDH,GO:BP,Cancer_vs_Healthy
GOBP_PROTEIN_LOCALIZATION_TO_CELL_SURFACE,0.41048653755314124,0.6367331569944596,0.024298224302293555,0.36566011841363605,1.0403835209771235,15,FLNA;PICALM;RAB11B;AP3B1;VCL,GO:BP,Cancer_vs_Healthy
GOBP_CYTOSKELETON_DEPENDENT_INTRACELLULAR_TRANSPORT,0.4138169735566939,0.6413235249380871,0.022098256115580476,0.2900621590385585,1.038081628898074,39,RAB1A;SOD1;FLOT2;ACTN4;MYO1C;TUBB;LAMP1;AP3B1;CDC42;TUBA1B;TUBA1C;MAP1B;SFPQ,GO:BP,Cancer_vs_Healthy
GOBP_NEGATIVE_REGULATION_OF_PROTEIN_LOCALIZATION_TO_MEMBRANE,0.41846758349705304,0.6479498067051144,0.02462397074995083,0.40925602210414913,1.0387666326644138,10,PICALM;CLTC;DMTN;AP2M1;TMED2,GO:BP,Cancer_vs_Healthy
GOBP_DNA_TEMPLATED_DNA_REPLICATION,0.4216743708269132,0.6480862865947612,0.03255520188955747,-0.36905475430580736,-1.0226872796194268,10,ENDOG;CARM1;DYNLL1;RPA1;PARP1,GO:BP,Cancer_vs_Healthy
GOBP_FAT_CELL_DIFFERENTIATION,0.41948051948051945,0.6480862865947612,0.022538453198304498,0.31038112763860515,1.0320221824432294,28,LRG1;YAP1;FABP4;STEAP4;ADIRF;GPX1;FERMT2;SOD2,GO:BP,Cancer_vs_Healthy
GOBP_MAINTENANCE_OF_LOCATION,0.4207901299383121,0.6480862865947612,0.021004411561293096,0.265918401959393,1.0274336185231823,57,SNCA;APOE;THY1;SRI;FLNA;FBN1;CAV1;TXN;HSP90B1;CALM1;FKBP1A;ANXA6;CALR;CLIC2,GO:BP,Cancer_vs_Healthy
GOBP_MICROTUBULE_CYTOSKELETON_ORGANIZATION_INVOLVED_IN_MITOSIS,0.4211686879823594,0.6480862865947612,0.02174996989474839,0.2842335230655875,1.0271917654538254,41,FLNA;ILK;RHOA;ITGB1;CLTC;PTPA;RAN;VCP;GNAI1;MAPRE1;STMN1;KPNB1,GO:BP,Cancer_vs_Healthy
GOBP_NEGATIVE_REGULATION_OF_TOR_SIGNALING,0.4212432106216053,0.6480862865947612,0.03582400922041223,-0.2861586034312684,-1.0154934416865633,21,MTM1;UBE3A;ENDOG;PRKAA1;UBE2D1;PRKAA2;SESN1;SAR1B;GSK3B;USP7;PRKACA;DEPTOR,GO:BP,Cancer_vs_Healthy
GOBP_PHOSPHATIDYLCHOLINE_METABOLIC_PROCESS,0.4219311761684643,0.6480862865947612,0.03254334334229217,-0.36890441629525916,-1.0222706781009878,10,ACSL3;LPCAT3,GO:BP,Cancer_vs_Healthy
GOBP_POSITIVE_REGULATION_OF_LIPID_METABOLIC_PROCESS,0.4208566108007449,0.6480862865947612,0.022370173088839488,0.3063830786577931,1.0277963835229516,29,APOC2;AGT;APOE,GO:BP,Cancer_vs_Healthy
GOBP_POSITIVE_REGULATION_OF_MONOATOMIC_ION_TRANSPORT,0.42013793103448277,0.6480862865947612,0.021801327773120622,0.28593911523777993,1.0290697536639817,40,SNCA;THY1;SRI;FLNA;ACTN4;CAV1;LGALS3,GO:BP,Cancer_vs_Healthy
GOBP_REGULATION_OF_PROTEIN_EXPORT_FROM_NUCLEUS,0.42106117150738276,0.6480862865947612,0.024374105952055598,0.39647242341712297,1.0359356175929018,11,TXN;PTPN11;YWHAE;EMD;RANGAP1,GO:BP,Cancer_vs_Healthy
GOBP_REGULATION_OF_NUCLEOTIDE_METABOLIC_PROCESS,0.42366412213740456,0.6501701625696581,0.03681099751184898,-0.267713999904891,-1.012971240758644,26,FIS1;FBP1;PPP2CA;DNM1L;PRKAG1;PRKAA1;ME1;STAT3;ARL2;ME2;PARP1;PRKAA2,GO:BP,Cancer_vs_Healthy
GOBP_REGULATION_OF_ESTABLISHMENT_OF_PROTEIN_LOCALIZATION_TO_MITOCHONDRION,0.42524723676556136,0.652020607924481,0.03487127035177418,-0.29317225973425187,-1.0104305959716549,19,MAPT;UBL5;PRKAA1;NPEPPS;BAG3;ARIH2;SH3GLB1;TOMM70,GO:BP,Cancer_vs_Healthy
GOBP_REGULATION_OF_MEMBRANE_DEPOLARIZATION,0.42618642757767816,0.6528813358636771,0.023386966903810348,0.3493877250692308,1.0266476412964294,17,ALB;B2M;GCLC;DCN;GCLM,GO:BP,Cancer_vs_Healthy
GOBP_NEGATIVE_REGULATION_OF_PROTEIN_CATABOLIC_PROCESS,0.4274754936780793,0.6534157363478946,0.021993248483235042,0.30089502053055844,1.0238440246734601,31,SNCA;ALAD;FLNA;ANXA2;CST3;PSMF1;USP5,GO:BP,Cancer_vs_Healthy
GOBP_POSITIVE_REGULATION_OF_POST_TRANSLATIONAL_PROTEIN_MODIFICATION,0.4272696591292609,0.6534157363478946,0.03790216770236242,-0.25327997428873567,-1.002308183840361,31,RPS2;AIMP2;UBE3A;STUB1;UBQLN1;MAPK9;CUL3;HSPBP1;UBE2D1;TOLLIP,GO:BP,Cancer_vs_Healthy
GOBP_REGULATION_OF_DEVELOPMENTAL_GROWTH,0.42789630029705644,0.6534157363478946,0.021184135830476805,0.2752362175058253,1.0238712182169198,47,APOE;RBP4;FN1;SOD1;CTTN;YAP1;PPIB;GNAS;CFL1;G6PD;MAP1B;NRP1;ACACB;EZR;LGMN;ACTN3,GO:BP,Cancer_vs_Healthy
GOBP_SIGNAL_TRANSDUCTION_IN_ABSENCE_OF_LIGAND,0.42804780876494025,0.6534157363478946,0.02380993804671546,0.3742904151101041,1.026564282762566,13,PRDX2;CTNNA1,GO:BP,Cancer_vs_Healthy
GOBP_CELLULAR_RESPONSE_TO_PEPTIDE_HORMONE_STIMULUS,0.42962592268234706,0.6552458909047624,0.019951642845709643,0.24974455904229603,1.0192094439148882,79,AGT;CA2;BLVRB;FBN1;GCLC;CAV1;MYO1C;CAV2;CTSD;COL6A1;GNAS;RAB8A;CFL1;SORBS1;PTPN11,GO:BP,Cancer_vs_Healthy
GOBP_POSITIVE_REGULATION_OF_INSULIN_SECRETION,0.4302361238883778,0.6555979030680043,0.03571995940252628,-0.2818812430612671,-1.0102177066107862,22,MPC2;STX4;PRKAR1A;MCU;PFKM;PFKFB2;DYNLL1,GO:BP,Cancer_vs_Healthy
GOBP_CALCIUM_ION_HOMEOSTASIS,0.4308608058608059,0.6559713414338966,0.04477631593195109,-0.21030145547674933,-1.0111758530952955,68,SYPL2;PLN;CAMK2D;ATP1A2;DHRS7C;C19orf12;NOL3;CSRP3;ATP1B1;STIM1;RYR1;ATP2A2;CASQ2;MCU;AFG3L2;CACNA1S;ATP2A3,GO:BP,Cancer_vs_Healthy
GOBP_CYTOPLASMIC_PATTERN_RECOGNITION_RECEPTOR_SIGNALING_PATHWAY,0.4327761627906977,0.6565734936807074,0.03924523389337643,-0.2383275665602426,-1.0131742241231265,40,MAVS;MARCHF5;NLRX1;UBQLN1;PRKDC;MAP2K6;C1QBP;PPP2CA;UFD1;NPLOC4,GO:BP,Cancer_vs_Healthy
GOBP_ERBB_SIGNALING_PATHWAY,0.4322746047571571,0.6565734936807074,0.021858071551331782,0.3019914188486108,1.020598316708143,30,AGT;EFEMP1;ITGA1;IQGAP1;PTPN11;RAB7A;MVP;SNX5;LGMN;MAPK3,GO:BP,Cancer_vs_Healthy
GOBP_IMPORT_INTO_NUCLEUS,0.43208209559816363,0.6565734936807074,0.021033377163281866,0.27433915665327635,1.020534176325278,47,FLNA;NUTF2;APOD;HSPA12A;HNRNPA1;ELAVL1;CD36;UFM1;CFL1;RPL23;YWHAB;RAN;KPNB1;TNPO1;RAB23;LMNA;HSP90AA1;EPM2A,GO:BP,Cancer_vs_Healthy
GOBP_POSITIVE_REGULATION_OF_TELOMERE_MAINTENANCE,0.4324773413897281,0.6565734936807074,0.02278133670852597,0.3355530561887941,1.026249152575702,20,HNRNPA2B1;HNRNPA1;CCT2;HSP90AA1;MAPK3;RUVBL1;RUVBL2;CCT7;CCT3;CCT4;CCT6A,GO:BP,Cancer_vs_Healthy
GOBP_REGULATION_OF_RELEASE_OF_SEQUESTERED_CALCIUM_ION_INTO_CYTOSOL_BY_SARCOPLASMIC_RETICULUM,0.43347131874630396,0.6570512620996608,0.034815490918796835,-0.2873770083874496,-1.0064568651583432,20,PLN;CAMK2D;ATP1A2;DHRS7C;CASQ2,GO:BP,Cancer_vs_Healthy
GOBP_NEURAL_NUCLEUS_DEVELOPMENT,0.4342373869932925,0.6576355869626727,0.02215639648469809,0.3126678912414981,1.0199388577333601,26,RHOA;YWHAQ;ACTB;CALM1;CNP;G6PD;CDC42;YWHAH;GLUD1;YWHAE,GO:BP,Cancer_vs_Healthy
GOBP_CELLULAR_RESPONSE_TO_CHEMICAL_STRESS,0.4359514370664024,0.6596533128290222,0.019581205054489834,0.24575556198196274,1.0145797576795759,85,SNCA;CAT;SLC2A1;SOD1;SOD3;PRDX2;CCS;CAV1;PPIA;TXN;CD36;CFL1;GPX1;MGST1;G6PD;CYGB;AQP1,GO:BP,Cancer_vs_Healthy
GOBP_LIPID_IMPORT_INTO_CELL,0.43696251825409704,0.6600476102991474,0.023767586976654768,0.39131878873565384,1.022469778832714,11,SLC2A1;RBP4;CD36;THBS1,GO:BP,Cancer_vs_Healthy
GOBP_SEQUESTERING_OF_CALCIUM_ION,0.43697596422582446,0.6600476102991474,0.021391400883298002,0.289294942870305,1.0184717811263435,36,SNCA;THY1;SRI;FLNA;HSP90B1;CALM1;FKBP1A;ANXA6;CALR;CLIC2,GO:BP,Cancer_vs_Healthy
GOBP_REGULATION_OF_ERAD_PATHWAY,0.4378531073446328,0.6603295337179927,0.031827281352516563,-0.36379256621588957,-1.0081052351944835,10,USP13;STUB1;UBQLN1,GO:BP,Cancer_vs_Healthy
GOBP_RESPONSE_TO_TOPOLOGICALLY_INCORRECT_PROTEIN,0.4379268782643632,0.6603295337179927,0.04125848429340891,-0.2219971481240272,-1.0020619778830098,52,MFN2;HSPB2;EIF2S1;HSPB7;COPS5;STUB1;OPTN;HSPA2;HSPB3;RNF7;UFD1;CUL3,GO:BP,Cancer_vs_Healthy
GOBP_MODIFIED_AMINO_ACID_BIOSYNTHETIC_PROCESS,0.4384521633150518,0.6605451946019264,0.022697994418928585,0.3366498612058706,1.0175706370059538,19,GCLC;GGT5;GCLM;GSS;ATIC,GO:BP,Cancer_vs_Healthy
GOBP_HOMEOSTASIS_OF_NUMBER_OF_CELLS,0.43898615103214006,0.660773579253953,0.020283509366593257,0.2603244293544351,1.013902273372823,60,BPGM;SOD1;ANXA1;B2M;PRDX2;COL6A1;PTPN11;HMGB1;RPS14;G6PD;AP3B1;TMOD3;KRAS;DMTN;UBA5,GO:BP,Cancer_vs_Healthy
GOBP_INCLUSION_BODY_ASSEMBLY,0.4396158085340891,0.6611454457327293,0.02318368009067097,0.35750397025673947,1.01717748425128,15,CLU;APOE;DNAJB1;VCP;HSP90AA1;DNAJB2;DNAJB6,GO:BP,Cancer_vs_Healthy
GOBP_PROTEIN_LOCALIZATION_TO_ENDOSOME,0.4407334643091028,0.6622499359357649,0.023773628252804647,0.402542347280859,1.0217260981033411,10,MSN;PACSIN2;NRP1;EZR,GO:BP,Cancer_vs_Healthy
GOBP_REGULATION_OF_MITOCHONDRIAL_MEMBRANE_PERMEABILITY,0.4429331756357185,0.6643997634535778,0.03437687115548825,-0.28548519013529383,-0.9998313056600447,20,NOL3;SLC25A6;STAT3;PPIF;SLC25A4;VDAC2;SLC25A5;GSK3B;HK2;MTCH2;CAMK2A,GO:BP,Cancer_vs_Healthy
GOBP_REGULATION_OF_TELOMERE_MAINTENANCE,0.44284047827354917,0.6643997634535778,0.021847734908829484,0.3108061857394369,1.0138658779474647,26,HNRNPA2B1;HNRNPA1;HNRNPC;CCT2;LMNA;HSP90AA1;MAPK3;RUVBL1;RUVBL2;CCT7;CCT3;CCT4;CCT6A,GO:BP,Cancer_vs_Healthy
GOBP_UNSATURATED_FATTY_ACID_BIOSYNTHETIC_PROCESS,0.4440710513682189,0.6655288610271312,0.023282000419410483,0.3773555890861986,1.0145330528133927,12,AKR1C3;FABP5;CBR1;PTGDS;MIF;PTGIS;SCP2,GO:BP,Cancer_vs_Healthy
GOBP_SIGNAL_TRANSDUCTION_IN_RESPONSE_TO_DNA_DAMAGE,0.4444798978940651,0.6655643531723956,0.03586882897336866,-0.26007859365405694,-0.9948526742441433,27,MYO6;PRKDC;CUL4A;MAP2K6;MAPK14;NDUFS6;GRB2;MAPK12;COPS3,GO:BP,Cancer_vs_Healthy
GOBP_REGULATION_OF_CELL_CYCLE_PHASE_TRANSITION,0.44497962208225267,0.6657357462840975,0.03905925194396204,-0.233088182839523,-1.0033355617874744,42,DYNC1LI1;EIF4G1;FHL1;VPS4A;HSPA2;PRKDC;CUL4A;DDB1;PPP2CA;MAPK14,GO:BP,Cancer_vs_Healthy
GOBP_REGULATION_OF_PROTEIN_UBIQUITINATION,0.4461901021209741,0.6669692875995183,0.04030969078927509,-0.22260272675374604,-1.000051446408613,50,RPS2;VPS28;RPS3;AIMP2;UBE3A;STUB1;UBQLN1;CHP1;PLAA;MAPK9,GO:BP,Cancer_vs_Healthy
GOBP_REGULATION_OF_SYNAPTIC_PLASTICITY,0.44834418341352955,0.6696099817965246,0.021189030099283964,0.2940387315365215,1.0093853936096373,32,SNCA;APOE;ARF1;RAB8A;CFL1;CALM1;VAMP2;YWHAH;KRAS;MAP1B,GO:BP,Cancer_vs_Healthy
GOBP_PROTEIN_AUTOPHOSPHORYLATION,0.44896836313617605,0.6699631532809259,0.032674347129509194,-0.3051891722983728,-0.9952650950308561,16,CAMK2B;CHP1;MYLK2,GO:BP,Cancer_vs_Healthy
GOBP_RESPONSE_TO_AMINO_ACID_STARVATION,0.4498567335243553,0.6707096078775547,0.03158189181426592,-0.34556100231827425,-0.9938977709272232,11,LARS1;EIF2S1;EIF2A,GO:BP,Cancer_vs_Healthy
GOBP_DEPHOSPHORYLATION,0.4505208333333333,0.6711206896551725,0.03600411462307461,-0.25722101231653416,-0.9905059469491572,28,MTM1;TIMM50;CHP1;PPP2CA;PPP5C;PPM1B;PPM1A,GO:BP,Cancer_vs_Healthy
GOBP_CARBOHYDRATE_HOMEOSTASIS,0.4524704618689581,0.6726688413236046,0.020238133815339863,0.267754991956923,1.0038283719391514,49,RBP4;SERPINF1;SRI;FBN1;PYGL;GCLC;GCLM;PTPN11;GPX1;FABP5;RAB11B;MUSTN1,GO:BP,Cancer_vs_Healthy
GOBP_REGULATION_OF_LIPID_CATABOLIC_PROCESS,0.45211155378486056,0.6726688413236046,0.02292715005777319,0.3675452408710328,1.0080643301180299,13,APOC2;IDH1;APOC1;ACACB,GO:BP,Cancer_vs_Healthy
GOBP_RESPONSE_TO_PEPTIDE_HORMONE,0.4527279296639769,0.6726688413236046,0.01859166497820987,0.23629273106570067,1.0068622542479289,104,CAT;AGT;SLC2A1;RBP4;CA2;BLVRB;FBN1;GCLC;CAV1;MYO1C;CAV2;CTSD;COL6A1;GNAS;RAB8A;CFL1;SORBS1;PTPN11,GO:BP,Cancer_vs_Healthy
GOBP_PROTEIN_LOCALIZATION_TO_CELL_JUNCTION,0.45379784688995217,0.6736792778572486,0.021858071551331782,0.3240722026504299,1.005481374224787,21,FLNA;RAB8A;ACTB;VCL;FERMT2;PECAM1;ADAM10;VPS35;EPB41L3;LAMTOR3,GO:BP,Cancer_vs_Healthy
GOBP_MEIOTIC_CELL_CYCLE_PROCESS,0.4543426294820717,0.6739090675922917,0.02284842019333119,0.3664179640692643,1.0049725541740961,13,ACTR2;ACTR3;MYH9;CALR,GO:BP,Cancer_vs_Healthy
GOBP_HEART_GROWTH,0.454845296057798,0.6740760476739923,0.02259872489944406,0.347937732771501,1.0048784135377136,16,RBP4;YAP1;G6PD;MYH10;KRAS;ACACB,GO:BP,Cancer_vs_Healthy
GOBP_REGULATION_OF_POTASSIUM_ION_TRANSPORT,0.4554203226719502,0.6743498865271036,0.03295231105694872,-0.2996393615292934,-0.9931600291776089,17,ANK3;ATP1B1;FHL1;CASQ2;BIN1;ANK2;CAB39;KIF5B;CAV3,GO:BP,Cancer_vs_Healthy
GOBP_POLYSACCHARIDE_BIOSYNTHETIC_PROCESS,0.4608131086721286,0.6800394365990697,0.02214051262653225,0.3406853261270182,1.0010763441197104,17,PGM2;AP2A1;SORBS1;CLTC,GO:BP,Cancer_vs_Healthy
GOBP_POSITIVE_REGULATION_OF_LEUKOCYTE_CHEMOTAXIS,0.4599203187250996,0.6800394365990697,0.022653775471513395,0.36522791922538095,1.0017086246629516,13,HMGB1;CALR;THBS4;THBS1;ADAM10;LGMN;MAPK3,GO:BP,Cancer_vs_Healthy
GOBP_REGULATION_OF_NEURONAL_SYNAPTIC_PLASTICITY,0.46039840637450197,0.6800394365990697,0.02263723435331149,0.36497729656383565,1.001021243254273,13,SNCA;APOE,GO:BP,Cancer_vs_Healthy
GOBP_VACUOLE_ORGANIZATION,0.46083690987124465,0.6800394365990697,0.01994279699331526,0.26553342950017034,0.9992191313163796,50,RAB1A;ATP6V1H;ANXA2;ATG3;CTSD;ELAVL1;SEC22B;LAMP1;AP3B1;RAB7A;RAB1B;TPP1;RAB14,GO:BP,Cancer_vs_Healthy
GOBP_ASSOCIATIVE_LEARNING,0.4617360041088855,0.68078482517078,0.03081878984200473,-0.35680793183739556,-0.9887501214929556,10,PLN;ATP1A2,GO:BP,Cancer_vs_Healthy
GOBP_POSITIVE_REGULATION_OF_VIRAL_PROCESS,0.4634334103156274,0.68270497274118,0.021988021670566564,0.3340965762817146,0.9960307550596476,18,STOM;LGALS1;PPIA;HMGB1;RAB7A;P4HB;RAD23A,GO:BP,Cancer_vs_Healthy
GOBP_PROTEIN_COMPLEX_OLIGOMERIZATION,0.46391619244697363,0.6828340549815762,0.01929268795571947,0.25317446485674877,0.9976121405103698,64,SNCA;ATL3;HPRT1;ALAD;KCTD12;B2M;EHD1;STEAP4;COL6A1;ELAVL1;EHD4;COMP,GO:BP,Cancer_vs_Healthy
GOBP_NUCLEOSIDE_MONOPHOSPHATE_BIOSYNTHETIC_PROCESS,0.4651127361365021,0.6840126025905325,0.021765354633771963,0.3302533917178109,0.9982364257627365,19,HPRT1;CMPK1;ADK;DUT;ATIC,GO:BP,Cancer_vs_Healthy
GOBP_ESTABLISHMENT_OF_PROTEIN_LOCALIZATION_TO_PLASMA_MEMBRANE,0.4662104362703165,0.6844589452165122,0.03263849625963399,-0.2911408397291107,-0.9860671050406273,18,ANK3;ACSL3;OPTN,GO:BP,Cancer_vs_Healthy
GOBP_NUCLEAR_RECEPTOR_MEDIATED_SIGNALING_PATHWAY,0.4662594118482739,0.6844589452165122,0.020643331926826845,0.29299412079810483,0.9969599341147225,31,DEFA3;ACTN4;AKR1C3;RHOA;UFM1;FABP5;CALR;YWHAH;UBA5,GO:BP,Cancer_vs_Healthy
GOBP_POSITIVE_REGULATION_OF_PEPTIDE_SECRETION,0.4666045355700528,0.6844589452165122,0.034322974589950116,-0.26650431447906947,-0.9836047779393087,24,MPC2;STX4;PRKAR1A;AIMP1;MCU;PFKM;PFKFB2;DYNLL1,GO:BP,Cancer_vs_Healthy
GOBP_LEUKOCYTE_DEGRANULATION,0.46876521174752556,0.6847765466852033,0.02263723435331149,0.38138063720684023,0.9965025626187836,11,LAMP1;SNAP23;VAMP2;S100A13;PTGDS,GO:BP,Cancer_vs_Healthy
GOBP_MITOCHONDRIAL_FUSION,0.46756967960406354,0.6847765466852033,0.030850179836868698,-0.3408144916358325,-0.9802459226129968,11,MFN2;OPA1;AFG3L2,GO:BP,Cancer_vs_Healthy
GOBP_NEGATIVE_REGULATION_OF_RESPONSE_TO_CYTOKINE_STIMULUS,0.4679539185461626,0.6847765466852033,0.02266481528229328,0.38173521654327014,0.9974290365478007,11,CAV1;ANXA4;TTLL12;SAMHD1;ECM1;DNAJA3,GO:BP,Cancer_vs_Healthy
GOBP_POSITIVE_REGULATION_OF_PROTEASOMAL_PROTEIN_CATABOLIC_PROCESS,0.4688024622271964,0.6847765466852033,0.02032449160724166,0.28449662256991626,0.9963786588028706,35,CLU;TF;GCLC;SUMO2;CAV1,GO:BP,Cancer_vs_Healthy
GOBP_VESICLE_BUDDING_FROM_MEMBRANE,0.4684404189074441,0.6847765466852033,0.020512944344877555,0.29045496250859637,0.9970829187215327,32,RAB1A;ANXA2;S100A10;PICALM;RAB7A;AP2M1;SURF4;TMED9;SNX3;PDCD6;SEC31A;TMED2;AP1G1,GO:BP,Cancer_vs_Healthy
GOBP_MUSCLE_ORGAN_MORPHOGENESIS,0.47169305071102763,0.6884168848214998,0.031243426536951644,-0.3203766817759004,-0.9757398594258535,13,SMTNL1;MYLK2;MYL3;MYH7;TNNI1;MYLK;TNNC1;MYL2,GO:BP,Cancer_vs_Healthy
GOBP_REGULATION_OF_CHOLESTEROL_METABOLIC_PROCESS,0.47352520273493404,0.6905076374058785,0.02215639648469809,0.35621442488158067,0.9951746982864104,14,AGT;APOE;ACADL;GNAI1;KPNB1,GO:BP,Cancer_vs_Healthy
GOBP_REGULATION_OF_GLIOGENESIS,0.4745536903810285,0.6908414296364088,0.03099763747096388,-0.3297128610238579,-0.9764144191948138,12,PRMT5;BIN1;IDH2;QKI;RELA;SIRT2,GO:BP,Cancer_vs_Healthy
GOBP_REGULATION_OF_POSTSYNAPSE_ORGANIZATION,0.4743202416918429,0.6908414296364088,0.021326871157211224,0.324920655740031,0.993731219124816,20,APOE;RHOG;CFL1;CDC42;MAP1B;GNA13;ADAM10;EEF2K;VPS35;RAC1;ARF4,GO:BP,Cancer_vs_Healthy
GOBP_PROTEIN_DEACETYLATION,0.4750898818695429,0.6910398281738805,0.030286002520610242,-0.3535009034499872,-0.9795860182652258,10,MAPT;SIRT5;PRKAA1;NNMT;PRKAA2;CCAR2;SIRT2,GO:BP,Cancer_vs_Healthy
GOBP_DE_NOVO_PROTEIN_FOLDING,0.4762714484464369,0.6921758308792623,0.021622510658181028,0.33603726463536565,0.9874183904349886,17,DNAJB1;ST13;FKBP1A;DNAJB4;HSPA8;HSPA5;HSPH1;HSPA1A,GO:BP,Cancer_vs_Healthy
GOBP_NEGATIVE_REGULATION_OF_INTRINSIC_APOPTOTIC_SIGNALING_PATHWAY,0.4779220779220779,0.693408354869312,0.020503683897624116,0.2979759918678583,0.9907749088443742,28,CLU;FBXO7;PPIA;GPX1;CD44;ENO1;SOD2;HYOU1;NONO;MIF,GO:BP,Cancer_vs_Healthy
GOBP_RESPONSE_TO_CARBOHYDRATE,0.47785579260059413,0.693408354869312,0.01949564268819465,0.26648501848294415,0.991316996662751,47,CAT;SERPINF1;SRI;GCLC;COL6A2;ELAVL1;GCLM;GPX1;RAB11B;COL6A3;THBS1;VAMP2;MAP1B;SOD2,GO:BP,Cancer_vs_Healthy
GOBP_REGULATION_OF_MUSCLE_CELL_DIFFERENTIATION,0.4785651793525809,0.6937589177191776,0.020643331926826845,0.30355249222603387,0.9902039539583017,26,PTBP1;NID1;LAMC1;LAMB2;G6PD;SOD2;LMOD3;LAMB1;ACTN3,GO:BP,Cancer_vs_Healthy
GOBP_REGULATION_OF_CELL_GROWTH,0.4824729126832377,0.6988375466191407,0.01848906409731157,0.24631298657978237,0.98718447149034,71,AGT;APOE;S100A9;FN1;CTTN;YAP1;S100A8;MTPN;SDCBP;CFL1;G6PD;CRK;CDC42;MAP1B;NRP1;ENO1,GO:BP,Cancer_vs_Healthy
GOBP_LYSOSOMAL_TRANSPORT,0.48354978354978356,0.6998107420217974,0.02032449160724166,0.297050553493663,0.9876978115417129,28,CLU;LAMP1;PSAP;AP3B1;VCP;RAB7A;HSPA8;HGS;VPS35;CHMP1B;AP1G1;LAMP2;CHMP3;HSPA1A,GO:BP,Cancer_vs_Healthy
GOBP_BODY_FLUID_SECRETION,0.48612688625669315,0.7028519228645712,0.022061400910685047,0.3770248871859557,0.9851215022437018,11,NME1;CAV1;AQP1;VAMP2;COPA,GO:BP,Cancer_vs_Healthy
GOBP_RESPIRATORY_GASEOUS_EXCHANGE_BY_RESPIRATORY_SYSTEM,0.48663786205792925,0.7028519228645712,0.021827087782561,0.3643252029742241,0.9795004263362507,12,BPGM;COL6A1;YWHAZ;AP3B1,GO:BP,Cancer_vs_Healthy
GOBP_RESPONSE_TO_ESTRADIOL,0.48687138406764574,0.7028519228645712,0.020643331926826845,0.3112131094913877,0.9783513997097449,22,CAT;ARPC1B;GPX1;CALR;MAP1B,GO:BP,Cancer_vs_Healthy
GOBP_TYPE_I_INTERFERON_PRODUCTION,0.48868918500154945,0.7048872384663418,0.0333484662497276,-0.26650896497233584,-0.9687618653285196,23,MAVS;NLRX1;PPM1B;UFD1;CUL3;NPLOC4,GO:BP,Cancer_vs_Healthy
GOBP_POSITIVE_REGULATION_OF_PROTEIN_CONTAINING_COMPLEX_DISASSEMBLY,0.4903405370006549,0.7066792726748388,0.02206665915291603,0.38642225847510936,0.9808103645219337,10,DSTN;CFL1;EIF5A,GO:BP,Cancer_vs_Healthy
GOBP_REGULATION_OF_MRNA_SPLICING_VIA_SPLICEOSOME,0.492049849591749,0.7085517834121186,0.019947219122070075,0.29198791804490976,0.979506203520293,29,PTBP1;HNRNPA1;HNRNPK;HNRNPL;PRDX6;DAZAP1;SNRNP70;RBM3;SRSF6;RBMX;TRA2B;SRSF2;NCL;RBM8A;SRSF3,GO:BP,Cancer_vs_Healthy
GOBP_CELLULAR_RESPONSE_TO_GLUCOSE_STARVATION,0.4937051792828685,0.7087040893477425,0.021536590896377016,0.35605900588741746,0.9765610959939908,13,SLC2A1;HNRNPA1;YWHAZ,GO:BP,Cancer_vs_Healthy
GOBP_GMP_BIOSYNTHETIC_PROCESS,0.49377865094957435,0.7087040893477425,0.021956707577150927,0.385172722942676,0.9776388148138881,10,HPRT1;ADK;ATIC;APRT;PFAS,GO:BP,Cancer_vs_Healthy
GOBP_NEGATIVE_REGULATION_OF_TORC1_SIGNALING,0.49328950972336344,0.7087040893477425,0.030787472606899322,-0.30220270127531,-0.9618255203983788,15,UBE3A;PRKAA1;UBE2D1;PRKAA2;SESN1;SAR1B;USP7;PRKACA;DEPTOR,GO:BP,Cancer_vs_Healthy
GOBP_REGULATION_OF_AXONOGENESIS,0.49379613632794095,0.7087040893477425,0.021307084178784717,0.337126272273847,0.9736538516416259,16,FN1;THY1,GO:BP,Cancer_vs_Healthy
GOBP_MUSCLE_CELL_DIFFERENTIATION,0.49455878873905845,0.7092096157187494,0.017022018518519574,0.22743092436810453,0.9847911333468172,116,CSRP1;CD81;PTBP1;EHD2;CD9;EHD1;ACTN4;CAV2;COL6A1;MYH9;TMOD1;COMP;ITGB1;GPX1;NID1;LAMC1;LAMB2;MYL9;G6PD;MYH10;FLOT1;TMOD3;CALR;KRAS;SOD2;MYOZ2;ACTN1;MYBPC2;LMOD3;LMNA;LAMB1;ACTN3;ACTC1,GO:BP,Cancer_vs_Healthy
GOBP_REGULATION_OF_MEMBRANE_POTENTIAL,0.4953473550031867,0.7097514340344168,0.01809832797056412,0.24459043529829969,0.9802807515523956,71,SNCA;AGT;CLIC1;SOD1;ALB;FLNA;B2M;GCLC;CAV1;DCN;COL6A1;GCLM;CD36,GO:BP,Cancer_vs_Healthy
GOBP_CARBOHYDRATE_BIOSYNTHETIC_PROCESS,0.4959968499803124,0.7100932533272409,0.0185126661813019,0.2534374059146369,0.9792105740307765,57,SNCA;RBP4;PGM2;PGD;AP2A1;SORD;GPD1;PGAM1;SORBS1;CLTC;G6PD;PGK1,GO:BP,Cancer_vs_Healthy
GOBP_INSULIN_SECRETION,0.4973011874775099,0.7107828386775328,0.036034347851752545,-0.23007683135049967,-0.972486274675887,39,MPC2;STX4;PFKL;PRKAR1A;SLC16A1;MCU;CPT1A;PFKM;JAGN1;STXBP3;PFKFB2,GO:BP,Cancer_vs_Healthy
GOBP_POLYSACCHARIDE_CATABOLIC_PROCESS,0.4971995519283085,0.7107828386775328,0.02149134716989418,0.3612503234725435,0.971233510519719,12,PGM2;PYGL;ATG3;HMGB1,GO:BP,Cancer_vs_Healthy
GOBP_ACIDIC_AMINO_ACID_TRANSPORT,0.49852652259332025,0.71194531491013,0.021806475438104895,0.38365961737535237,0.9737982761531411,10,SNCA;ITGB1;SEPTIN2,GO:BP,Cancer_vs_Healthy
GOBP_VESICLE_CARGO_LOADING,0.5008764940239043,0.7147106372199065,0.021312027922152418,0.354410072767381,0.9720385761074056,13,RAB1A;PICALM;AP3B1;SURF4;SEC31A;TMED2,GO:BP,Cancer_vs_Healthy
GOBP_REGULATION_OF_INSULIN_SECRETION,0.5014015416958655,0.7148695247941053,0.03531101094402161,-0.23605339750866322,-0.9670650433747828,35,MPC2;STX4;PFKL;PRKAR1A;SLC16A1;MCU;CPT1A;PFKM;JAGN1;PFKFB2,GO:BP,Cancer_vs_Healthy
GOBP_LEUKOCYTE_HOMEOSTASIS,0.5024646207664175,0.7152049956213917,0.021228254941308113,0.34814683866188434,0.9726358645916353,14,ANXA1;PRDX2;HMGB1,GO:BP,Cancer_vs_Healthy
GOBP_REGULATION_OF_SMALL_MOLECULE_METABOLIC_PROCESS,0.5020643062679845,0.7152049956213917,0.01762369845079906,0.23915452768882747,0.9759914454599872,79,SNCA;APOC2;AGT;APOE;CAV1;AKR1C3;ATP2B4;ACADL;GPD1;SORBS1;HMGB1;APOC1;FABP5;VCP;PGK1;EIF6;GNAI1,GO:BP,Cancer_vs_Healthy
GOBP_CELLULAR_RESPONSE_TO_STEROID_HORMONE_STIMULUS,0.5040119679042567,0.716227533337628,0.018803475921146118,0.2648820424389578,0.972557441335362,44,SERPINF1;DEFA3;ANXA1;AKR1C3;RHOA;UFM1;RAN;AQP1;CALR;YWHAH;UBA5;WBP2;UBE2L3;HSPA8,GO:BP,Cancer_vs_Healthy
GOBP_ORGANIC_ANION_TRANSPORT,0.5036179450072359,0.716227533337628,0.0183212127881678,0.25294663912649296,0.9739899772588365,56,SNCA;APOE;SLC2A1;SFXN3;ANXA1;AKR1C1;FABP4;CD36;ITGB1;FABP5;SEPTIN2;MGST1;PSAP,GO:BP,Cancer_vs_Healthy
GOBP_HETEROCHROMATIN_FORMATION,0.5053608577372379,0.7169651577749977,0.021238080846158407,0.35912842639832776,0.9655287196574107,12,HNRNPK;HMGB1;LMNA;SMYD5,GO:BP,Cancer_vs_Healthy
GOBP_REGULATION_OF_STEM_CELL_DIFFERENTIATION,0.5051958433253397,0.7169651577749977,0.029831719780965656,-0.3205851999676812,-0.949383687542132,12,OCIAD1;PRKDC;RBBP4;STAT3;HSPA9,GO:BP,Cancer_vs_Healthy
GOBP_RECEPTOR_LOCALIZATION_TO_SYNAPSE,0.5059627921768166,0.7172302747182437,0.021120687983459337,0.3472651327377348,0.9701725970601911,14,RAB8A;STX7;RAB4A;ADAM10;VPS35;EPB41L3;NPTN;HRAS,GO:BP,Cancer_vs_Healthy
GOBP_MICROTUBULE_ORGANIZING_CENTER_ORGANIZATION,0.5073920756948551,0.7186668088530407,0.03170403725507911,-0.27367545573895874,-0.9584710440107792,20,CLASP2;SLC16A1;DCTN1;PAFAH1B1;NUBP1;ARL2;CLASP1,GO:BP,Cancer_vs_Healthy
GOBP_METALLO_SULFUR_CLUSTER_ASSEMBLY,0.5098303258820361,0.7194896093720852,0.029860879956347876,-0.305571907513259,-0.952580891008845,14,ISCA2;GLRX5;NFU1;IBA57;FXN;NUBP1;HSPA9,GO:BP,Cancer_vs_Healthy
GOBP_NEGATIVE_REGULATION_OF_INFLAMMATORY_RESPONSE,0.5100548446069469,0.7194896093720852,0.020338182891109485,0.3186551004926973,0.9631789908722403,19,APOE;SOD1;GNAS;GPX1,GO:BP,Cancer_vs_Healthy
GOBP_POSITIVE_REGULATION_OF_CELL_CYCLE_PHASE_TRANSITION,0.5095250872015026,0.7194896093720852,0.02980262336664822,-0.3124300559205175,-0.951537599910397,13,EIF4G1;HSPA2;CUL4A;CUL3;CUL4B;RDX,GO:BP,Cancer_vs_Healthy
GOBP_REGULATION_OF_DENDRITE_DEVELOPMENT,0.5098303258820361,0.7194896093720852,0.029860879956347876,-0.30560462153505563,-0.9526828727397086,14,CAMK2B;RAB21;CARM1;PAFAH1B1;RTN4IP1;GSK3B;COBL,GO:BP,Cancer_vs_Healthy
GOBP_REGULATION_OF_PHOSPHOLIPID_METABOLIC_PROCESS,0.5087213954232678,0.7194896093720852,0.021135300597450286,0.35761291206746765,0.9614542089700422,12,APOC2;IDH1;APOC1,GO:BP,Cancer_vs_Healthy
GOBP_MEMBRANE_PROTEIN_ECTODOMAIN_PROTEOLYSIS,0.5124127859808535,0.7219965092424911,0.021238080846158407,0.36906066700220397,0.9643119355061418,11,APOE;MYH9;SNX9;ADAM10,GO:BP,Cancer_vs_Healthy
GOBP_VESICLE_LOCALIZATION,0.5126676602086438,0.7219965092424911,0.01849299466914871,0.2622501742574307,0.966938694457743,45,SNCA;RAB1A;ACTN4;MYO1C;STAM;SDCBP;RAB11B;AP3B1;RAB7A;SNAP23,GO:BP,Cancer_vs_Healthy
GOBP_NEURON_MIGRATION,0.5132769618750928,0.72226595286658,0.019837141296745433,0.30545998655702467,0.9602654781856323,22,FLNA;RHOA;TUBB2B;MYH10;CRK;TUBB2A;MAP1B;NRP1;YWHAE;HSP90AA1,GO:BP,Cancer_vs_Healthy
GOBP_POSITIVE_REGULATION_OF_INTERLEUKIN_8_PRODUCTION,0.5137108551030343,0.7222883300390913,0.02119882451842488,0.368818706801502,0.9636797220780635,11,RAB1A;CD58;HMGB1,GO:BP,Cancer_vs_Healthy
GOBP_EMBRYONIC_EPITHELIAL_TUBE_FORMATION,0.5170427268362938,0.7252027856924641,0.020884454741677994,0.35579719133263493,0.9565725833801648,12,CFL1;RPS7;PFN1;VASP;TMED2;CASP3;RALA,GO:BP,Cancer_vs_Healthy
GOBP_NEURAL_TUBE_FORMATION,0.5170427268362938,0.7252027856924641,0.020884454741677994,0.35579719133263493,0.9565725833801648,12,CFL1;RPS7;PFN1;VASP;TMED2;CASP3;RALA,GO:BP,Cancer_vs_Healthy
GOBP_REGULATION_OF_CYTOSOLIC_CALCIUM_ION_CONCENTRATION,0.5164692519876684,0.7252027856924641,0.021115820990560915,0.36784848070191495,0.9611446358669777,11,CAV1;ATP2B4;CAV2,GO:BP,Cancer_vs_Healthy
GOBP_MICROTUBULE_BASED_MOVEMENT,0.5181347150259067,0.7255565539422746,0.018045118160334828,0.25313050197605735,0.963603702180653,53,RAB1A;SOD1;FLOT2;ACTR2;DYNC1LI2;ATP2B4;SORD;ACTR3;LAMP1;TUBB4B;AP3B1;CDC42;MAP1B;KPNB1;SFPQ;DYNLRB1,GO:BP,Cancer_vs_Healthy
GOBP_REGULATION_OF_FAT_CELL_DIFFERENTIATION,0.5180918383903943,0.7255565539422746,0.02106725732275264,0.36762450021028487,0.9605594012952369,11,YAP1;ADIRF;FERMT2;SOD2,GO:BP,Cancer_vs_Healthy
GOBP_MITOTIC_SPINDLE_ORGANIZATION,0.519284516489659,0.7259900036360282,0.018763233710618298,0.2745585071216263,0.9665917039445614,36,FLNA;ILK;RHOA;CLTC;PTPA;RAN;VCP;GNAI1;STMN1;KPNB1,GO:BP,Cancer_vs_Healthy
GOBP_POST_GOLGI_VESICLE_MEDIATED_TRANSPORT,0.5192475940507436,0.7259900036360282,0.01940220631471135,0.2954440329119725,0.9637537396496841,26,SPTBN1;AP2A1;CORO7;LAMP1;SNAP23;RAB14;EPS15;VAMP2,GO:BP,Cancer_vs_Healthy
GOBP_CYTOKINE_PRODUCTION_INVOLVED_IN_IMMUNE_RESPONSE,0.521330829085055,0.7282616593847818,0.029383044560513927,-0.30946224749790663,-0.9424988366738555,13,MAVS;NLRX1;HK1;MAPKAPK2,GO:BP,Cancer_vs_Healthy
GOBP_LONG_CHAIN_FATTY_ACID_METABOLIC_PROCESS,0.5232188295165394,0.7291307559714356,0.03251965658044931,-0.2512314423258441,-0.9506048467424382,26,ACOT9;ACSL3;CPT2;HSD17B4;CPT1A;ACAA1,GO:BP,Cancer_vs_Healthy
GOBP_POSITIVE_REGULATION_OF_ACTIN_FILAMENT_POLYMERIZATION,0.5228036485837734,0.7291307559714356,0.020713758292995318,0.35456275775930957,0.9532537676587021,12,CTTN;ARPC2;PFN1;SNX9;VASP,GO:BP,Cancer_vs_Healthy
GOBP_PRODUCTION_OF_MOLECULAR_MEDIATOR_OF_IMMUNE_RESPONSE,0.5228331780055918,0.7291307559714356,0.032077136762658644,-0.2566921900211095,-0.9473905330875896,24,MAVS;STX4;NLRX1;HK1;PRKDC;MAPKAPK2,GO:BP,Cancer_vs_Healthy
GOBP_ENDOSOME_TO_LYSOSOME_TRANSPORT,0.5244834418341353,0.7293349705720455,0.030255900081709516,-0.28523036223867376,-0.9454011430190796,17,MTM1;VPS4A;BIN1,GO:BP,Cancer_vs_Healthy
GOBP_NEGATIVE_REGULATION_OF_MRNA_METABOLIC_PROCESS,0.5239986759351208,0.7293349705720455,0.033273330564857845,-0.24496211090829456,-0.951157764295312,29,CIRBP;YBX3;CSDE1;C1QBP;MAPK14;MAPKAPK2;FXR1,GO:BP,Cancer_vs_Healthy
GOBP_REGULATION_OF_PROTEIN_LOCALIZATION_TO_PLASMA_MEMBRANE,0.5246315789473684,0.7293349705720455,0.018675158011353023,0.2768770753359847,0.9643945038430983,34,SPTBN1;ATP2B4;LGALS3;PICALM;RHOG;ACTB;ITGB1;SORBS1;CLTC,GO:BP,Cancer_vs_Healthy
GOBP_NEGATIVE_REGULATION_OF_GROWTH,0.5258297258297259,0.730412995364764,0.01905594096082873,0.28832980201039127,0.9587011742565028,28,RBP4;GNAS;CFL1;G6PD;NRP1;ENO1;LGMN;DNAJB2;PPT1;DDX3X;GSK3A;IGFBP5,GO:BP,Cancer_vs_Healthy
GOBP_PROTEIN_TARGETING_TO_VACUOLE,0.5275028395262048,0.7321485194387807,0.020789329404413723,0.3649774892291522,0.9536430742229,11,CLU;AP3B1;RAB7A;HSPA8;HGS,GO:BP,Cancer_vs_Healthy
GOBP_CEREBELLAR_CORTEX_DEVELOPMENT,0.529532614278377,0.7340983331397425,0.028310980325003725,-0.338059444916044,-0.9367962071675774,10,SLC25A46;UQCRQ;OGDH,GO:BP,Cancer_vs_Healthy
GOBP_PROTEIN_DNA_COMPLEX_ORGANIZATION,0.5297573040655433,0.7340983331397425,0.019982653668021558,0.3228514107957619,0.9486728227702222,17,CAND1;HMGB1;RPL23,GO:BP,Cancer_vs_Healthy
GOBP_BLASTOCYST_DEVELOPMENT,0.5302656806354423,0.7342140193413816,0.029448913335137186,-0.2949597823182583,-0.938773362804582,15,MFN2;NDUFA2;CUL3;SBDS;PSMC4,GO:BP,Cancer_vs_Healthy
GOBP_POSITIVE_REGULATION_OF_DEVELOPMENTAL_GROWTH,0.5326929036256585,0.7360332081568237,0.031670616640160694,-0.2593392025839033,-0.9426997312231954,23,MAPT;MTM1;YBX3;NACA;PLAA;MAPK14;STAT5B,GO:BP,Cancer_vs_Healthy
GOBP_REGULATION_OF_MUSCLE_CONTRACTION,0.5325220310532942,0.7360332081568237,0.0378508203711828,-0.20634166077063487,-0.9542623835807819,57,PLN;CAMK2D;ATP1A2;ATP1A1;ATP1B1;CACNB1;STUB1;ATP2A2;CASQ2;CACNG1;BIN1;CACNA1S;MYLK2;MYL3,GO:BP,Cancer_vs_Healthy
GOBP_RESPONSE_TO_ZINC_ION,0.5328573746552004,0.7360332081568237,0.020633972304861595,0.36297714373036366,0.9484164076824468,11,ALAD;S100A8;CRIP1;SOD2,GO:BP,Cancer_vs_Healthy
GOBP_XENOBIOTIC_METABOLIC_PROCESS,0.535973891114078,0.7397467123363632,0.019184134280985504,0.2995683117793045,0.9417439953508078,22,AKR1C1;GUK1;SULT1A1;CBR1;AOX1;ALDH2;CBR3;GSTO1;EPHX1,GO:BP,Cancer_vs_Healthy
GOBP_CARBOHYDRATE_CATABOLIC_PROCESS,0.5364493996569468,0.7398121010432595,0.038161536037457186,-0.20413395703559573,-0.959871847272997,61,STBD1;BCL2L13;PFKL;HK1;GAA;FBP1;PPP2CA;OGDH;PFKM;PFKFB2;PRKAG1;ENO3;AGL;PKM;NEU3;GPD2;PYGM;GALM;PRKAA1;MPI;STAT3,GO:BP,Cancer_vs_Healthy
GOBP_POSITIVE_REGULATION_OF_PROTEOLYSIS_INVOLVED_IN_PROTEIN_CATABOLIC_PROCESS,0.5369655172413793,0.7399333443326184,0.018071694804686324,0.26468219132868265,0.9525679521087864,40,CLU;TF;GCLC;SUMO2;CAV1,GO:BP,Cancer_vs_Healthy
GOBP_NUCLEAR_MEMBRANE_REASSEMBLY,0.5379661926482425,0.7401318319236967,0.028813567878678014,-0.3059885151763741,-0.9319192306041912,13,VPS4A;BROX;CHMP6;SIRT2;NSFL1C;CHMP4B;VPS4B;CHMP2A;CHMP5;BANF1;CHMP3;UBE2I;CHMP1B,GO:BP,Cancer_vs_Healthy
GOBP_VIRION_ASSEMBLY,0.5379522709776752,0.7401318319236967,0.01968900227937493,0.31563363408402206,0.9409878136968366,18,APOE;RAB1A,GO:BP,Cancer_vs_Healthy
GOBP_POSITIVE_REGULATION_OF_EXOSOMAL_SECRETION,0.5407662082514735,0.7433922099113334,0.020545411209117348,0.36977678033824507,0.9385610967300492,10,STAM;SDCBP;RAB7A,GO:BP,Cancer_vs_Healthy
GOBP_CANONICAL_WNT_SIGNALING_PATHWAY,0.5429426007691212,0.7442915288450846,0.01838340517456483,0.2790960439932676,0.9432220087095401,30,APOE;YAP1;ILK;CAV1;COL6A1;VCP;GNAQ;EMD;G3BP1;RUVBL1;VPS35;DDX3X;GSK3A,GO:BP,Cancer_vs_Healthy
GOBP_CARBOHYDRATE_PHOSPHORYLATION,0.5431432973805855,0.7442915288450846,0.027860455874274444,-0.3345819841573111,-0.9271598189573201,10,HK1;PFKM;PFKFB2,GO:BP,Cancer_vs_Healthy
GOBP_CELLULAR_RESPONSE_TO_STARVATION,0.5426786953504511,0.7442915288450846,0.018007249046469668,0.2672304182433609,0.9508973347683061,38,SLC2A1;ALB;HNRNPA1;CAV1;AKR1C3,GO:BP,Cancer_vs_Healthy
GOBP_REGULATION_OF_HORMONE_SECRETION,0.542208236420851,0.7442915288450846,0.017808428493884594,0.26090916503387374,0.9523674091012934,43,AGT;RBP4;SRI;ANXA1;GNAS;PSMD9;EIPR1;PTPN11;GNAI1;VAMP2;GLUD1,GO:BP,Cancer_vs_Healthy
GOBP_REGULATION_OF_SYNAPSE_ASSEMBLY,0.5442836698998251,0.7452632183731361,0.020000409409165386,0.3358462846486953,0.9382711694142839,14,SNCA;RHOG;MAP1B;GNA13;EEF2K;VPS35,GO:BP,Cancer_vs_Healthy
GOBP_NUCLEOBASE_CONTAINING_COMPOUND_TRANSPORT,0.5448077712409358,0.7453902048332043,0.017737911826041296,0.2604573116039496,0.9507180592967568,43,DDX19B;HNRNPA2B1;NUTF2;HNRNPA1;PABPN1;RAN;FLOT1;ALYREF;AGFG1;DDX39B;KPNB1,GO:BP,Cancer_vs_Healthy
GOBP_AXONAL_TRANSPORT,0.5456039441248973,0.7458889362720115,0.02893094819770947,-0.29126162635427577,-0.9270031808387649,15,MAPT;OPA1;RAB21;DCTN1;PAFAH1B1;KIF5B;ARL8A,GO:BP,Cancer_vs_Healthy
GOBP_POSITIVE_REGULATION_OF_TRANSFERASE_ACTIVITY,0.5460775736366288,0.7459462824063989,0.018647264560396202,0.28999779067696463,0.9459878153583962,26,FBN1;PPIA;RHOA;PABPN1;DBI;SNX9;LTF;XRCC6;SKP1,GO:BP,Cancer_vs_Healthy
GOBP_POSITIVE_REGULATION_OF_MYELOID_CELL_DIFFERENTIATION,0.5475356854295718,0.7473472862735387,0.028564265557380897,-0.2976994856502695,-0.9280396342759476,14,PRMT1;PRKDC;MAPK14;STAT5B,GO:BP,Cancer_vs_Healthy
GOBP_CALCINEURIN_MEDIATED_SIGNALING,0.5520318725099601,0.7513926074766847,0.019819620119267335,0.34086074303979275,0.9348769032667492,13,PTBP1;ATP2B4;CALM1;MYOZ2;ACTN3;PPP3R1,GO:BP,Cancer_vs_Healthy
GOBP_MESODERM_DEVELOPMENT,0.5514079895219385,0.7513926074766847,0.020247195487017585,0.3664796104449266,0.9301922765235787,10,YAP1;ITGB1;NCLN,GO:BP,Cancer_vs_Healthy
GOBP_POSTSYNAPSE_ASSEMBLY,0.5529774460490021,0.7513926074766847,0.020067223385877797,0.35762655459738013,0.9344359502014694,11,RHOG;CRK;MAP1B;GNA13;VPS35;RAC1,GO:BP,Cancer_vs_Healthy
GOBP_RELEASE_OF_CYTOCHROME_C_FROM_MITOCHONDRIA,0.5510897254457968,0.7513926074766847,0.029345552096641053,-0.2802006706020461,-0.9287301400270407,17,FAM162A;NOL3;TIMM50;OPA1,GO:BP,Cancer_vs_Healthy
GOBP_RIBOSOMAL_LARGE_SUBUNIT_BIOGENESIS,0.5527284365498479,0.7513926074766847,0.01986347005212012,0.3460584434407434,0.930389635743781,12,RPL14;RPL24;EIF6;RPL7;RPL35;RPL35A,GO:BP,Cancer_vs_Healthy
GOBP_TELOMERE_ORGANIZATION,0.5531084471703374,0.7513926074766847,0.017789833156009044,0.2670539733111551,0.9440711893595539,37,HNRNPA2B1;HNRNPA1;TNKS1BP1;HNRNPC;APEX1;CCT2;LMNA;HSP90AA1;MAPK3;RPA2;RUVBL1;XRCC6,GO:BP,Cancer_vs_Healthy
GOBP_REGULATION_OF_PEPTIDE_TRANSPORT,0.555031228313671,0.7534123821885494,0.01767515070595531,0.265147752068154,0.9434864953577534,38,RBP4;SRI;S100A8;CA2;GNAS;PSMD9;EIPR1;PTPN11,GO:BP,Cancer_vs_Healthy
GOBP_CARBOHYDRATE_DERIVATIVE_TRANSPORT,0.5574207300826006,0.7548769761620171,0.028054047629782194,-0.30868673515644857,-0.9141474745175846,12,SLC37A4;SLC25A6;SLC35A4,GO:BP,Cancer_vs_Healthy
GOBP_REGULATION_OF_CHROMOSOME_SEGREGATION,0.5570107858243452,0.7548769761620171,0.027417023428145223,-0.3309526788681167,-0.9171026545127211,10,DYNC1LI1;CSNK2A1;CUL3;MAP3K20;SIRT2;PPP2R2A,GO:BP,Cancer_vs_Healthy
GOBP_RESPONSE_TO_LIGHT_STIMULUS,0.5566914498141264,0.7548769761620171,0.016980108009108034,0.24735498092008454,0.9445039094669034,54,CAT;RBP4;TTR;COL6A2;COL6A1;ITGB1;GPX1;CRIP1;MFAP4;AQP1;GNAQ;COL6A3;KRAS,GO:BP,Cancer_vs_Healthy
GOBP_NEGATIVE_REGULATION_OF_CELLULAR_RESPONSE_TO_INSULIN_STIMULUS,0.5603517186250999,0.7564748201438849,0.027961099129504233,-0.3082470337145714,-0.9128453389968275,12,PIP4K2B;LONP1;PRKCQ;PRKAA1;NCK1;RELA,GO:BP,Cancer_vs_Healthy
GOBP_NEGATIVE_REGULATION_OF_PROTEIN_UBIQUITINATION,0.5595608960094941,0.7564748201438849,0.018540258682871198,0.29451010232463837,0.9258426526725212,22,GCLC;CAV1;PPIA;ARRB1;RPL23,GO:BP,Cancer_vs_Healthy
GOBP_POSITIVE_REGULATION_OF_PRODUCTION_OF_MOLECULAR_MEDIATOR_OF_IMMUNE_RESPONSE,0.5596612779060816,0.7564748201438849,0.019093021445475332,0.31026795874066804,0.9249913083655775,18,RBP4;CD81;B2M;CD36,GO:BP,Cancer_vs_Healthy
GOBP_REGULATION_OF_CALCIUM_MEDIATED_SIGNALING,0.5601076555023924,0.7564748201438849,0.018643284894152207,0.3002127148252497,0.9314538260100467,21,PTBP1;ATP2B4;CALM1;HINT1;RGN,GO:BP,Cancer_vs_Healthy
GOBP_REGULATION_OF_EPITHELIAL_CELL_MIGRATION,0.5609281194223592,0.7566618191739553,0.019850298613866838,0.3551578629352202,0.9279855504494658,11,GLIPR2;CORO1C;PFN1;CTSH;CD63,GO:BP,Cancer_vs_Healthy
GOBP_POSITIVE_REGULATION_OF_PROTEIN_SECRETION,0.5619015047879617,0.756793297173498,0.03254334334229217,-0.23256785495257976,-0.9347884691549924,33,MPC2;STX4;PPID;PRKAR1A;MCU;PFKM;DNM1L;PFKFB2,GO:BP,Cancer_vs_Healthy
GOBP_REGULATION_OF_ORGANIC_ACID_TRANSPORT,0.5617606602475929,0.756793297173498,0.02848513202362274,-0.2802896546194442,-0.9140642429746987,16,EPRS1;FIS1;ATP1A2,GO:BP,Cancer_vs_Healthy
GOBP_CYTOPLASMIC_MICROTUBULE_ORGANIZATION,0.5634072856751575,0.7582303657684363,0.02835430047567093,-0.28746477717449903,-0.9149188863476776,15,CLIP2;MAPT;CLIP1;CHP1,GO:BP,Cancer_vs_Healthy
GOBP_REGULATION_OF_MYELOID_CELL_DIFFERENTIATION,0.5664160401002506,0.7616863169597144,0.01826704771841866,0.28899660047632747,0.9263567527874161,24,B2M;FBN1;PITHD1;C1QC;HMGB1;EIF6;PRXL2A,GO:BP,Cancer_vs_Healthy
GOBP_B_CELL_PROLIFERATION,0.5685709713554169,0.763448389616614,0.019436101162186914,0.3411049120407345,0.9170719018111055,12,CD81;MIF;CASP3;BCL2;TFRC;BAX;PRKCD;CD38,GO:BP,Cancer_vs_Healthy
GOBP_PEPTIDE_METABOLIC_PROCESS,0.5686099985165406,0.763448389616614,0.018301841113991746,0.293053491791253,0.9212635494448373,22,GCLC;GGT5;GCLM;TPP1;GSS;AEBP1;CTSH;MME;BDH2;LTA4H,GO:BP,Cancer_vs_Healthy
GOBP_LATE_ENDOSOME_TO_VACUOLE_TRANSPORT_VIA_MULTIVESICULAR_BODY_SORTING_PATHWAY,0.5742073008260059,0.7685749154355834,0.0275305304690147,-0.3056801414953412,-0.9052437229494813,12,VPS28;VPS37C;TSG101;CHMP6;SNF8;VTA1;VPS36;VPS25,GO:BP,Cancer_vs_Healthy
GOBP_POSITIVE_REGULATION_OF_CARBOHYDRATE_METABOLIC_PROCESS,0.574122739217808,0.7685749154355834,0.0187712717045537,0.3115074219755779,0.9153394268622027,17,SNCA;GPD1;SORBS1;HMGB1,GO:BP,Cancer_vs_Healthy
GOBP_REGULATION_OF_MULTICELLULAR_ORGANISM_GROWTH,0.5729083665338646,0.7685749154355834,0.019259184912913545,0.33511019747478266,0.9191049132688182,13,SOD1;PPIB;GNAS,GO:BP,Cancer_vs_Healthy
GOBP_SULFUR_COMPOUND_BIOSYNTHETIC_PROCESS,0.5738413197172034,0.7685749154355834,0.0348852489571245,-0.20888315955344636,-0.9384157547760577,50,ACSL3;MPC2;ACACA;DLAT;PDHX;DLD;PDHB;MMUT;PDHA1;PANK4;ACAT1,GO:BP,Cancer_vs_Healthy
GOBP_INTRA_GOLGI_VESICLE_MEDIATED_TRANSPORT,0.5748119699151865,0.7686456437744505,0.019271737884771992,0.33900287126613743,0.9114204952707798,12,COPE;NAPA;COPA;COPG1;RAB6A;COPZ1,GO:BP,Cancer_vs_Healthy
GOBP_ONE_CARBON_METABOLIC_PROCESS,0.575149778588174,0.7686456437744505,0.02710601405270643,-0.31472701442443934,-0.9052134818121754,11,AHCYL1;MAT2A;SHMT2;ALDH1L1;MAT2B;SFXN1;AHCYL2,GO:BP,Cancer_vs_Healthy
GOBP_POSITIVE_REGULATION_OF_MITOTIC_CELL_CYCLE_PHASE_TRANSITION,0.5774941390987236,0.771182281578512,0.027035301859074296,-0.3142695859140206,-0.9038978322631416,11,EIF4G1;HSPA2;CUL4A;CUL3;CUL4B;RDX,GO:BP,Cancer_vs_Healthy
GOBP_EXTRACELLULAR_VESICLE_BIOGENESIS,0.5833995865797424,0.7760696578982255,0.018953519710354413,0.3259148552033857,0.9105252203133332,14,STAM;CD34;SDCBP;RAB7A,GO:BP,Cancer_vs_Healthy
GOBP_NUCLEUS_LOCALIZATION,0.5832667199573675,0.7760696578982255,0.027256589839983362,-0.3032378801631379,-0.8980111898514392,12,FHOD1;SYNE2;DCTN1;PAFAH1B1;CAV3;NUDC,GO:BP,Cancer_vs_Healthy
GOBP_POSITIVE_REGULATION_OF_SYNAPTIC_TRANSMISSION,0.5830258302583026,0.7760696578982255,0.017856905382291188,0.287720244848075,0.9133584792038741,23,SNCA;APOE;CA2;CALM1;FLOT1;VAMP2,GO:BP,Cancer_vs_Healthy
GOBP_REGULATION_OF_AUTOPHAGY_OF_MITOCHONDRION,0.5823262839879154,0.7760696578982255,0.018216961184086878,0.30009576261009474,0.9178072331336247,20,CTTN;FBXO7,GO:BP,Cancer_vs_Healthy
GOBP_REGULATION_OF_BINDING,0.5823956701324597,0.7760696578982255,0.017347979161807126,0.2715065566742582,0.917572875989177,30,ADD1;EPB41;NME1;TXN;HMGB1;RAN;FLOT1,GO:BP,Cancer_vs_Healthy
GOBP_NEGATIVE_REGULATION_OF_RNA_SPLICING,0.5849705304518664,0.777537906938757,0.01935153835526496,0.35766317738193787,0.9078145569780827,10,PTBP1;HNRNPK,GO:BP,Cancer_vs_Healthy
GOBP_PROTEIN_LOCALIZATION_TO_ENDOPLASMIC_RETICULUM,0.5854032505366452,0.777537906938757,0.029706092611729264,-0.2541016973088216,-0.9106602167403967,22,SRPRB;BCAP29;NACA;ANK2;BAG6;GABARAPL2;RTN4;SRP9,GO:BP,Cancer_vs_Healthy
GOBP_ANATOMICAL_STRUCTURE_MATURATION,0.5881916629580181,0.7794441668646128,0.01780098706178321,0.2891825441095543,0.9090945663040487,22,C3;RHOA;G6PD;MTCH1;LTF;ACTN3,GO:BP,Cancer_vs_Healthy
GOBP_NEGATIVE_REGULATION_OF_CANONICAL_WNT_SIGNALING_PATHWAY,0.5880253123478826,0.7794441668646128,0.01913849378565281,0.346096509094705,0.9043093030421498,11,APOE;CAV1,GO:BP,Cancer_vs_Healthy
GOBP_SULFUR_AMINO_ACID_METABOLIC_PROCESS,0.5876927969470505,0.7794441668646128,0.018843849283555845,0.32483611265079093,0.9075114813423072,14,GCLC;GCLM;MPST,GO:BP,Cancer_vs_Healthy
GOBP_CALCIUM_ION_TRANSMEMBRANE_IMPORT_INTO_CYTOSOL,0.5927700944817198,0.780306869413349,0.016514410681541032,0.25231735917823706,0.916671029924608,42,SNCA;THY1;SRI;FLNA;CAV1;ATP2B4,GO:BP,Cancer_vs_Healthy
GOBP_DNA_INTEGRITY_CHECKPOINT_SIGNALING,0.5936584066080469,0.780306869413349,0.026949403363348046,-0.3002792395191996,-0.8892494467487092,12,PRKDC;CUL4A;MAPK14,GO:BP,Cancer_vs_Healthy
GOBP_DNA_TEMPLATED_TRANSCRIPTION_INITIATION,0.5938099150917557,0.780306869413349,0.027425097940002603,-0.2810145825957465,-0.8943897457040023,15,ELOB;PPP2CA;APOBEC2;ELOC;TFAM;PADI2,GO:BP,Cancer_vs_Healthy
GOBP_ENERGY_HOMEOSTASIS,0.592174197773412,0.780306869413349,0.019167518197929993,0.35567207024193587,0.9027607629044854,10,APOE;COL6A1;CD36,GO:BP,Cancer_vs_Healthy
GOBP_FATTY_ACID_TRANSPORT,0.5913312693498453,0.780306869413349,0.01763103594977372,0.28377206411355627,0.9096098964857866,24,APOE;SLC2A1;ANXA1;FABP4;CD36;FABP5;THBS1,GO:BP,Cancer_vs_Healthy
GOBP_REGULATION_OF_CARDIAC_CONDUCTION,0.5926653569089718,0.780306869413349,0.019155070804049185,0.3553166587861146,0.9018586636286442,10,AGT;ATP2B4,GO:BP,Cancer_vs_Healthy
GOBP_REGULATION_OF_MEMBRANE_PERMEABILITY,0.5903097209444955,0.780306869413349,0.029553088428084306,-0.253191872031297,-0.9073995471218878,22,NOL3;SLC25A6;STAT3;PPIF;SLC25A4;VDAC2;SLC25A5;GSK3B;HK2;MTCH2;CAMK2A,GO:BP,Cancer_vs_Healthy
GOBP_REGULATION_OF_MYOBLAST_DIFFERENTIATION,0.5934839554682384,0.780306869413349,0.01913435300778884,0.35513156927961465,0.9013888726102494,10,FLOT2;ACTB;MUSTN1,GO:BP,Cancer_vs_Healthy
GOBP_REGULATION_OF_TUMOR_NECROSIS_FACTOR_MEDIATED_SIGNALING_PATHWAY,0.592433592701905,0.780306869413349,0.02710601405270643,-0.29414706475987373,-0.8958548856564017,13,NOL3;UBE2K;MAPKAPK2,GO:BP,Cancer_vs_Healthy
GOBP_RESPIRATORY_SYSTEM_PROCESS,0.5929635336414998,0.780306869413349,0.026334093659862997,-0.32174335427819467,-0.8915827038763571,10,ATP1A2;GAA;GLS,GO:BP,Cancer_vs_Healthy
GOBP_UBIQUITIN_DEPENDENT_PROTEIN_CATABOLIC_PROCESS_VIA_THE_MULTIVESICULAR_BODY_SORTING_PATHWAY,0.5896777872825777,0.780306869413349,0.028259185783675558,-0.26701455254263917,-0.9043536010764357,18,VPS28;VPS4A;PLAA;VPS37C;TSG101;CHMP6;SNF8;VPS36;VPS25;RNF126;CHMP4B;VPS4B,GO:BP,Cancer_vs_Healthy
GOBP_PROTEIN_FOLDING,0.5943373493975903,0.7804064891785988,0.01462340259675325,0.21848365108789425,0.9290966229456392,102,CLU;B2M;PPIA;PDIA3;PPIB;TBCA;HSP90B1;DNAJB1;ST13;FKBP1A;PDIA4;CALR;AHSA1;CHORDC1;TXNDC5;PDIA6;P4HB;DNAJB4;CCT2;ERP44;HSP90AA1;TBCEL;HSPA8;DNAJB2;HYOU1;PEX19;DNAJB6;SNRNP70;KHSRP;HSPA5;MESD,GO:BP,Cancer_vs_Healthy
GOBP_REGULATION_OF_SODIUM_ION_TRANSMEMBRANE_TRANSPORT,0.5950597609561753,0.7807617820290592,0.01869112532300147,0.32950791352262937,0.9037395595888884,13,AGT;ACTN4;ATP2B4,GO:BP,Cancer_vs_Healthy
GOBP_CHAPERONE_MEDIATED_PROTEIN_COMPLEX_ASSEMBLY,0.5959885386819485,0.7813870977559992,0.02649078279392753,-0.30984753798373077,-0.8911791992247977,11,STUB1;LONP1;PFDN6,GO:BP,Cancer_vs_Healthy
GOBP_EAR_DEVELOPMENT,0.5983309715005511,0.7838634713820715,0.01843025402685479,0.31598894623599066,0.8990581031945303,15,SOD1;SPARC,GO:BP,Cancer_vs_Healthy
GOBP_RESPONSE_TO_UV,0.6008759536592257,0.7866012484266228,0.016772581036692994,0.2625298539302995,0.907694016778283,33,CAT;COL6A2;COL6A1;GPX1;CRIP1;MFAP4;AQP1;COL6A3,GO:BP,Cancer_vs_Healthy
GOBP_MEMBRANE_FISSION,0.6022933011466506,0.787859821636194,0.02889471919783897,-0.2551597316941663,-0.9054874849505078,21,SLC25A46;VPS28;VPS4A;DNM1L;VPS37C;TSG101;CHMP6;SNF8;SH3GLB1;VPS36;VPS25,GO:BP,Cancer_vs_Healthy
GOBP_ORGANOPHOSPHATE_CATABOLIC_PROCESS,0.6032026226200984,0.7884524446955598,0.015066112628423686,0.22703021131165574,0.9196225096840454,76,PNP;APOC2;BPGM;HPRT1;TYMP;COL6A1;GPD1;PGAM1;IDH1;APOC1;HINT1;DUT;CNP;VCP;PGK1;EIF6;SAMHD1;ENO1;GAPDH;PRDX6,GO:BP,Cancer_vs_Healthy
GOBP_SULFUR_COMPOUND_CATABOLIC_PROCESS,0.6048494537703171,0.7894107674585407,0.026626643306864317,-0.2978054591308778,-0.8819235728547455,12,SUCLA2;ACAT1;SUCLG1;FITM2;TST;NUDT19;MLYCD,GO:BP,Cancer_vs_Healthy
GOBP_TRANSCRIPTION_INITIATION_AT_RNA_POLYMERASE_II_PROMOTER,0.6045076469009928,0.7894107674585407,0.026756301648528744,-0.2907931661580383,-0.8856402454018635,13,ELOB;PPP2CA;APOBEC2;ELOC;PADI2,GO:BP,Cancer_vs_Healthy
GOBP_CELLULAR_RESPONSE_TO_IONIZING_RADIATION,0.6073306772908367,0.7910787651132763,0.01838730252261478,0.325141283922073,0.8917632283684741,13,YAP1;TNKS1BP1,GO:BP,Cancer_vs_Healthy
GOBP_FATTY_ACID_TRANSMEMBRANE_TRANSPORT,0.608491794738213,0.7910787651132763,0.02613544032300649,-0.3062578696965276,-0.8808546449924501,11,CPT2;CPT1B;SLC25A20;CPT1A,GO:BP,Cancer_vs_Healthy
GOBP_HORMONE_MEDIATED_SIGNALING_PATHWAY,0.6072982456140351,0.7910787651132763,0.016521139261178687,0.2605716213003211,0.9076007435233664,34,DEFA3;ACTN4;AKR1C3;RHOA;UFM1;PTPN11;CALR;YWHAH;UBA5,GO:BP,Cancer_vs_Healthy
GOBP_NUCLEOSIDE_DIPHOSPHATE_CATABOLIC_PROCESS,0.6077931536780772,0.7910787651132763,0.03223852765784444,-0.2136918368864181,-0.9159751010204484,41,BCL2L13;PFKL;HK1;FBP1;PPP2CA;OGDH;PFKM;PFKFB2;PRKAG1;ENO3;PKM;PRKAA1;STAT3;NUDT9;ARL2;GALK1;PRKAA2;PGM1;DHTKD1;HK2;PRKACA;GPI;MTCH2;PGAM2;ALDOC,GO:BP,Cancer_vs_Healthy
GOBP_POSITIVE_REGULATION_OF_INTRACELLULAR_PROTEIN_TRANSPORT,0.6087613293051359,0.7910787651132763,0.017561501116982434,0.29328498561836547,0.8969772809480254,20,FLNA;CD81;RAN;VAMP2;BCAP31;YWHAE;EMD;HSP90AA1,GO:BP,Cancer_vs_Healthy
GOBP_PROTEINOGENIC_AMINO_ACID_BIOSYNTHETIC_PROCESS,0.608874281018899,0.7910787651132763,0.026988376603236428,-0.278321892989685,-0.885819678094772,15,GLS;GOT2;ADI1;SHMT2;GOT1;ENOPH1,GO:BP,Cancer_vs_Healthy
GOBP_CELLULAR_RESPONSE_TO_HYDROGEN_PEROXIDE,0.61090793448879,0.7911629204367491,0.01826704771841866,0.31922173656741065,0.8918263079338978,14,CAT;TXN;CFL1;AQP1,GO:BP,Cancer_vs_Healthy
GOBP_INORGANIC_ANION_TRANSMEMBRANE_TRANSPORT,0.6112282979068635,0.7911629204367491,0.018560005176635815,0.33844923171199137,0.8843278704116363,11,CLIC1;APOL1;CLIC4,GO:BP,Cancer_vs_Healthy
GOBP_INTRINSIC_APOPTOTIC_SIGNALING_PATHWAY_IN_RESPONSE_TO_OXIDATIVE_STRESS,0.6104797047970479,0.7911629204367491,0.01718041601464741,0.2816601230078179,0.8941208212117154,23,SOD1;FBXO7;PPIA;GPX1;SOD2;P4HB;SFPQ,GO:BP,Cancer_vs_Healthy
GOBP_MIDBRAIN_DEVELOPMENT,0.6108037274315666,0.7911629204367491,0.016973136215528647,0.2745577763022502,0.9031421225146599,27,RHOA;YWHAQ;ACTB;CALM1;CNP;G6PD;CDC42;YWHAH;GLUD1;YWHAE,GO:BP,Cancer_vs_Healthy
GOBP_NEGATIVE_REGULATION_OF_TRANSMEMBRANE_TRANSPORT,0.6101979201610198,0.7911629204367491,0.03060108041223171,-0.23156419882205748,-0.907048648159284,30,ANK3;PLN;CAMK2D;ATP1A2;UBQLN1;BIN1;VDAC1;STXBP3,GO:BP,Cancer_vs_Healthy
GOBP_RESPONSE_TO_ALKALOID,0.6127936597792245,0.7925953922892963,0.02744935194338067,-0.2681382993900343,-0.8887491946541425,17,RYR1;CASQ2;CPT1A;CACNA1S;PPP5C;PRKAA1,GO:BP,Cancer_vs_Healthy
GOBP_STRIATED_MUSCLE_CELL_DIFFERENTIATION,0.6133528980190756,0.7927253610897251,0.014382657698905557,0.21925375331298827,0.9173514227891019,92,CSRP1;CD81;EHD2;CD9;EHD1;CAV2;COL6A1;MYH9;TMOD1;ITGB1;GPX1;MYL9;G6PD;MYH10;FLOT1;TMOD3;CALR,GO:BP,Cancer_vs_Healthy
GOBP_INTRINSIC_APOPTOTIC_SIGNALING_PATHWAY,0.6151415571284126,0.793257172177535,0.014817783628496995,0.22600783288508955,0.9117708464467763,74,CLU;S100A9;SOD1;FBXO7;S100A8;CAV1;PPIA;HNRNPK;GPX1;HINT1;EIF5A;CRIP1;BCAP31;CD44;RPS7;ENO1;SOD2;P4HB;SFPQ;USP15,GO:BP,Cancer_vs_Healthy
GOBP_LONG_CHAIN_FATTY_ACID_IMPORT_INTO_CELL,0.6145351823317925,0.793257172177535,0.025726040944399998,-0.31609857887515364,-0.8759404721108907,10,EPRS1;ACSL3,GO:BP,Cancer_vs_Healthy
GOBP_REGULATION_OF_MITOTIC_NUCLEAR_DIVISION,0.6150487930148947,0.793257172177535,0.025711914639762558,-0.315870159790655,-0.8753075002024853,10,DYNC1LI1;PRMT5;CUL3;PIN1,GO:BP,Cancer_vs_Healthy
GOBP_RESPONSE_TO_ACID_CHEMICAL,0.6168409155128567,0.7948554079091844,0.016390554425696872,0.25995463934939195,0.8987902413332604,33,ALAD;GCLC;ATP2B4;COL6A1;GCLM;CFL1;COL18A1;COL4A1;RRAGC;COL1A2;LAMTOR1;HMGCS2;LAMTOR3;CASP3,GO:BP,Cancer_vs_Healthy
GOBP_REGULATION_OF_CARBOHYDRATE_BIOSYNTHETIC_PROCESS,0.6180073800738007,0.795765091481019,0.01700104614575985,0.27994370783209543,0.8886721175398271,23,SNCA;AP2A1;SORBS1;CLTC,GO:BP,Cancer_vs_Healthy
GOBP_REGULATION_OF_HIPPO_SIGNALING,0.6200373034905409,0.7971908187735526,0.026201312477048783,-0.2944676747030328,-0.8720390301851286,12,PPP2CA;MAPK14;SLMAP;MAP2K3;MOB4;STRN3,GO:BP,Cancer_vs_Healthy
GOBP_REGULATION_OF_MRNA_CATABOLIC_PROCESS,0.6199499463711119,0.7971908187735526,0.031504726984671126,-0.21544193753554536,-0.9056128001949136,38,CIRBP;PABPC4;YBX3;CSDE1;MAPK14;MAPKAPK2;FXR1;PNPT1;DCPS;RIDA,GO:BP,Cancer_vs_Healthy
GOBP_HIPPOCAMPUS_DEVELOPMENT,0.6207393182909265,0.7975000312317629,0.01812501792538766,0.32528936492490546,0.874551277335418,12,ATP2B4;CFL1;RAN;CRK;YWHAE,GO:BP,Cancer_vs_Healthy
GOBP_TUMOR_NECROSIS_FACTOR_MEDIATED_SIGNALING_PATHWAY,0.6217178460169115,0.7981637725982341,0.016987083592100466,0.2821405812678296,0.8869569570813368,22,ILK;ACTN4;ANXA4;EIF5A;LIMS1;ADAM10;TXNDC17,GO:BP,Cancer_vs_Healthy
GOBP_RESPONSE_TO_INSULIN,0.6234165067178503,0.7997503516024094,0.014802963784558398,0.22688013457015113,0.9050407248952637,69,CAT;SLC2A1;RBP4;BLVRB;GCLC;MYO1C;CAV2;CTSD;COL6A1;RAB8A;SORBS1;PTPN11,GO:BP,Cancer_vs_Healthy
GOBP_GASTRULATION,0.6264350453172205,0.8002041320899449,0.01714151505212773,0.2885664529579139,0.8825462094531358,20,FN1;COL6A1;MYH9;ITGB1;ITGA7;LAMB1;COL4A2;UGDH,GO:BP,Cancer_vs_Healthy
GOBP_LONG_TERM_SYNAPTIC_POTENTIATION,0.626481909160893,0.8002041320899449,0.017419957501853534,0.2945249888959975,0.8780573280303631,18,SNCA;APOE,GO:BP,Cancer_vs_Healthy
GOBP_MICROTUBULE_BASED_TRANSPORT,0.6253041362530414,0.8002041320899449,0.03080834269412244,-0.2226665383976556,-0.9031016530333479,34,MAPT;MAP1S;FYCO1;SYNE2;LRPPRC;OPA1;RAB21;DCTN1,GO:BP,Cancer_vs_Healthy
GOBP_POSITIVE_REGULATION_OF_LIPID_BIOSYNTHETIC_PROCESS,0.6268882175226587,0.8002041320899449,0.0171309262252782,0.2884770781513526,0.8822728672266131,20,APOC2;APOE,GO:BP,Cancer_vs_Healthy
GOBP_REGULATION_OF_INTRINSIC_APOPTOTIC_SIGNALING_PATHWAY_IN_RESPONSE_TO_DNA_DAMAGE,0.6243712477689437,0.8002041320899449,0.018243905889494486,0.3346735088156773,0.8744623524098013,11,CLU;HNRNPK;CD44,GO:BP,Cancer_vs_Healthy
GOBP_REGULATION_OF_PROTEIN_SECRETION,0.6270118025751072,0.8002041320899449,0.01539914752098412,0.2383975291178729,0.897105017630104,50,APOE;RBP4;SRI;PPIA;ARFIP1;GNAS;PSMD9;EIPR1;PTPN11;MYH10;GNAI1,GO:BP,Cancer_vs_Healthy
GOBP_REGULATION_OF_RELEASE_OF_SEQUESTERED_CALCIUM_ION_INTO_CYTOSOL,0.624797287335987,0.8002041320899449,0.016824150103623304,0.2766654318318381,0.8868301240147747,24,SNCA;THY1;SRI,GO:BP,Cancer_vs_Healthy
GOBP_POLYOL_BIOSYNTHETIC_PROCESS,0.6283987915407855,0.8007913803705585,0.017849435227196446,0.3143857902951229,0.8783158742279829,14,SNCA,GO:BP,Cancer_vs_Healthy
GOBP_REGULATION_OF_VIRAL_GENOME_REPLICATION,0.6280635604632373,0.8007913803705585,0.026164674516384486,-0.2802705066997182,-0.8737070471176528,14,MAVS;PPID;DDB1,GO:BP,Cancer_vs_Healthy
GOBP_GRANULOCYTE_ACTIVATION,0.6293385723641126,0.8013979757149495,0.018259329007975816,0.3440781285368879,0.8733332184487184,10,ANXA1;PTPN11;VAMP2;CTSG,GO:BP,Cancer_vs_Healthy
GOBP_AMINO_ACID_TRANSMEMBRANE_TRANSPORT,0.6344138834315651,0.803311539972455,0.01814029492869372,0.34249790113185985,0.8693223122880088,10,SFXN3;ITGB1;SEPTIN2,GO:BP,Cancer_vs_Healthy
GOBP_KETONE_METABOLIC_PROCESS,0.636245110821382,0.803311539972455,0.0147792844303303,0.23029714043536065,0.8994651679479213,61,SNCA;APOC2;AKR1C1;CAV1;AKR1C3;AKR1C2;ACADL;APOC1;FABP5;KDSR;CBR1;PGK1;EIF6,GO:BP,Cancer_vs_Healthy
GOBP_LATE_ENDOSOME_TO_VACUOLE_TRANSPORT,0.6357203509765073,0.803311539972455,0.02681007621983046,-0.2635447108791058,-0.8735236632811634,17,VPS28;VPS4A;VPS37C;TSG101;CHMP6;SNF8;VTA1;VPS36;VPS25,GO:BP,Cancer_vs_Healthy
GOBP_L_AMINO_ACID_TRANSPORT,0.6344138834315651,0.803311539972455,0.01814029492869372,0.34249790113185985,0.8693223122880088,10,SFXN3;ITGB1;SEPTIN2,GO:BP,Cancer_vs_Healthy
GOBP_MULTICELLULAR_ORGANISMAL_RESPONSE_TO_STRESS,0.6364198485082702,0.803311539972455,0.017247889148804058,0.2963330870578943,0.8707508679813919,17,APOE;COL6A1;THBS4;THBS1,GO:BP,Cancer_vs_Healthy
GOBP_NEGATIVE_REGULATION_OF_WNT_SIGNALING_PATHWAY,0.6333067729083666,0.803311539972455,0.017767554944816806,0.317597986894057,0.871074268698074,13,APOE;CAV1,GO:BP,Cancer_vs_Healthy
GOBP_POSITIVE_REGULATION_OF_GLUCOSE_METABOLIC_PROCESS,0.6320277111644018,0.803311539972455,0.025875331394094793,-0.2918967076194032,-0.8644253468003317,12,ARPP19;DDB1;PRKAG1;PHKA1;NNMT,GO:BP,Cancer_vs_Healthy
GOBP_PROTEIN_N_LINKED_GLYCOSYLATION,0.6352191235059761,0.803311539972455,0.017723116375145752,0.3170631665299426,0.869607419798584,13,PMM2;RPN1;STT3A;MAGT1;PGM3;UGGT1;GFPT1;OSTC;DAD1;STT3B;MOGS;DDOST;RPN2,GO:BP,Cancer_vs_Healthy
GOBP_REGULATION_OF_GLUCOSE_METABOLIC_PROCESS,0.633722766024629,0.803311539972455,0.028795602258958393,-0.23759701694833002,-0.8866451717658526,25,ARPP19;FBP1;DDB1;PRKAG1;ACADM;PHKA1;NNMT;BCKDK,GO:BP,Cancer_vs_Healthy
GOBP_SKELETAL_MUSCLE_ORGAN_DEVELOPMENT,0.6315568610994544,0.803311539972455,0.03428268500329419,-0.19797970435884632,-0.9155910826563322,57,MYH14;MTM1;CSRP3;RYR1;YBX3;NACA;MAPK14;CACNA1S;MYLK2;MYL3;FXR1;PRKAA1;DMD;PPIF;CFL2;STAC3;MYOM2;KLHL40;MYL6B;MYOM1;CASQ1;SMYD1;PPP3CB;COPS2;SIRT2;FLNB;EEF2,GO:BP,Cancer_vs_Healthy
GOBP_SPINDLE_ORGANIZATION,0.6326530612244898,0.803311539972455,0.015285190870940383,0.23820632552491408,0.8930487763819243,49,FLNA;ILK;MYH9;RHOA;CLTC;PTPA;TUBB;RAN;VCP;GNAI1;MAPRE1;STMN1;KPNB1;EZR,GO:BP,Cancer_vs_Healthy
GOBP_TYPE_II_INTERFERON_PRODUCTION,0.6355599214145383,0.803311539972455,0.01811357240235277,0.34229233692289573,0.8688005527301552,10,HMGB1;UBA5;HLA-A;HRAS;UFSP2,GO:BP,Cancer_vs_Healthy
GOBP_POSITIVE_REGULATION_OF_PROTEIN_TRANSPORT,0.636899747262005,0.8033304841377699,0.034189115358794986,-0.19666948541869086,-0.9124446667161173,58,MAVS;ACSL3;VPS28;MPC2;STX4;PPID;PRKAR1A;CHP1;MCU;MAPK14;PFKM;DNM1L;PFKFB2;PPM1A;DYNLL1;IPO5,GO:BP,Cancer_vs_Healthy
GOBP_MORPHOGENESIS_OF_EMBRYONIC_EPITHELIUM,0.6387250996015936,0.8044584344836399,0.017642050196865215,0.31612426513767355,0.8670323000642037,13,CFL1;RPS7;PFN1;VASP;TMED2;CASP3;RALA,GO:BP,Cancer_vs_Healthy
GOBP_PEPTIDYL_AMINO_ACID_MODIFICATION,0.6386170906718852,0.8044584344836399,0.014734992508047676,0.2297548491271843,0.8938000668962786,59,S100A9;EFEMP1;S100A8;SUMO2;PPIA;TXN;CSPG4;HINT1;THBS4;DMTN;P4HB;GAPDH;MVP;RAP2B;RANGAP1;MAPK3,GO:BP,Cancer_vs_Healthy
GOBP_HEART_MORPHOGENESIS,0.6402898138940191,0.805255311796845,0.015928992956591444,0.2593276315951948,0.8824042537270759,31,RBP4;YAP1;ILK;PARVA;LEMD2;FKBP1A;CDC42;NRP1,GO:BP,Cancer_vs_Healthy
GOBP_INTERFERON_BETA_PRODUCTION,0.6400213162803091,0.805255311796845,0.025662597036813454,-0.29026603100127146,-0.8595962474499353,12,MAVS;NLRX1,GO:BP,Cancer_vs_Healthy
GOBP_BASE_EXCISION_REPAIR,0.6417565485362096,0.8059268283943097,0.024998418312596637,-0.3099651721022856,-0.8589441944199488,10,RPS3;USP47;RPA1;PARP1;RPA3,GO:BP,Cancer_vs_Healthy
GOBP_CELL_MATURATION,0.6413163281373012,0.8059268283943097,0.01740552915894709,0.3055274956170705,0.8692929735526682,15,C3;G6PD;MTCH1,GO:BP,Cancer_vs_Healthy
GOBP_REGULATION_OF_MONOATOMIC_ION_TRANSMEMBRANE_TRANSPORT,0.6432122370936902,0.8065825440478206,0.01429662101591908,0.2232697306105345,0.8948306545792274,71,SNCA;AGT;STOM;THY1;SRI;FLNA;ACTN4;CAV1;ATP2B4;AHNAK;YWHAQ;GNB2;CALM1;G6PD;FKBP1A;CLIC2;VAMP2,GO:BP,Cancer_vs_Healthy
GOBP_VESICLE_DOCKING,0.6427837699024139,0.8065825440478206,0.02497177154019651,-0.3095178026931748,-0.8577044894746785,10,USO1;STX4,GO:BP,Cancer_vs_Healthy
GOBP_POSITIVE_REGULATION_OF_MITOTIC_CELL_CYCLE,0.6436881908086096,0.8065940491060749,0.027066681274404036,-0.25288556003641893,-0.8715807811143028,19,EIF4G1;HSPA2;CUL4A;STAT5B;CUL3;PAFAH1B1;CUL4B,GO:BP,Cancer_vs_Healthy
GOBP_CELL_CYCLE_G1_S_PHASE_TRANSITION,0.6446938485580338,0.8066842652485752,0.015829637210008615,0.2582822350252587,0.8788471226397754,31,FBXO7;ANXA1;ATP2B4;PSME2;ACTB;ITGB1;PSME1;GPNMB,GO:BP,Cancer_vs_Healthy
GOBP_MACROAUTOPHAGY,0.6444020356234097,0.8066842652485752,0.042983094455319844,-0.17607370892373983,-0.9317084509906212,114,MFN2;PIP4K2B;VPS28;MTM1;STBD1;SCFD1;BCL2L13;FYCO1;EIF2S1;GAA;STUB1;VPS4A;UBQLN1;ATP2A2;OPTN,GO:BP,Cancer_vs_Healthy
GOBP_RESPONSE_TO_OXYGEN_LEVELS,0.646414342629482,0.8081715427325541,0.037363235566053705,-0.18657545999831857,-0.9227587015183284,78,FAM162A;FIS1;NOL3;ATP1B1;AIFM1;SDHD;STUB1;UBQLN1;MT-ND4;RYR1;LONP1;MT-ND5;ENDOG;CPT1A;MT-ATP6;TFAM,GO:BP,Cancer_vs_Healthy
GOBP_VIRAL_GENOME_REPLICATION,0.6468178493050476,0.8081715427325541,0.016208584235469402,0.26972670590791703,0.8734878532130362,25,STOM;PPIA;PPIB;IFITM1;EEF1A1;VCP;DEK;LTF;RAD23A,GO:BP,Cancer_vs_Healthy
GOBP_EXTRINSIC_APOPTOTIC_SIGNALING_PATHWAY_VIA_DEATH_DOMAIN_RECEPTORS,0.6476387342979806,0.8086125237477677,0.01740552915894709,0.308782004563083,0.8626602876329189,14,PEA15;LGALS3;GPX1;THBS1,GO:BP,Cancer_vs_Healthy
GOBP_NEGATIVE_REGULATION_OF_TRANSFORMING_GROWTH_FACTOR_BETA_RECEPTOR_SIGNALING_PATHWAY,0.6524089680394339,0.8139802864780807,0.017297835766890257,0.3078357434389384,0.8600166688939139,14,FBN1;CAV2;ASPN;FKBP1A,GO:BP,Cancer_vs_Healthy
GOBP_PROTEIN_LOCALIZATION_TO_VACUOLE,0.6529626920263351,0.8140833562925736,0.016071301237850298,0.2683755969474735,0.8691123974666645,25,CLU;CD81;STAM;AP3B1;RAB7A,GO:BP,Cancer_vs_Healthy
GOBP_NUCLEOTIDE_SUGAR_METABOLIC_PROCESS,0.6541542327626826,0.8149809042638179,0.017078113228016112,0.2960658215365771,0.8550672290659476,16,GUK1;PMM2;NANS;UGDH;GNPDA2;GSK3A,GO:BP,Cancer_vs_Healthy
GOBP_MIDBODY_ABSCISSION,0.6561376476630714,0.8156876655840196,0.02463044399586581,-0.305612453912331,-0.8468823811721887,10,VPS4A;CHMP6;CHMP4B;VPS4B;CHMP2A;CHMP5;IST1;PDCD6IP;CHMP3;CHMP1B,GO:BP,Cancer_vs_Healthy
GOBP_REGULATION_OF_SKELETAL_MUSCLE_CONTRACTION,0.6556240369799692,0.8156876655840196,0.02464340059283596,-0.3057890743891528,-0.8473718140079904,10,C12orf57;MYH7;DMD;CAV3;ATP2A1;CASQ1,GO:BP,Cancer_vs_Healthy
GOBP_REGULATION_OF_SPINDLE_ASSEMBLY,0.6559449511921908,0.8156876655840196,0.017312142293587893,0.31570315703157037,0.8487784385589199,12,CHMP1B;CHMP3;HSPA1A;PDCD6IP;HNRNPU;CHMP5;CHMP2A;VPS4B;DRG1;CHMP4B;DYNC1H1;CHMP6,GO:BP,Cancer_vs_Healthy
GOBP_AMIDE_METABOLIC_PROCESS,0.6591549295774648,0.817087315860731,0.04490820199039163,-0.17302898811587772,-0.9406382538780621,132,XPNPEP1;ACOT9;ACSL3;MPC2;ACACA;OPLAH;DLAT;PDHX;DLD;PDHB;OXSM;NIT1;MMUT;DLST;PDHA1;FH;SUCLA2;PANK4;MCCC2;BIN1;HSD17B4;MCCC1;OGDH;ACAT1;SUCLG1;RTN2;ETHE1;MECR;PM20D2;GCDH;FITM2;NEU3;PRKAA1,GO:BP,Cancer_vs_Healthy
GOBP_INTEGRATED_STRESS_RESPONSE_SIGNALING,0.6585048189632717,0.817087315860731,0.024806505371284805,-0.29495149589626224,-0.8483354091933722,11,EIF2S1;ARIH1;NCK1;ATAD3A;MAP3K20,GO:BP,Cancer_vs_Healthy
GOBP_MEMBRANE_DOCKING,0.6589526776442665,0.817087315860731,0.016139764152162093,0.2735520555691566,0.8599574641857063,22,MSN;CAV2;RAB8A;ESYT1;CALM1;RAB7A;STX7,GO:BP,Cancer_vs_Healthy
GOBP_POSITIVE_REGULATION_OF_CYTOSOLIC_CALCIUM_ION_CONCENTRATION,0.6579742407377962,0.817087315860731,0.017173334292542503,0.3061362527134419,0.8552687135842749,14,CAV1;CD36;HMGB1,GO:BP,Cancer_vs_Healthy
GOBP_JNK_CASCADE,0.6597382602001539,0.817224167473739,0.01666325025440515,0.2871903043922457,0.8561906826857666,18,SERPINF2;SDCBP;HMGB1;TNXB;CRK,GO:BP,Cancer_vs_Healthy
GOBP_NEGATIVE_REGULATION_OF_UBIQUITIN_DEPENDENT_PROTEIN_CATABOLIC_PROCESS,0.6611345805672902,0.8183671598999123,0.027240656211520872,-0.24490241597053736,-0.8690872624104384,21,MTM1;CSNK2A1;CSNK2B;UCHL5;USP9X;BAG6;KLHL40;CCAR2;USP7;RPL11;SGTA,GO:BP,Cancer_vs_Healthy
GOBP_REGULATION_OF_POTASSIUM_ION_TRANSMEMBRANE_TRANSPORT,0.6630756800430918,0.8201823730239532,0.025247630726912614,-0.27282539255125027,-0.850497866905619,14,ANK3;ATP1B1;FHL1;BIN1,GO:BP,Cancer_vs_Healthy
GOBP_MUSCLE_SYSTEM_PROCESS,0.6645004061738424,0.8212177260196566,0.04835173516094115,-0.16868721489673427,-0.9370919666587696,154,MYH14;CAMK2B;PLN;CAMK2D;ATP1A2;NOL3;ATP1A1;CSRP3;ATP1B1;JSRP1;CACNB1;GAA;STUB1;RYR1;MYOF;ATP2A2;CASQ2;CACNG1;MAP2K6;CACNA2D1;BIN1;SLMAP;CACNA1S;MYLK2;GPD1L;MYL3;NDUFS6;SGCD;CKMT2;MYH2;ANK2;C12orf57;FXYD1;DTNA;RCSD1;MYL1;MYH7;CAMK2G;LMCD1;DMD;MAP2K3;SNTA1;GAMT;STAC3,GO:BP,Cancer_vs_Healthy
GOBP_RIBONUCLEOSIDE_MONOPHOSPHATE_BIOSYNTHETIC_PROCESS,0.6648631936929974,0.8212177260196566,0.016608929135543685,0.2895529295628555,0.8508279222095546,17,HPRT1;CMPK1;ADK;ATIC;APRT;PFAS,GO:BP,Cancer_vs_Healthy
GOBP_GLUTAMINE_FAMILY_AMINO_ACID_CATABOLIC_PROCESS,0.6661755075311068,0.8212957525934625,0.017419957501853534,0.33322542808587197,0.845787079860809,10,FAH;ATP2B4,GO:BP,Cancer_vs_Healthy
GOBP_IMPORT_ACROSS_PLASMA_MEMBRANE,0.665830258302583,0.8212957525934625,0.01591613114760131,0.2703003921288704,0.8580597281689254,23,SLC2A1;ATP2B4;CD36;ITGB1;SEPTIN2;THBS1,GO:BP,Cancer_vs_Healthy
GOBP_NEGATIVE_REGULATION_OF_AUTOPHAGY,0.6669733210671573,0.8212957525934625,0.027368682586879602,-0.24134690136224024,-0.8649490492660735,22,MTM1;SCFD1;EIF4G1,GO:BP,Cancer_vs_Healthy
GOBP_POSITIVE_REGULATION_OF_KINASE_ACTIVITY,0.6670155502392344,0.8212957525934625,0.016077806253931713,0.2761928785730725,0.8569287733644633,21,FBN1;PPIA;RHOA;SNX9;LTF;XRCC6,GO:BP,Cancer_vs_Healthy
GOBP_TRANSLATIONAL_ELONGATION,0.66730279898218825,0.8212957525934625,0.02800326581878029,-0.22915938325165694,-0.8670890011967417,26,HBS1L;TSFM;EEF1G;EEF1A2;GFM1,GO:BP,Cancer_vs_Healthy
GOBP_CARDIAC_CHAMBER_MORPHOGENESIS,0.6678884462151394,0.8214314840282996,0.016987083592100466,0.30783871350600844,0.8443075627354362,13,RBP4;PARVA;FKBP1A;NRP1,GO:BP,Cancer_vs_Healthy
GOBP_REGULATION_OF_CANONICAL_WNT_SIGNALING_PATHWAY,0.6691197691197691,0.8223605697289907,0.015517184822947151,0.2592924143211086,0.8621513986836908,28,APOE;YAP1;ILK;CAV1;VCP;GNAQ;EMD;G3BP1;RUVBL1;VPS35;DDX3X;GSK3A,GO:BP,Cancer_vs_Healthy
GOBP_DE_NOVO_POST_TRANSLATIONAL_PROTEIN_FOLDING,0.6746968981262793,0.8250863823323288,0.01666325025440515,0.2973625761581104,0.8460619805418353,15,DNAJB1;ST13;DNAJB4;HSPA8;HSPA5;HSPH1;HSPA1A,GO:BP,Cancer_vs_Healthy
GOBP_ER_NUCLEUS_SIGNALING_PATHWAY,0.6733099919202801,0.8250863823323288,0.024991751289564358,-0.2703557140812724,-0.8427989637682788,14,EIF2S1;ATP2A2;EIF2A;NCK1;ATAD3A;GSK3B;ERLIN2;AKT2,GO:BP,Cancer_vs_Healthy
GOBP_GLIAL_CELL_MIGRATION,0.6733733571312672,0.8250863823323288,0.0171309262252782,0.32088621533260264,0.838437782866671,11,CD9;RRAS;CSPG4,GO:BP,Cancer_vs_Healthy
GOBP_POSITIVE_REGULATION_OF_MACROAUTOPHAGY,0.675118177911474,0.8250863823323288,0.015282124100826721,0.25535424795411793,0.8566144504919113,29,GNAI3;FBXO7;PAFAH1B2;DCN,GO:BP,Cancer_vs_Healthy
GOBP_REGULATION_OF_EARLY_ENDOSOME_TO_LATE_ENDOSOME_TRANSPORT,0.6735356157715399,0.8250863823323288,0.017127398564942026,0.32084478719580134,0.8383295360380187,11,MSN;EZR;SNX3;MAPK3;SNX12;CHMP3,GO:BP,Cancer_vs_Healthy
GOBP_REGULATION_OF_EXOSOMAL_SECRETION,0.672107537205953,0.8250863823323288,0.016955723278457895,0.31156009151657527,0.8376396691157204,12,STAM;SDCBP;RAB7A,GO:BP,Cancer_vs_Healthy
GOBP_REGULATION_OF_MITOCHONDRIAL_MEMBRANE_PERMEABILITY_INVOLVED_IN_APOPTOTIC_PROCESS,0.6751574910983292,0.8250863823323288,0.025227238415698298,-0.2658541799006744,-0.8461384820650559,15,NOL3;SLC25A6;SLC25A4;VDAC2;SLC25A5;GSK3B;MTCH2;CAMK2A,GO:BP,Cancer_vs_Healthy
GOBP_REGULATION_OF_STEROID_METABOLIC_PROCESS,0.6749815498154982,0.8250863823323288,0.015718342322605397,0.26821074889889107,0.8514262242817714,23,AGT;APOE;AKR1C3;ACADL;ASAH1;GNAI1;KPNB1,GO:BP,Cancer_vs_Healthy
GOBP_CENTRAL_NERVOUS_SYSTEM_NEURON_DEVELOPMENT,0.6762177650429799,0.8255059581922739,0.024367764741697977,-0.29075661654578594,-0.8362701552793702,11,MAPT;UQCRQ;OGDH;C12orf57;PAFAH1B1,GO:BP,Cancer_vs_Healthy
GOBP_TIGHT_JUNCTION_ORGANIZATION,0.6764562712964466,0.8255059581922739,0.017064066500867316,0.32020477063402647,0.8366572483503215,11,MYO1C;ESAM;PECAM1;RAC1;PDCD6IP;MYLK3,GO:BP,Cancer_vs_Healthy
GOBP_REGULATION_OF_INTRACELLULAR_STEROID_HORMONE_RECEPTOR_SIGNALING_PATHWAY,0.67768855298378206,0.8258433142143692,0.01659876920375459,0.2966612502867556,0.8440665540715986,15,RHOA;UFM1;CALR;UBA5;WBP2,GO:BP,Cancer_vs_Healthy
GOBP_T_CELL_RECEPTOR_SIGNALING_PATHWAY,0.677482057416268,0.8258433142143692,0.015852007757704106,0.2739707095456991,0.8500341691709239,21,THY1;CD81;LGALS3,GO:BP,Cancer_vs_Healthy
GOBP_POSITIVE_REGULATION_OF_PROTEIN_IMPORT_INTO_NUCLEUS,0.6785621255535296,0.826325125409795,0.024310839083241324,-0.2903799532339372,-0.8351868014763514,11,MAVS;MAPK14;IPO5;TRIM28;BAG3,GO:BP,Cancer_vs_Healthy
GOBP_POSITIVE_REGULATION_OF_MRNA_CATABOLIC_PROCESS,0.6794795978710823,0.826745910659132,0.0264159276456378,-0.24214911667480765,-0.848058939150792,20,CSDE1;FXR1;PNPT1;DCPS;RIDA;YBX1;QKI;PABPC1;CELF1,GO:BP,Cancer_vs_Healthy
GOBP_REGULATION_OF_MUSCLE_ORGAN_DEVELOPMENT,0.67986454805939045,0.826745910659132,0.02427932613562514,-0.29019715799209755,-0.8346610483323863,11,MTM1;YBX3;NACA;PRKAA1,GO:BP,Cancer_vs_Healthy
GOBP_ACTIN_MYOSIN_FILAMENT_SLIDING,0.6805817398330192,0.8270360382780992,0.024813074163345772,-0.2686249309170432,-0.837403471158563,14,MYLK2;MYH2;MYL1;MYH7;MYL6B,GO:BP,Cancer_vs_Healthy
GOBP_REGULATION_OF_CELLULAR_RESPONSE_TO_INSULIN_STIMULUS,0.6812045690550363,0.8272111702931152,0.015658309637246567,0.26879070718250486,0.8449893548210351,22,BLVRB;MYO1C;CTSD;SORBS1;PTPN11,GO:BP,Cancer_vs_Healthy
GOBP_REGULATION_OF_NON_CANONICAL_NF_KAPPAB_SIGNAL_TRANSDUCTION,0.6817551963048499,0.8272984404598179,0.016185604234481957,0.28239852161800766,0.8419051037438211,18,ACTN4;RHOA;HMGB1;VCP;CALR;EZR;PRDX1,GO:BP,Cancer_vs_Healthy
GOBP_HEMATOPOIETIC_PROGENITOR_CELL_DIFFERENTIATION,0.6829903620734566,0.8282156811669706,0.024204019965755136,-0.28942807074357335,-0.8324490102354117,11,EML1;PRKDC;SBDS;HSPA9,GO:BP,Cancer_vs_Healthy
GOBP_RAS_PROTEIN_SIGNAL_TRANSDUCTION,0.6840231419670671,0.8283055286048296,0.015598543552568279,0.2681578068464473,0.8429997248511709,22,GNB1;PICALM;RRAS;SDCBP;KRAS;G3BP1;STAMBP;RALA;RASA4;RRAS2,GO:BP,Cancer_vs_Healthy
GOBP_WNT_SIGNALING_PATHWAY,0.6836021505376344,0.8283055286048296,0.014182690066528506,0.23106483816020257,0.8632255894518993,48,APOE;YAP1;ILK;CAV1;COL6A1;RHOA;HSP90B1;VCP;GNAQ;CDC42;FERMT2;EMD;G3BP1;SNX3;EPM2A;RUVBL1;MESD;VPS35;DDX3X;GSK3A,GO:BP,Cancer_vs_Healthy
GOBP_REGULATION_OF_SIGNAL_TRANSDUCTION_BY_P53_CLASS_MEDIATOR,0.6860516605166052,0.8301801606251356,0.015482910485645445,0.26603203444397305,0.8445099667128465,23,HNRNPK;RPL23;EIF5A;CD44;RPS7;USP15;MIF;RPS20,GO:BP,Cancer_vs_Healthy
GOBP_NEURON_CELLULAR_HOMEOSTASIS,0.687183586464162,0.8303868793077426,0.02447600793917775,-0.2798022455932758,-0.8286087059873415,12,ATP2A2;DCTN1;PRKAA1;IMMT;ATP6V1B2,GO:BP,Cancer_vs_Healthy
GOBP_PROTEIN_EXPORT_FROM_NUCLEUS,0.6867763558805606,0.8303868793077426,0.01592577633851907,0.2776959006152309,0.8393741600569979,19,NUTF2;TXN;PTPN11;RAN;CALR;YWHAE;EMD;RANGAP1,GO:BP,Cancer_vs_Healthy
GOBP_DOUBLE_STRAND_BREAK_REPAIR,0.6880474710370161,0.8304536941504496,0.014808889849382922,0.24624490603273486,0.8513889926110506,33,ACTR2;TNKS1BP1;ACTB;HMGB1;FUS;VCP;SAMHD1;SFPQ;DEK;RPA2;RUVBL1;XRCC6;HMGB2;EYA3;RUVBL2;UBE2V2;UBE2N,GO:BP,Cancer_vs_Healthy
GOBP_GLUTAMATE_METABOLIC_PROCESS,0.6882000520969003,0.8304536941504496,0.024079517055296124,-0.2881029677798897,-0.8286377674359675,11,ALDH5A1;ALDH4A1;GLS;GOT2;GOT1,GO:BP,Cancer_vs_Healthy
GOBP_REGULATION_OF_MRNA_PROCESSING,0.6897286546384429,0.8305582684426686,0.014853415119317485,0.24998177394099663,0.8506034598893204,31,PTBP1;HNRNPA1;HNRNPK;HNRNPL;PRDX6;DAZAP1;SNRNP70;RBM3;SRSF6;RBMX;TRA2B;SRSF2;NCL;RBM8A,GO:BP,Cancer_vs_Healthy
GOBP_REGULATION_OF_RELEASE_OF_CYTOCHROME_C_FROM_MITOCHONDRIA,0.6895626509256775,0.8305582684426686,0.02453369703404855,-0.2725402635814277,-0.8300491689992626,13,FAM162A;NOL3;OPA1;PPIF;FXN,GO:BP,Cancer_vs_Healthy
GOBP_TEMPERATURE_HOMEOSTASIS,0.6896405321256722,0.8305582684426686,0.014800001687396366,0.24801690358962242,0.8514002170512021,32,CAV1;FABP4;ACADL;GNAS;CD36;GPX1;FABP5,GO:BP,Cancer_vs_Healthy
GOBP_REGULATION_OF_MITOTIC_SPINDLE_ASSEMBLY,0.6905727730001623,0.830995648846992,0.01676229190456413,0.31557377049180324,0.8245569919161948,11,CHMP1B;CHMP3;HSPA1A;PDCD6IP;HNRNPU;CHMP5;CHMP2A;VPS4B;DRG1;CHMP4B;CHMP6,GO:BP,Cancer_vs_Healthy
GOBP_EXECUTION_PHASE_OF_APOPTOSIS,0.6921115537848606,0.8312255700381321,0.01646740771565482,0.3017738525423995,0.827673501605844,13,CTSD;COL6A1,GO:BP,Cancer_vs_Healthy
GOBP_LATE_ENDOSOME_TO_LYSOSOME_TRANSPORT,0.692090395480226,0.8312255700381321,0.023755513276285566,-0.2974190905366653,-0.8241777596930417,10,VPS4A;CHMP6;CHMP4B;VPS4B;ARL8B;CHMP2A;CHMP5;CHMP3;CHMP1B;VPS35,GO:BP,Cancer_vs_Healthy
GOBP_REGULATION_OF_EMBRYONIC_DEVELOPMENT,0.6922069417157826,0.8312255700381321,0.016858644426829855,0.32477617695891936,0.8243413352226349,10,SEPTIN7;CFL1;RAB14,GO:BP,Cancer_vs_Healthy
GOBP_NEGATIVE_REGULATION_OF_MUSCLE_HYPERTROPHY,0.6936556871653415,0.8323868245984098,0.01669731696312736,0.3147209005616696,0.8223285435157122,11,ATP2B4;G6PD;GLRX3;LMNA;GSK3A;IGFBP5,GO:BP,Cancer_vs_Healthy
GOBP_FATTY_ACID_METABOLIC_PROCESS,0.696159122085048,0.8326013711386913,0.042935926987421734,-0.17023013367845954,-0.9179066767342918,126,ACOT9;ACSL3;HADHA;HADHB;ECI2;ACACA;CPT2;ACADVL;ETFDH;CRAT;OXSM;CPT1B;MMUT;ACADSB;HSD17B4;PLAA;MAPK14;CPT1A;HSD17B8;ACAT1;ECH1;MECR;HSD17B10;NDUFS6;AUH;ACAA1;PRKAG1;ECI1;GCDH;CES2;LYPLA2;IVD;PRKAA1;PLIN5,GO:BP,Cancer_vs_Healthy
GOBP_INSULIN_SECRETION_INVOLVED_IN_CELLULAR_RESPONSE_TO_GLUCOSE_STIMULUS,0.6951972095519184,0.8326013711386913,0.02439950321337612,-0.27154326319546174,-0.8270127026401709,13,MPC2;STX4;JAGN1;DYNLL1;OXCT1,GO:BP,Cancer_vs_Healthy
GOBP_LIMBIC_SYSTEM_DEVELOPMENT,0.6951661155723509,0.8326013711386913,0.016228313372841207,0.29171930365413823,0.8300056281482869,15,ATP2B4;CFL1;RAN;CRK;NRP1;YWHAE,GO:BP,Cancer_vs_Healthy
GOBP_REGULATION_OF_ENDOPLASMIC_RETICULUM_UNFOLDED_PROTEIN_RESPONSE,0.6961992809450437,0.8326013711386913,0.023659346074471215,-0.2966364121904054,-0.8220088804700678,10,COPS5;NCK1;ATAD3A,GO:BP,Cancer_vs_Healthy
GOBP_REGULATION_OF_INSULIN_RECEPTOR_SIGNALING_PATHWAY,0.6962436234348431,0.8326013711386913,0.01593864748081226,0.2816693942197199,0.8276627896522977,17,BLVRB;CTSD;SORBS1;PTPN11,GO:BP,Cancer_vs_Healthy
GOBP_PROTEIN_INSERTION_INTO_MITOCHONDRIAL_OUTER_MEMBRANE,0.6979969183359014,0.834120798675268,0.023617507240153032,-0.2959517926486668,-0.8201117319072971,10,MTX1;SAMM50,GO:BP,Cancer_vs_Healthy
GOBP_POSITIVE_REGULATION_OF_DNA_REPAIR,0.7003986507206379,0.8364124868315564,0.026520848801229232,-0.23597736143623088,-0.8457054690593934,22,RPS3;PRMT1;PRKDC;FH,GO:BP,Cancer_vs_Healthy
GOBP_REGULATION_OF_REGULATED_SECRETORY_PATHWAY,0.7017026850032744,0.83739104950667,0.016659848507133583,0.3222594884651788,0.8179535195500218,10,GNAI2;RAP1B;LAMP1,GO:BP,Cancer_vs_Healthy
GOBP_CELLULAR_RESPONSE_TO_CALCIUM_ION,0.7033492822966507,0.8387767838568754,0.015309749781704721,0.2674332496557084,0.8297507443650706,21,ADD1;AKR1C3;CLIC4;IQGAP1,GO:BP,Cancer_vs_Healthy
GOBP_INSULIN_RECEPTOR_SIGNALING_PATHWAY,0.7043614149737178,0.8394045000514375,0.014550462675125915,0.24750944202400488,0.8421909502513804,31,BLVRB;CAV2;CTSD;COL6A1;SORBS1;PTPN11,GO:BP,Cancer_vs_Healthy
GOBP_NEGATIVE_REGULATION_OF_ERK1_AND_ERK2_CASCADE,0.7051760506246958,0.8394758037319029,0.016457357669493432,0.3112362829808217,0.8132236493226224,11,FBLN1,GO:BP,Cancer_vs_Healthy
GOBP_POSITIVE_REGULATION_OF_CYTOKINE_PRODUCTION_INVOLVED_IN_IMMUNE_RESPONSE,0.7053928628580572,0.8394758037319029,0.01625136818072892,0.3014688985951762,0.8105091612945224,12,CD81;B2M;CD36,GO:BP,Cancer_vs_Healthy
GOBP_INTRACELLULAR_RECEPTOR_SIGNALING_PATHWAY,0.7062615101289135,0.8399311008277787,0.033898974676323766,-0.18324371345166637,-0.8883688995534913,70,MAVS;MARCHF5;UBE3A;NLRX1;STUB1;UBQLN1;PRKDC;RWDD1;MAP2K6;C1QBP;PPP2CA;PPP5C;PADI2;UFD1;NPLOC4;CARM1;PLIN5;IPO5;STAT3,GO:BP,Cancer_vs_Healthy
GOBP_CELLULAR_RESPONSE_TO_CARBOHYDRATE_STIMULUS,0.7127442403032954,0.8459436397610791,0.014755644780816334,0.2543081450364372,0.8295663425203287,26,SERPINF1;SRI;GCLC;GCLM;GPX1;RAB11B,GO:BP,Cancer_vs_Healthy
GOBP_ENDOPLASMIC_RETICULUM_TO_GOLGI_VESICLE_MEDIATED_TRANSPORT,0.7136534334763949,0.8459436397610791,0.013530392137030986,0.22363005802067448,0.8415340875620582,50,ATL3;RAB1A;ANK1;SEC22B;VCP;RAB1B;COPE;BCAP31;P4HB;COPA;SURF4;TMED9;HYOU1;TMED7;PDCD6;LMAN2;SEC31A;TMED2,GO:BP,Cancer_vs_Healthy
GOBP_ESTABLISHMENT_OF_PROTEIN_LOCALIZATION_TO_VACUOLE,0.7124748801978668,0.8459436397610791,0.015604822256544668,0.2778504858991519,0.816441235664213,17,CLU;STAM;AP3B1;RAB7A,GO:BP,Cancer_vs_Healthy
GOBP_MULTIVESICULAR_BODY_ORGANIZATION,0.712914485165794,0.8459436397610791,0.02532268778002459,-0.24129058532161185,-0.8316182102285758,19,VPS28;VPS4A;VPS37C;TSG101;CHMP6;SNF8;VTA1;VPS36;VPS25,GO:BP,Cancer_vs_Healthy
GOBP_NEGATIVE_REGULATION_OF_POST_TRANSLATIONAL_PROTEIN_MODIFICATION,0.7137649460484106,0.8459436397610791,0.014734992508047676,0.25415387132071443,0.829063093668111,26,GCLC;CAV1;PPIA;ARRB1;RPL23,GO:BP,Cancer_vs_Healthy
GOBP_CARDIAC_CHAMBER_DEVELOPMENT,0.7163141993957703,0.8483830956517417,0.015193484546272833,0.26778843392727636,0.8189991070527445,20,RBP4;PARVA;MYH10;FKBP1A;AP2B1;NRP1,GO:BP,Cancer_vs_Healthy
GOBP_NUCLEAR_MIGRATION,0.7171138317270123,0.8485931049389387,0.02341041470786455,-0.28148847824449214,-0.8096132642051369,11,FHOD1;SYNE2;DCTN1,GO:BP,Cancer_vs_Healthy
GOBP_POLYSACCHARIDE_METABOLIC_PROCESS,0.7174736842105263,0.8485931049389387,0.014109106663511567,0.23917117088000653,0.833060528375277,34,PGM2;PYGL;ATG3;AP2A1;SORBS1;HMGB1;CLTC,GO:BP,Cancer_vs_Healthy
GOBP_NOTCH_SIGNALING_PATHWAY,0.7192568099511888,0.8487670686197467,0.01573418509770959,0.2852460857229037,0.8115878983379723,15,YAP1;ANXA4;ARRB1,GO:BP,Cancer_vs_Healthy
GOBP_POSITIVE_REGULATION_OF_ESTABLISHMENT_OF_PROTEIN_LOCALIZATION_TO_MITOCHONDRION,0.7200766913174472,0.8487670686197467,0.024160301575861104,-0.2569786535303777,-0.8178901979369034,15,UBL5;PRKAA1;NPEPPS;ARIH2;SH3GLB1;TOMM70;UBE2D3;HSPA1L;HUWE1;NMT1;HTRA2;SAE1;GSK3A;TOMM7;UBE2L3,GO:BP,Cancer_vs_Healthy
GOBP_PYRIDINE_CONTAINING_COMPOUND_METABOLIC_PROCESS,0.7188236753939695,0.8487670686197467,0.01229613223979131,0.20866464156978226,0.8578710802822462,82,PNP;BPGM;TKT;PGD;PGLS;PDXK;TALDO1;COL6A1;GPD1;PGAM1;IDH1;ACO1;LDHB;G6PD;VCP;PGK1;RPIA;EIF6;MTAP;ENO1;ACACB;GAPDH,GO:BP,Cancer_vs_Healthy
GOBP_REGULATION_OF_WNT_SIGNALING_PATHWAY,0.719082260772244,0.8487670686197467,0.014030270880917062,0.23809538047160683,0.8338698495556226,35,APOE;YAP1;ILK;CAV1;HSP90B1;VCP;GNAQ;EMD;G3BP1;SNX3;RUVBL1;MESD;VPS35;DDX3X;GSK3A,GO:BP,Cancer_vs_Healthy
GOBP_STEROID_HORMONE_RECEPTOR_SIGNALING_PATHWAY,0.7198523985239852,0.8487670686197467,0.014788159525011587,0.2585664225154097,0.8208106265395492,23,DEFA3;RHOA;UFM1;CALR;YWHAH;UBA5;WBP2,GO:BP,Cancer_vs_Healthy
GOBP_NEGATIVE_REGULATION_OF_SMALL_MOLECULE_METABOLIC_PROCESS,0.722675834407678,0.8512500626151791,0.014299480712152823,0.2458419139760637,0.8247042598105698,29,APOE;AKR1C3;ATP2B4;ACADL;APOC1;PGK1,GO:BP,Cancer_vs_Healthy
GOBP_CELLULAR_SENESCENCE,0.7254073627036813,0.8533509119697966,0.02564854171854537,-0.23264530904310926,-0.8255903640135192,21,MAP2K4;OPA1;MAP2K6;MAPK14;MAPK9;NDUFS6;PNPT1,GO:BP,Cancer_vs_Healthy
GOBP_REGULATION_OF_CYTOPLASMIC_TRANSLATION,0.7254470426409904,0.8533509119697966,0.024110525741344244,-0.2500955893082267,-0.8155971215659584,16,YBX3;CSDE1;PKM;CNBP;YBX1;NCK1;PABPC1,GO:BP,Cancer_vs_Healthy
GOBP_POSITIVE_REGULATION_OF_ESTABLISHMENT_OF_PROTEIN_LOCALIZATION,0.7263479145473042,0.85382938526377,0.03535428226317206,-0.17955257502019709,-0.8940583709063763,81,ANK3;MAVS;ACSL3;VPS28;MPC2;STX4;PPID;PRKAR1A;CHP1;MCU;UBL5;MAPK14;PFKM;DNM1L;PFKFB2;PPM1A;PRKAA1;DYNLL1;IPO5;NPEPPS,GO:BP,Cancer_vs_Healthy
GOBP_PHOSPHOLIPID_METABOLIC_PROCESS,0.7292085174768983,0.8566093257648404,0.03064227875578722,-0.19198228025791464,-0.8665793461736581,52,ACSL3;LPCAT3;PIP4K2B;HADHA;MTM1;CHP1;PLAA;IMPA2;PCYT2,GO:BP,Cancer_vs_Healthy
GOBP_BINDING_OF_SPERM_TO_ZONA_PELLUCIDA,0.7300016225864028,0.8569584265144728,0.01595475394998776,0.3035976843332868,0.7932648932021417,11,CCT2;ALDOA;CCT7;CCT3;CCT4;CCT5;UBAP2L,GO:BP,Cancer_vs_Healthy
GOBP_CARDIAC_MUSCLE_TISSUE_DEVELOPMENT,0.7311248073959938,0.8576942750714713,0.029812315102338352,-0.1938711029063783,-0.8562381947432833,47,ADPRHL1;PLN;CSRP3;PRKAR1A;PRMT1;MAPK14;MYLK2;MYL3;SGCG;SGCD;NDUFV2;ACADM;MYH7,GO:BP,Cancer_vs_Healthy
GOBP_GOLGI_ORGANIZATION,0.7318451539983046,0.8579568698161943,0.013918368406786286,0.23746104967477538,0.8210189080625844,33,RAB1A;RAB8A;CORO7;YWHAZ;RAB1B;CDC42;TANGO2;SURF4;TMED9;MAPK3;TMED7,GO:BP,Cancer_vs_Healthy
GOBP_CALCIUM_ION_IMPORT,0.7338129496402878,0.8585164366813929,0.02340454857401731,-0.26881920415248967,-0.7960834353743101,12,PLN;CACNA2D1;CACNA1S;MICU1;CAV3;ATP2A1;PPP3CB,GO:BP,Cancer_vs_Healthy
GOBP_PROTEIN_STABILIZATION,0.7329216518718642,0.8585164366813929,0.012539948741796222,0.21276995797829124,0.8429801135239382,66,CLU;FLNA;FLOT2;PPIB;PARVA;NCLN;RPL23;LAMP1;FLOT1;GNAQ;CALR;RPS7;PFN1;GAPDH;CCT2;HSP90AA1,GO:BP,Cancer_vs_Healthy
GOBP_SYNAPSE_ASSEMBLY,0.7334317343173432,0.8585164366813929,0.014518486655137192,0.2554144825526121,0.8108048965205065,23,SNCA;DBNL;RHOG;CRK;MAP1B;GNA13,GO:BP,Cancer_vs_Healthy
GOBP_DENDRITIC_SPINE_DEVELOPMENT,0.7357768924302789,0.8602317118535331,0.015579724945938282,0.29026577069796394,0.7961103482156331,13,APOE;CFL1;CDC42,GO:BP,Cancer_vs_Healthy
GOBP_MUSCLE_ORGAN_DEVELOPMENT,0.7364253393665159,0.860407698732481,0.03729720166767905,-0.17228027528762407,-0.8925425880680627,98,MYH14;SMTNL1;MTM1;CSRP3;FHL1;RYR1;CAVIN4;YBX3;NACA;MAPK14;UNC45B;CACNA1S;MYLK2;SPEG;MYL3;FXR1;SGCG;SGCD;PRKAA1;MYH7;DMD;PPIF;CFL2;STAC3;SMTN;MAPK12;MYOM2;KLHL40;MYL6B;SGCB;CAV3;MYOM1,GO:BP,Cancer_vs_Healthy
GOBP_CARBOHYDRATE_DERIVATIVE_CATABOLIC_PROCESS,0.7382423401840877,0.8609694881864436,0.012140411978847663,0.20836754532415414,0.8440263692687888,76,PNP;BPGM;HPRT1;TYMP;COL6A1;CST3;GPD1;PGAM1;HINT1;DUT;PGK1;EIF6;CD44;SAMHD1;MTAP;ALDH1A1;ENO1;GAPDH,GO:BP,Cancer_vs_Healthy
GOBP_POSITIVE_REGULATION_OF_PROTEIN_MODIFICATION_PROCESS,0.7384009152154569,0.8609694881864436,0.012255818506617883,0.2098094547137399,0.8428173034754343,72,C3;FBN1;CAV1;PPIA;ARRB1;TXN;DCUN1D1;RHOA;CSPG4;VCP;FLOT1;THBS4;NIBAN1;SNX9;LTF;UBE2L3;DNAJB2;UBE2V1;HSPA5;XRCC6;SKP1;PDCD6;DNAJA3;DDX3X;GSK3A;ASPSCR1;TPD52L1;RAC1;UBE2V2;UBE2N;SAE1;NPTN,GO:BP,Cancer_vs_Healthy
GOBP_REGULATION_OF_MYELINATION,0.737721021611002,0.8609694881864436,0.01593221035267821,0.31038395922105727,0.7878112544207267,10,TYMP;S100B;NRDC;CTSC;LPIN1,GO:BP,Cancer_vs_Healthy
GOBP_REGULATION_OF_CALCINEURIN_MEDIATED_SIGNALING,0.7397983677388382,0.8620172484509188,0.015560932522656971,0.2927536191299268,0.7870778425656467,12,PTBP1;ATP2B4;MYOZ2;ACTN3;PPP3R1,GO:BP,Cancer_vs_Healthy
GOBP_REGULATION_OF_MYOTUBE_DIFFERENTIATION,0.7421674370826913,0.8641949671690637,0.02263172559806073,-0.28379863494445856,-0.7864341281200723,10,NACA;MAPK14;CAV3;SMYD1,GO:BP,Cancer_vs_Healthy
GOBP_HINDBRAIN_DEVELOPMENT,0.7445319335083115,0.8651991802974863,0.014126054856552592,0.24771676119565164,0.8080649069915349,26,FLNA;ITGB1;PTPN11;MYH10;CRK;ATIC,GO:BP,Cancer_vs_Healthy
GOBP_REGULATION_OF_MUSCLE_SYSTEM_PROCESS,0.7442445590640332,0.8651991802974863,0.011988476103700806,0.20707852334916588,0.8411090684209614,77,AGT;SOD1;CTTN;SRI;CAV1;ATP2B4;ARRB1;MTPN;RHOA;CALM1;MYL9;G6PD;FKBP1A;ANXA6;CNN1;CLIC2;PPP1R12B;GLRX3;ENO1;ACACB;GSTO1;LMNA;HSP90AA1;ACTN3,GO:BP,Cancer_vs_Healthy
GOBP_REGULATION_OF_STEROID_BIOSYNTHETIC_PROCESS,0.7444636406470866,0.8651991802974863,0.015199579301995633,0.2748038741833464,0.7936606326762762,16,APOE;AKR1C3;ASAH1;GNAI1;KPNB1,GO:BP,Cancer_vs_Healthy
GOBP_POST_EMBRYONIC_DEVELOPMENT,0.7451033002414811,0.8652812518933329,0.02327039249309116,-0.2606200891864612,-0.7937450621460304,13,ALDH5A1;MMUT;C12orf57;ACADM,GO:BP,Cancer_vs_Healthy
GOBP_CARDIAC_VENTRICLE_DEVELOPMENT,0.7461765495036222,0.8659456531512821,0.023247209411683182,-0.26028351890620366,-0.7927200030308507,13,NACA;TMEM65;MYL3;MYH7,GO:BP,Cancer_vs_Healthy
GOBP_MAINTENANCE_OF_PROTEIN_LOCATION,0.7475653114855465,0.8663936004339533,0.014910017378541716,0.27021457297130674,0.7940037215959561,17,FBN1;CAV1;TXN,GO:BP,Cancer_vs_Healthy
GOBP_PROTEIN_TARGETING_TO_MEMBRANE,0.7472185135736538,0.8663936004339533,0.014322378538331789,0.2535049702470429,0.7969360380734062,22,STOM;ATG3;MYO1C;SDCBP,GO:BP,Cancer_vs_Healthy
GOBP_POSITIVE_REGULATION_OF_GLIOGENESIS,0.748587570621469,0.8669968646339802,0.022494804499639563,-0.28201362391946494,-0.781487685761742,10,PRMT5;BIN1;QKI;RELA,GO:BP,Cancer_vs_Healthy
GOBP_POSITIVE_REGULATION_OF_NUCLEOTIDE_METABOLIC_PROCESS,0.7514734774066798,0.8691741425426658,0.015664616258971822,0.30573521623384814,0.7760118945136497,10,GPD1;VCP;ENO1,GO:BP,Cancer_vs_Healthy
GOBP_REGULATION_OF_DOUBLE_STRAND_BREAK_REPAIR,0.7513544339891646,0.8691741425426658,0.02412295097350064,-0.23656567877054743,-0.8012260809383124,18,PRMT1;PRKDC;FH;C1QBP;CSNK2A1,GO:BP,Cancer_vs_Healthy
GOBP_SPLICEOSOMAL_COMPLEX_ASSEMBLY,0.7524071526822559,0.8696719463778851,0.023516485167016994,-0.24468266201853428,-0.7979447993921435,16,NOL3;SNRPB;PUF60;SNRPD1;CELF1;DDX1;SNRPD2,GO:BP,Cancer_vs_Healthy
GOBP_ADAPTIVE_THERMOGENESIS,0.7533257854514577,0.8701517093984752,0.013524958910925089,0.23568643891146807,0.8090718105943041,32,CAV1;FABP4;ACADL;GNAS;CD36;FABP5;ALDH1A1;HADH;ACTN3,GO:BP,Cancer_vs_Healthy
GOBP_PROTEIN_MONOUBIQUITINATION,0.7559285904609646,0.8725748859829973,0.02292715005777319,-0.26332167694486003,-0.7798030124063479,12,STUB1;CUL1;CUL3,GO:BP,Cancer_vs_Healthy
GOBP_RESPONSE_TO_LEUKEMIA_INHIBITORY_FACTOR,0.7582897033158813,0.8741324932153721,0.024298224302293555,-0.23313280576523765,-0.8035020778686303,19,MRPL15;BCAT2;PADI2;MAT2A;SLC25A5,GO:BP,Cancer_vs_Healthy
GOBP_SPHINGOLIPID_BIOSYNTHETIC_PROCESS,0.7581859855926654,0.8741324932153721,0.015535916522784625,0.3041027715238577,0.771868451282957,10,KDSR;ASAH1;ABCA8,GO:BP,Cancer_vs_Healthy
GOBP_POSITIVE_REGULATION_OF_MUSCLE_CONTRACTION,0.7588414146263402,0.8741853096495439,0.015193484546272833,0.2876897470566653,0.7734634540627937,12,CTTN;RHOA;ENO1;GSTO1;HSP90AA1;ACTN3,GO:BP,Cancer_vs_Healthy
GOBP_TRICARBOXYLIC_ACID_METABOLIC_PROCESS,0.7606016962714034,0.8756294011705431,0.015160011506126642,0.286953594273358,0.7714842828190487,12,IDH1;ACO1;GLUD1;ACACB;ACLY,GO:BP,Cancer_vs_Healthy
GOBP_DNA_DAMAGE_RESPONSE_SIGNAL_TRANSDUCTION_BY_P53_CLASS_MEDIATOR,0.7615241140420996,0.8756739813125343,0.02280924364821832,-0.2620441345204099,-0.7760196876052085,12,MYO6,GO:BP,Cancer_vs_Healthy
GOBP_D_GLUCOSE_IMPORT,0.7623867069486405,0.8756739813125343,0.014293761881235774,0.2561906881585393,0.783528779641218,20,SLC2A1;PEA15;SORBS1;PTPN11,GO:BP,Cancer_vs_Healthy
GOBP_INTRACELLULAR_GLUCOSE_HOMEOSTASIS,0.7626674432149098,0.8756739813125343,0.013757577039506523,0.24199742713196254,0.7960367137532652,27,SERPINF1;SRI;GCLC;GCLM;GPX1;RAB11B,GO:BP,Cancer_vs_Healthy
GOBP_REGULATION_OF_VIRAL_PROCESS,0.7623549634722819,0.8756739813125343,0.013527675286254079,0.2380263879900445,0.798486201754132,29,STOM;LGALS1;PPIA;IFITM1;HMGB1;RAB7A;P4HB;LTF;RAD23A;STAT1;TRIM25;DDX3X,GO:BP,Cancer_vs_Healthy
GOBP_INTRINSIC_APOPTOTIC_SIGNALING_PATHWAY_IN_RESPONSE_TO_DNA_DAMAGE,0.7650822669104205,0.8765247281320653,0.014365409491295094,0.25937263927427234,0.783989575468253,19,CLU;HNRNPK;CRIP1;CD44;SOD2,GO:BP,Cancer_vs_Healthy
GOBP_MEIOTIC_CELL_CYCLE,0.7653525993403487,0.8765247281320653,0.014800001687396366,0.269512074730052,0.7783773950779028,16,ACTR2;ACTR3;MYH9;CALR,GO:BP,Cancer_vs_Healthy
GOBP_MITOTIC_SPINDLE_ASSEMBLY,0.7652040030792918,0.8765247281320653,0.01451558327991733,0.26310278689880817,0.7843793863728383,18,FLNA;RHOA;KPNB1;POLDIP2;CHMP1B;CHMP3;HSPA1A;PDCD6IP,GO:BP,Cancer_vs_Healthy
GOBP_PURINE_CONTAINING_COMPOUND_CATABOLIC_PROCESS,0.7654373927958834,0.8765247281320653,0.030955342541650964,-0.18171965397969267,-0.8544760630926375,61,BCL2L13;PFKL;HK1;AMPD3;FBP1;SUCLA2;PPP2CA;OGDH;ACAT1;PFKM;SUCLG1;PFKFB2;PRKAG1;ENO3;PKM;FITM2;PRKAA1,GO:BP,Cancer_vs_Healthy
GOBP_MEMBRANE_PROTEIN_PROTEOLYSIS,0.7670535856256957,0.8766326692865093,0.014945884494275304,0.2775874564708996,0.7755104620857368,14,APOE;MYH9;SNX9;CTSH;ADAM10,GO:BP,Cancer_vs_Healthy
GOBP_POSITIVE_REGULATION_OF_AUTOPHAGY_OF_MITOCHONDRION,0.7668663714508986,0.8766326692865093,0.022337867864578996,-0.2670711453640955,-0.7681463309678495,11,STUB1;VDAC1;SLC25A4;SLC25A5;CDC37,GO:BP,Cancer_vs_Healthy
GOBP_RECOMBINATIONAL_REPAIR,0.7661631419939577,0.8766326692865093,0.014222465036082108,0.2552109018986303,0.7805322197816316,20,ACTR2;ACTB;FUS;SAMHD1;SFPQ;RPA2;RUVBL1;XRCC6,GO:BP,Cancer_vs_Healthy
GOBP_REGULATION_OF_MICROTUBULE_CYTOSKELETON_ORGANIZATION,0.7719568567026194,0.8816533036233486,0.028822559931466072,-0.18859395028021292,-0.8329314740908783,47,MAPT;CLASP2;RPS3;MAP1S;MAPRE3;CLIP1;PPP2CA;DCTN1;PRUNE1;PRKAA1;PAFAH1B1;TRIM54;CAV3;MAPRE2;ARL2;CLASP1;PRKAA2;CHMP6,GO:BP,Cancer_vs_Healthy
GOBP_ESTROGEN_RECEPTOR_SIGNALING_PATHWAY,0.7735729050723485,0.8817506464149197,0.014823715940206102,0.2756607756653203,0.770127794076085,14,DEFA3;UFM1;UBA5;WBP2,GO:BP,Cancer_vs_Healthy
GOBP_TUBE_CLOSURE,0.7728379036183677,0.8817506464149197,0.015129651803522114,0.2912908716775478,0.7611086452108153,11,RPS7;PFN1;VASP;TMED2;CASP3;RALA,GO:BP,Cancer_vs_Healthy
GOBP_VACUOLAR_TRANSPORT,0.7734906315058987,0.8817506464149197,0.01286004381627259,0.22405926724933412,0.797279596604548,38,CLU;STAM;LAMP1;PSAP;AP3B1;VCP;RAB7A,GO:BP,Cancer_vs_Healthy
GOBP_POSITIVE_REGULATION_OF_PROTEIN_POLYMERIZATION,0.7747395833333334,0.8824983520105472,0.02581825012966355,-0.20994946461527264,-0.8084728047190404,28,MAPT;RPS3;CLIP1;BIN1;DCTN1;GRB2;CAV3;ARL2;PFN2;NCK1;CLASP1,GO:BP,Cancer_vs_Healthy
GOBP_REGULATION_OF_PROTEASOMAL_UBIQUITIN_DEPENDENT_PROTEIN_CATABOLIC_PROCESS,0.7753011214176935,0.8825562172659911,0.012789829075767745,0.22218454738443083,0.7951595534878134,39,CLU;TF;GCLC;SUMO2,GO:BP,Cancer_vs_Healthy
GOBP_INTERMEDIATE_FILAMENT_ORGANIZATION,0.777177472167649,0.8841097247568778,0.01517825944792076,0.298406977761712,0.757411485014665,10,VIM;AGFG1;DNAJB6,GO:BP,Cancer_vs_Healthy
GOBP_FATTY_ACID_BIOSYNTHETIC_PROCESS,0.779148590021692,0.8846680875501332,0.012412541630373931,0.21637322056594566,0.8003882278538593,46,APOC2;AKR1C3;MGLL;ACADL;APOC1;FABP5;CBR1;EIF6;PTGDS;FASN;ACACB;ACLY,GO:BP,Cancer_vs_Healthy
GOBP_NEGATIVE_REGULATION_OF_PROTEASOMAL_PROTEIN_CATABOLIC_PROCESS,0.7797161442933176,0.8846680875501332,0.024110525741344244,-0.2242807960279648,-0.7854801890803638,20,MTM1;CSNK2A1;CSNK2B;UCHL5;USP9X;BAG6;KLHL40;GABARAPL2;CCAR2;USP7;RPL11;SGTA,GO:BP,Cancer_vs_Healthy
GOBP_NEGATIVE_REGULATION_OF_REACTIVE_OXYGEN_SPECIES_METABOLIC_PROCESS,0.7790899071012439,0.8846680875501332,0.014579593931758571,0.2684424040077621,0.7637777252624335,15,HP;RHOA;G6PD,GO:BP,Cancer_vs_Healthy
GOBP_PROTEIN_TRANSMEMBRANE_TRANSPORT,0.7795154860472248,0.8846680875501332,0.02471490382100219,-0.22114975295405084,-0.7925656699272643,22,AIFM1;TIMM50;SAMM50;RTN2;TIMM44;USP9X;ROMO1;TOMM22;HSPA4;TOMM70;DNAJC19,GO:BP,Cancer_vs_Healthy
GOBP_NON_CANONICAL_NF_KAPPAB_SIGNAL_TRANSDUCTION,0.7810786106032906,0.8856324403690854,0.01406682103581073,0.25529319844711884,0.7716589029224646,19,ACTN4;RHOA;HMGB1;VCP;CALR;EZR;PRDX1,GO:BP,Cancer_vs_Healthy
GOBP_CELLULAR_RESPONSE_TO_NUTRIENT_LEVELS,0.7821433410107032,0.8861097985376218,0.012346651771443682,0.2163445384171644,0.7976807112616386,45,SLC2A1;ALB;HNRNPA1;CAV1;AKR1C3,GO:BP,Cancer_vs_Healthy
GOBP_DICARBOXYLIC_ACID_TRANSPORT,0.7825252040326452,0.8861097985376218,0.014749741049963842,0.27988341700483654,0.752475876065263,12,SNCA;ITGB1;SEPTIN2,GO:BP,Cancer_vs_Healthy
GOBP_ANIMAL_ORGAN_REGENERATION,0.78390620836664,0.8866785299169916,0.02234862681433357,-0.2575622041716478,-0.7627468616536558,12,PRMT5;CPT1A;PNPT1,GO:BP,Cancer_vs_Healthy
GOBP_NEGATIVE_REGULATION_OF_RELEASE_OF_CYTOCHROME_C_FROM_MITOCHONDRIA,0.7840537000654879,0.8866785299169916,0.015051027115426307,0.2965077471770231,0.7525908904416951,10,CLU,GO:BP,Cancer_vs_Healthy
GOBP_RESPONSE_TO_STARVATION,0.7852494577006508,0.8874500084412849,0.012298654842770606,0.21522352549150997,0.7961353799238197,46,SLC2A1;ALB;HNRNPA1;CAV1;AKR1C3,GO:BP,Cancer_vs_Healthy
GOBP_POSITIVE_REGULATION_OF_PATTERN_RECOGNITION_RECEPTOR_SIGNALING_PATHWAY,0.7861431870669746,0.8878793642168183,0.014126054856552592,0.25724919427043813,0.7669282698413993,18,CAV1;CD36;HSP90B1;HMGB1;FLOT1;USP15;LTF,GO:BP,Cancer_vs_Healthy
GOBP_VASCULAR_ASSOCIATED_SMOOTH_MUSCLE_CELL_PROLIFERATION,0.7876460233637382,0.8889956423073413,0.01465561481828913,0.2782444048029148,0.7480693372437742,12,GNAI2;CNN1;SOD2;POLDIP2,GO:BP,Cancer_vs_Healthy
GOBP_CENTRAL_NERVOUS_SYSTEM_NEURON_DIFFERENTIATION,0.7893245158242796,0.8903085922613285,0.01439128951671851,0.2651329370619907,0.7543615633672384,15,HPRT1;B2M;ITGB1;CRK;NRP1,GO:BP,Cancer_vs_Healthy
GOBP_RESPONSE_TO_CAMP,0.7906344410876133,0.8912043797778184,0.013768611388669038,0.2493132116136768,0.7624948347974754,20,RAP1B;GPD1;AQP1;DMTN;EZR;STAT1;EEF2K;HMGCS2;IGFBP5,GO:BP,Cancer_vs_Healthy
GOBP_NEGATIVE_REGULATION_OF_BINDING,0.7921333680646001,0.8923119035303969,0.021827087782561,-0.260655737704918,-0.749694424273317,11,PLN;PIN1;XIRP1;RACK1;RALB;BAX;CPNE1;ADIPOQ;LRPAP1;PEX19;DNAJB2,GO:BP,Cancer_vs_Healthy
GOBP_STEROID_BIOSYNTHETIC_PROCESS,0.7945544554455446,0.8944560905601961,0.02680238024094505,-0.19467575802503476,-0.8124517697873662,37,LPCAT3;CYB5R1;ATP1A1;LSS;H6PD;FDXR;HSD17B8,GO:BP,Cancer_vs_Healthy
GOBP_REGULATION_OF_DOUBLE_STRAND_BREAK_REPAIR_VIA_HOMOLOGOUS_RECOMBINATION,0.796127380380861,0.8956433029284686,0.014501075213024893,0.27534534202416183,0.7402751105348276,12,ACTR2;ACTB;FUS,GO:BP,Cancer_vs_Healthy
GOBP_NEGATIVE_REGULATION_OF_RESPONSE_TO_ENDOPLASMIC_RETICULUM_STRESS,0.7978444957659738,0.8964078600023425,0.013912795210165294,0.25501775178084957,0.7602757462731752,18,CLU,GO:BP,Cancer_vs_Healthy
GOBP_RESPONSE_TO_HEAT,0.797610681658468,0.8964078600023425,0.026626643306864317,-0.1947696720936909,-0.8067133615986493,36,MAPT;HSPB2;EIF2S1;STUB1;HSPA2;EIF2B3;MAPKAPK2,GO:BP,Cancer_vs_Healthy
GOBP_REGULATION_OF_GENERATION_OF_PRECURSOR_METABOLITES_AND_ENERGY,0.7986206896551724,0.8966969147005444,0.01230370111009849,0.21774610583421158,0.7836491041310224,40,SNCA;GPD1;RHOA;SORBS1;HMGB1;VCP;EIF6;CAVIN3,GO:BP,Cancer_vs_Healthy
GOBP_REGULATION_OF_DNA_RECOMBINATION,0.8005502063273727,0.8982797120348701,0.02252206672735097,-0.23302223609675532,-0.759918499750708,16,KPNA1;PRMT1;C1QBP;CSNK2A1,GO:BP,Cancer_vs_Healthy
GOBP_PROTEIN_TETRAMERIZATION,0.8030368142099986,0.90048514922445,0.01277426561047593,0.2287965192112676,0.7675235722486887,29,SNCA;HPRT1;B2M;COL6A1,GO:BP,Cancer_vs_Healthy
GOBP_MONOSACCHARIDE_BIOSYNTHETIC_PROCESS,0.8055162659123055,0.902679706547642,0.02656608158242603,-0.19309718725591102,-0.8058638277234947,37,ARPP19;SLC37A4;SLC25A11;FBP1;DDB1;SLC25A13;PRKAG1;ENO3;MDH2;GPD2;ACADM;GOT1;NNMT,GO:BP,Cancer_vs_Healthy
GOBP_REGULATION_OF_PATTERN_RECOGNITION_RECEPTOR_SIGNALING_PATHWAY,0.8197353914002206,0.9180186366426321,0.011909259468322124,0.21279995082050607,0.769037919293438,41,S100A9;S100A8;FLOT2;CAV1;CD36;HSP90B1;HMGB1;FLOT1;YWHAE;TKFC;USP15;LTF;HSPA8,GO:BP,Cancer_vs_Healthy
GOBP_NEUROMUSCULAR_PROCESS,0.8204661325564457,0.9182418892859704,0.026756301648528744,-0.18570220988891994,-0.795999524086337,41,MYH14;JSRP1;GAA;DCTN1;C12orf57;RCSD1;MYH7;PAFAH1B1;DMD;FXN;STAC3;CAV3;ATP2A1;CASQ1;TNNI1;MYH8;EEF2;COMT,GO:BP,Cancer_vs_Healthy
GOBP_AMP_METABOLIC_PROCESS,0.8222290925954553,0.9196193346310335,0.013535827266085739,0.24910515457032711,0.7319753987457159,17,HPRT1;ADK;ATIC;APRT;PFAS,GO:BP,Cancer_vs_Healthy
GOBP_POSITIVE_REGULATION_OF_AXONOGENESIS,0.8249319891182589,0.9220455868022972,0.013988209033007721,0.26625275407010274,0.7158293853837987,12,FN1;MAP1B;NRP1,GO:BP,Cancer_vs_Healthy
GOBP_CELL_CELL_ADHESION_VIA_PLASMA_MEMBRANE_ADHESION_MOLECULES,0.8260521683469355,0.9221047460616955,0.013968620734384032,0.2657972327277758,0.7146047011034579,12,ITGB1;ESAM;PECAM1,GO:BP,Cancer_vs_Healthy
GOBP_NEGATIVE_REGULATION_OF_DNA_METABOLIC_PROCESS,0.8255684528541899,0.9221047460616955,0.013884960225694801,0.25999244937622834,0.7263543789692045,14,S100A11;HNRNPA1;HNRNPC;SUB1,GO:BP,Cancer_vs_Healthy
GOBP_CHAPERONE_MEDIATED_PROTEIN_FOLDING,0.8280720769543423,0.9225715983088997,0.01150823560301063,0.20763951525205337,0.7655845505695419,45,CLU;PPIB;DNAJB1;ST13;PDIA4;CHORDC1;DNAJB4;CCT2;HSPA8;DNAJB2;PEX19;DNAJB6;HSPA5,GO:BP,Cancer_vs_Healthy
GOBP_GLUCAN_METABOLIC_PROCESS,0.8276566757493188,0.9225715983088997,0.025467238135763685,-0.19656093282617462,-0.7846740421928263,32,STBD1;GAA;GYG1;PFKM;GYS1;PHKA2;AGL;PYGM;ACADM;PHKB;PHKG1;PHKA1;PPP1R2;PPP1CB;PYGB;GBE1,GO:BP,Cancer_vs_Healthy
GOBP_MAMMARY_GLAND_DEVELOPMENT,0.8274849281187201,0.9225715983088997,0.013443687305908144,0.24773593834733595,0.727952067343675,17,NME1;CAV1;GPX1,GO:BP,Cancer_vs_Healthy
GOBP_METENCEPHALON_DEVELOPMENT,0.8319353836595216,0.9250864497835607,0.023858517579294386,-0.20575419384820087,-0.759390363138138,24,SLC25A46;MT-ND4;UQCRQ;OGDH,GO:BP,Cancer_vs_Healthy
GOBP_REGULATION_OF_CYTOKINESIS,0.8318725099601594,0.9250864497835607,0.01380729492634786,0.2608194938867566,0.7153482051994066,13,RHOA;CALM1;CDC42;POLDIP2;SVIL,GO:BP,Cancer_vs_Healthy
GOBP_REGULATION_OF_STRESS_ACTIVATED_PROTEIN_KINASE_SIGNALING_CASCADE,0.8314132727567743,0.9250864497835607,0.01407526849856933,0.27189302010904026,0.7104243500172106,11,PPIA;PRDX1;MAPK3,GO:BP,Cancer_vs_Healthy
GOBP_VESICLE_COATING,0.8333333333333334,0.9254498714652958,0.020817789393305596,-0.2576812781646866,-0.714060345519178,10,CUL3;SAR1B;PREB;SAR1A;TRAPPC3;TMED10;TFG;TMED2;PDCD6;TMED9,GO:BP,Cancer_vs_Healthy
GOBP_VESICLE_TARGETING_TO_FROM_OR_WITHIN_GOLGI,0.8333333333333334,0.9254498714652958,0.020817789393305596,-0.2576812781646866,-0.714060345519178,10,CUL3;SAR1B;PREB;SAR1A;TRAPPC3;TMED10;TFG;TMED2;PDCD6;TMED9,GO:BP,Cancer_vs_Healthy
GOBP_CELLULAR_RESPONSE_TO_ACID_CHEMICAL,0.8347787081339713,0.9264596067151588,0.012834004010693316,0.23489784639496158,0.7288049004635466,21,GCLC;COL6A1;GCLM;COL4A1;RRAGC;COL1A2;LAMTOR1;HMGCS2;LAMTOR3,GO:BP,Cancer_vs_Healthy
GOBP_POSITIVE_REGULATION_OF_MRNA_PROCESSING,0.8385723641126391,0.9282851026179632,0.014080902819137585,0.27845434134157454,0.706768044655835,10,PRDX6;DAZAP1;SNRNP70;RBM3;RBMX;TRA2B;NCL,GO:BP,Cancer_vs_Healthy
GOBP_PROTEIN_REFOLDING,0.8374133949191686,0.9282851026179632,0.01321300972916301,0.2426236298202274,0.7233255721883907,18,B2M;FKBP1A;HSP90AA1;HSPA8;DNAJB2;SNRNP70;HSPA5,GO:BP,Cancer_vs_Healthy
GOBP_REGULATION_OF_MEMBRANE_REPOLARIZATION,0.8380658770079507,0.9282851026179632,0.013960233611734282,0.269986525915986,0.7054429058544697,11,FLNA;CAV1,GO:BP,Cancer_vs_Healthy
GOBP_SPHINGOLIPID_METABOLIC_PROCESS,0.8379965991652496,0.9282851026179632,0.013261014360414769,0.24432927815978403,0.7179418712340216,17,KDSR;ASAH1;PSAP;ABCA8,GO:BP,Cancer_vs_Healthy
GOBP_PROGRAMMED_NECROTIC_CELL_DEATH,0.8401752393314944,0.9294640291708209,0.013923943675799215,0.26935777235841896,0.703800047066567,11,PYGL;CAV1;ASAH1,GO:BP,Cancer_vs_Healthy
GOBP_REGULATION_OF_GLYCOLYTIC_PROCESS,0.840865516296905,0.9296325093800716,0.02167842916656223,-0.22948202470558393,-0.7303762239816711,15,FBP1;PPP2CA;PRKAG1;PRKAA1;STAT3;ARL2;PRKAA2;PRKACA;MTCH2,GO:BP,Cancer_vs_Healthy
GOBP_POSITIVE_REGULATION_OF_DOUBLE_STRAND_BREAK_REPAIR,0.8414342629482072,0.9296665002394514,0.013642195967610026,0.25771649642592087,0.7068376309655997,13,ACTR2;ACTB;FUS,GO:BP,Cancer_vs_Healthy
GOBP_NUCLEOSIDE_PHOSPHATE_CATABOLIC_PROCESS,0.8439388096156318,0.9300550146784513,0.010437330416744528,0.1943365731398786,0.771326083022875,67,PNP;BPGM;HPRT1;TYMP;COL6A1;GPD1;PGAM1;HINT1;DUT;CNP;VCP;PGK1;EIF6;SAMHD1;ENO1;GAPDH,GO:BP,Cancer_vs_Healthy
GOBP_POSITIVE_REGULATION_OF_WNT_SIGNALING_PATHWAY,0.8423502036067481,0.9300550146784513,0.02259872489944406,-0.21573865101309886,-0.7435523876470578,19,PBXIP1;USP47;CSNK2A1;PPM1B;PPM1A;RPS12;PIN1,GO:BP,Cancer_vs_Healthy
GOBP_PURINE_NUCLEOSIDE_MONOPHOSPHATE_BIOSYNTHETIC_PROCESS,0.8432183176975672,0.9300550146784513,0.01357937708306303,0.2550601392746123,0.712574728639596,14,HPRT1;ADK;ATIC;APRT;PFAS,GO:BP,Cancer_vs_Healthy
GOBP_REGULATION_OF_MRNA_METABOLIC_PROCESS,0.8434454982460698,0.9300550146784513,0.01060676225229185,0.1959888908173028,0.7676277955643337,62,VIM;PTBP1;HNRNPA1;TNKS1BP1;ELAVL1;HNRNPK;FUS;HNRNPL;HNRNPC;PRDX6;APEX1;AGO2;CARHSP1;DAZAP1;SNRNP70;KHSRP;RBM3;SYNCRIP;SRSF6;RBMX;TRA2B;SRSF2;PAIP1;NCL;RBM8A,GO:BP,Cancer_vs_Healthy
GOBP_CELLULAR_RESPONSE_TO_RADIATION,0.8447519406007425,0.930357777793552,0.02497177154019651,-0.19312627052147088,-0.7642611382989491,31,PPID;EIF2S1;CUL4A;DDB1;MAPK14;TMEM109;GRB2;CUL4B,GO:BP,Cancer_vs_Healthy
GOBP_MUSCLE_HYPERTROPHY,0.8457431457431458,0.9304874935776256,0.01212541234024296,0.2188909661234145,0.7278159413056265,28,AGT;ATP2B4;ARRB1;MTPN;G6PD;GLRX3;ACACB,GO:BP,Cancer_vs_Healthy
GOBP_POSITIVE_REGULATION_OF_MITOCHONDRIAL_MEMBRANE_PERMEABILITY,0.8459466738486399,0.9304874935776256,0.021321921409751525,-0.22990220642268466,-0.7166903869575044,14,SLC25A6;PPIF;SLC25A4;VDAC2;SLC25A5,GO:BP,Cancer_vs_Healthy
GOBP_MAINTENANCE_OF_PROTEIN_LOCALIZATION_IN_ORGANELLE,0.8473306772908367,0.9314169277090113,0.01354126430040492,0.2559205367194646,0.7019118620612947,13,TXN;RANGAP1;HSPA5;SKP1;TMED2,GO:BP,Cancer_vs_Healthy
GOBP_IMMUNOGLOBULIN_PRODUCTION,0.8482881713451241,0.9318766434102826,0.013785177963266594,0.26648251434815795,0.6962873374638994,11,RBP4,GO:BP,Cancer_vs_Healthy
GOBP_ESTABLISHMENT_OF_PROTEIN_LOCALIZATION_TO_ORGANELLE,0.8488458674609084,0.9318968608465373,0.04022979964534218,-0.15794756500161983,-0.8620811449613951,138,CSE1L;MAVS;MFN2;VPS28;MAPT;FIS1;AIFM1;SRPRB;PMPCB;HK1;KPNA1;MTX1;TIMM50;VPS4A;IPO7;KPNA3;SAMM50;CHP1;UBL5;MAPK14,GO:BP,Cancer_vs_Healthy
GOBP_REGULATION_OF_MUSCLE_ADAPTATION,0.8497148607849715,0.9320226259992288,0.02477371321237558,-0.19537967575380297,-0.7653120459543392,30,CAMK2B;CAMK2D;NOL3;STUB1;ATP2A2,GO:BP,Cancer_vs_Healthy
GOBP_RESPONSE_TO_TEMPERATURE_STIMULUS,0.8500391542678152,0.9320226259992288,0.02740088960335392,-0.17687006114612552,-0.7898659677295987,49,MAPT;HSPB2;EIF2S1;ACADVL;CIRBP;STUB1;HSPA2;EIF2B3,GO:BP,Cancer_vs_Healthy
GOBP_REGULATION_OF_MICROTUBULE_BASED_PROCESS,0.8528192371475953,0.9344778958725711,0.02835430047567093,-0.17456277883679094,-0.7993366661570527,55,MAPT;CLASP2;RPS3;MAP1S;MAPRE3;CLIP1;PPP2CA;DCTN1;PRUNE1;PRKAA1;PAFAH1B1;FNTA;NUBP1;TRIM54;CAV3;MAPRE2;ARL2;CLASP1,GO:BP,Cancer_vs_Healthy
GOBP_REGULATION_OF_MACROAUTOPHAGY,0.8534550195567144,0.9345819225564022,0.010481327549760413,0.1942671991337764,0.7587440233313674,61,GNAI3;CTTN;FBXO7;ATP6V1H;PAFAH1B2;DCN,GO:BP,Cancer_vs_Healthy
GOBP_REGULATION_OF_CELLULAR_RESPIRATION,0.8541961895764446,0.9348011498341332,0.013250334189967811,0.24738451986929358,0.7038634099158376,15,SNCA;RHOA;VCP,GO:BP,Cancer_vs_Healthy
GOBP_MUSCLE_ADAPTATION,0.8557853549468977,0.9359475274355945,0.011479202583339171,0.20798844214502793,0.732229734206265,36,AGT;GSN;ATP2B4;ARRB1;MTPN;G6PD;GLRX3;ACACB;MYOZ2;LMNA;ACTN3,GO:BP,Cancer_vs_Healthy
GOBP_CELLULAR_HYPEROSMOTIC_RESPONSE,0.8649312377210217,0.938883240060954,0.013633987644878562,0.2673725483212408,0.678640427228408,10,SLC2A1,GO:BP,Cancer_vs_Healthy
GOBP_CELL_SURFACE_RECEPTOR_SIGNALING_PATHWAY_VIA_JAK_STAT,0.8653253285737466,0.938883240060954,0.013497821243750431,0.2598056557178654,0.6788414944235739,11,CAV1;CALM1;HGS;STAMBP;STAT1;RAC1,GO:BP,Cancer_vs_Healthy
GOBP_CELL_SURFACE_RECEPTOR_SIGNALING_PATHWAY_VIA_STAT,0.8653253285737466,0.938883240060954,0.013497821243750431,0.2598056557178654,0.6788414944235739,11,CAV1;CALM1;HGS;STAMBP;STAT1;RAC1,GO:BP,Cancer_vs_Healthy
GOBP_DNA_RECOMBINATION,0.8606187000347584,0.938883240060954,0.025152749451795558,-0.18758510414742186,-0.7608166851609575,34,KPNA1;PRMT1;PRKDC;SUPV3L1;ENDOG;C1QBP,GO:BP,Cancer_vs_Healthy
GOBP_ENERGY_RESERVE_METABOLIC_PROCESS,0.8630175438596491,0.938883240060954,0.011418846409059748,0.20739816186502855,0.7223915059312235,34,PGM2;PYGL;ATG3;COL6A1;SORBS1;HMGB1,GO:BP,Cancer_vs_Healthy
GOBP_ERAD_PATHWAY,0.8619791666666666,0.938883240060954,0.024042408783448353,-0.19532987728766654,-0.7521757391740357,28,ECPAS;USP13;STUB1;UBQLN1,GO:BP,Cancer_vs_Healthy
GOBP_NEGATIVE_REGULATION_OF_HYDROLASE_ACTIVITY,0.8622295261572172,0.938883240060954,0.02128732917061177,-0.22454844006568145,-0.7146740227979012,15,CHP1;PLIN5;ARL2;RDX;ABCE1;CAMK2A;UBXN1;SERPINB1;ATP5IF1;RASA4;SERPINA5;TMED2;ECM1;EPM2A;GAPDH,GO:BP,Cancer_vs_Healthy
GOBP_POSITIVE_REGULATION_OF_CELL_CYCLE,0.8620689655172413,0.938883240060954,0.011176725294207823,0.2037453619549971,0.7332616569889459,40,ANXA1;RANBP1;RHOA;PTPN11;TMOD3;CALR;CDC42;SFPQ;POLDIP2;RAD23A;LGMN;SVIL,GO:BP,Cancer_vs_Healthy
GOBP_POSITIVE_REGULATION_OF_RESPONSE_TO_BIOTIC_STIMULUS,0.8614196040560116,0.938883240060954,0.030965903897796597,-0.16486500183747674,-0.8133236308515596,76,MAVS;MARCHF5;NLRX1;UBQLN1;PRKDC;UBE2K;MAP2K6;C1QBP;PPP2CA;MAPKAPK2;CPT1A;STAT5B;PSPC1;UFD1;NPLOC4;RPS6KA3;PRKAA1;IPO5;APPL1,GO:BP,Cancer_vs_Healthy
GOBP_PROTEIN_TARGETING,0.8638858397365532,0.938883240060954,0.03338618507607248,-0.16071719267032394,-0.8273186735715116,94,ANK3;MFN2;FIS1;SYNJ2BP;AIFM1;SRPRB;PMPCB;MTX1;TIMM50;VPS4A;SAMM50;NACA;CHP1;UBL5,GO:BP,Cancer_vs_Healthy
GOBP_REGULATION_OF_D_GLUCOSE_IMPORT,0.865532986931192,0.938883240060954,0.013059295695789267,0.2434545674374005,0.6926818302398707,15,PEA15;SORBS1;PTPN11,GO:BP,Cancer_vs_Healthy
GOBP_REGULATION_OF_NUCLEAR_DIVISION,0.8610142205527234,0.938883240060954,0.020989954451870758,-0.22907433525881526,-0.6976692512217686,13,DYNC1LI1;PRMT5;CUL3;PIN1,GO:BP,Cancer_vs_Healthy
GOBP_STRESS_ACTIVATED_PROTEIN_KINASE_SIGNALING_CASCADE,0.8635990139687757,0.938883240060954,0.021262680211914797,-0.22407588720442445,-0.7131700210144089,15,MAP2K6;MAPK14;QARS1;MAP2K3,GO:BP,Cancer_vs_Healthy
GOBP_HIPPO_SIGNALING,0.8700906344410876,0.9432350165082807,0.013125372551875465,0.24575327756612964,0.6865736667909311,14,YAP1;CORO7;VCP;YWHAE;MOB1A,GO:BP,Cancer_vs_Healthy
GOBP_AXO_DENDRITIC_TRANSPORT,0.8714198659354052,0.9440837168253167,0.012481226444028114,0.23019650956565843,0.6958006993860879,19,SOD1;FLOT2,GO:BP,Cancer_vs_Healthy
GOBP_GLYCOPROTEIN_BIOSYNTHETIC_PROCESS,0.872809667673716,0.94448515817379,0.012334008530666579,0.22744658259848666,0.6956183481059035,20,PMM2;MUSTN1;AGO2;RPN1;UGDH;STT3A;MAGT1;PGM3;BCL2;GMPPB,GO:BP,Cancer_vs_Healthy
GOBP_MEMBRANE_LIPID_BIOSYNTHETIC_PROCESS,0.872883563427976,0.94448515817379,0.02032449160724166,-0.23611949305201527,-0.6791236170819888,11,SCCPDH;MECR;PRKAA1,GO:BP,Cancer_vs_Healthy
GOBP_MULTICELLULAR_ORGANISMAL_MOVEMENT,0.875801552480594,0.9460879581343381,0.024374105952055598,-0.18748579195128798,-0.7419399980368865,31,MYH14;JSRP1;GAA;C12orf57;RCSD1;MYH7;DMD;STAC3;CAV3;ATP2A1;CASQ1;TNNI1;MYH8;EEF2,GO:BP,Cancer_vs_Healthy
GOBP_POSITIVE_REGULATION_OF_CANONICAL_WNT_SIGNALING_PATHWAY,0.8765548732483074,0.9460879581343381,0.01287568722976767,0.2401938897604129,0.6834044845531901,15,YAP1;ILK,GO:BP,Cancer_vs_Healthy
GOBP_POSITIVE_REGULATION_OF_RNA_SPLICING,0.8763346613545817,0.9460879581343381,0.013054021131740633,0.24534843836501696,0.6729158254907717,13,PRDX6;DAZAP1;SNRNP70;RBM3;RBMX;TRA2B;NCL;HSPA1A,GO:BP,Cancer_vs_Healthy
GOBP_RESPONSE_TO_IONIZING_RADIATION,0.8756197142023914,0.9460879581343381,0.011768957541912425,0.21550150529094605,0.7029770734485159,26,YAP1;ALAD;TNKS1BP1;GPX1,GO:BP,Cancer_vs_Healthy
GOBP_REGULATION_OF_DNA_REPLICATION,0.8772102161100196,0.9462042780512571,0.013430183070354368,0.26193496204147076,0.6648388387737817,10,S100A11,GO:BP,Cancer_vs_Healthy
GOBP_CELLULAR_RESPONSE_TO_HEAT,0.8789981894990947,0.9469506679890496,0.022505702119739537,-0.2008176106115039,-0.7126431430188654,21,MAPT;EIF2S1;STUB1;MAPKAPK2,GO:BP,Cancer_vs_Healthy
GOBP_HYPEROSMOTIC_RESPONSE,0.8789550543566444,0.9469506679890496,0.013271701691408606,0.25460231992700516,0.665245792534424,11,SLC2A1,GO:BP,Cancer_vs_Healthy
GOBP_ALCOHOL_BIOSYNTHETIC_PROCESS,0.8805408419291887,0.9474312421255531,0.011017555361960219,0.20124310677097762,0.7114210539692148,37,SNCA;APOE,GO:BP,Cancer_vs_Healthy
GOBP_MODIFIED_AMINO_ACID_METABOLIC_PROCESS,0.8801782905086524,0.9474312421255531,0.010094598182073544,0.19034034212137427,0.7380456065884637,58,SOD1;GCLC;GGT5;ACADL;SULT1A1;IDH1;GCLM;GPX1;G6PD;GSS;CTSB;ATIC,GO:BP,Cancer_vs_Healthy
GOBP_RESPONSE_TO_ENDOPLASMIC_RETICULUM_STRESS,0.8816464406355561,0.9480305223511145,0.00934075967497403,0.1843461587402248,0.7523180751483366,79,CLU;MARCKS;CAV1;PDIA3;UFM1;HSP90B1;VCP;RCN3;FLOT1;PDIA4;CALR;THBS4;MANF;THBS1;BCAP31;UBA5;NIBAN1;PDIA6;P4HB;USP14;ERP44;DNAJB2;HYOU1,GO:BP,Cancer_vs_Healthy
GOBP_APOPTOTIC_MITOCHONDRIAL_CHANGES,0.8837209302325582,0.9490800294853079,0.025453399475590274,-0.17742164587037274,-0.7542519776113474,40,FAM162A;FIS1;NOL3;SLC25A6;TIMM50;OPA1,GO:BP,Cancer_vs_Healthy
GOBP_NUCLEOSIDE_DIPHOSPHATE_METABOLIC_PROCESS,0.8833333333333333,0.9490800294853079,0.010421138490230058,0.19322227524957142,0.7218511209910096,48,BPGM;GUK1;MPP1;COL6A1;GPD1;CMPK1;PGAM1,GO:BP,Cancer_vs_Healthy
GOBP_RIBOSOMAL_SMALL_SUBUNIT_ASSEMBLY,0.8844138834315651,0.949234279856984,0.013311843257410293,0.25854161167058903,0.6562258949248716,10,RPS14;RPS28;RPSA,GO:BP,Cancer_vs_Healthy
GOBP_MIRNA_METABOLIC_PROCESS,0.8863818210913746,0.9495770532212618,0.012948885293144823,0.24534792448369339,0.659626055706869,12,AGT,GO:BP,Cancer_vs_Healthy
GOBP_POSITIVE_REGULATION_OF_MRNA_METABOLIC_PROCESS,0.8859443139885944,0.9495770532212618,0.024085712587806472,-0.18642439194184549,-0.7302337475090745,30,CIRBP;CSDE1;PRMT5;FXR1;PNPT1;DCPS;RIDA;YBX1;QKI;PABPC1;CELF1;WDR77,GO:BP,Cancer_vs_Healthy
GOBP_PROTEIN_HOMOTETRAMERIZATION,0.8859516616314199,0.9495770532212618,0.012115419340202094,0.2233948180784968,0.6832265077444901,20,HPRT1;B2M;SAMHD1;ACACB;SOD2;VASP,GO:BP,Cancer_vs_Healthy
GOBP_CENTROSOME_DUPLICATION,0.8904754178159987,0.9510145376922409,0.013083052401891702,0.25011162782937096,0.6535121444499319,11,CHORDC1;CHMP1B;CHMP3;PDCD6IP,GO:BP,Cancer_vs_Healthy
GOBP_NEGATIVE_REGULATION_OF_CATABOLIC_PROCESS,0.8886843397152675,0.9510145376922409,0.008907051085669394,0.1805537597363241,0.753851590099026,91,SNCA;HP;ALAD;FLNA;ANXA2;ATP2B4;CST3;ELAVL1;SEC22B;RPL23;APOC1;PSMF1;FUS;USP5;RPS7;RNH1;HNRNPC;ACACB;USP14;POLDIP2;ACTN3;SNX3;RRAGC;SNRNP70;SYNCRIP,GO:BP,Cancer_vs_Healthy
GOBP_POSITIVE_REGULATION_OF_AUTOPHAGY,0.8895881789574497,0.9510145376922409,0.010583489146812038,0.1963019009324322,0.7165387722903768,43,GNAI3;FBXO7;PAFAH1B2;DCN;ELAVL1;HMGB1,GO:BP,Cancer_vs_Healthy
GOBP_REGULATION_OF_CENTROSOME_CYCLE,0.8904754178159987,0.9510145376922409,0.013083052401891702,0.25011162782937096,0.6535121444499319,11,CHORDC1;CHMP1B;CHMP3;PDCD6IP,GO:BP,Cancer_vs_Healthy
GOBP_REGULATION_OF_CENTROSOME_DUPLICATION,0.8904754178159987,0.9510145376922409,0.013083052401891702,0.25011162782937096,0.6535121444499319,11,CHORDC1;CHMP1B;CHMP3;PDCD6IP,GO:BP,Cancer_vs_Healthy
GOBP_CARDIAC_MUSCLE_TISSUE_MORPHOGENESIS,0.8934618390205783,0.9530259616219502,0.0199693537129219,-0.2288682434159796,-0.6582676732649988,11,MYLK2;MYL3;MYH7;TNNI1;TNNC1;MYL2,GO:BP,Cancer_vs_Healthy
GOBP_POSITIVE_REGULATION_OF_MEMBRANE_PERMEABILITY,0.8934538482607505,0.9530259616219502,0.020737324145253852,-0.21478397558946388,-0.6835965007022483,15,SLC25A6;PPIF;SLC25A4;VDAC2;SLC25A5,GO:BP,Cancer_vs_Healthy
GOBP_ALPHA_AMINO_ACID_BIOSYNTHETIC_PROCESS,0.8960739030023095,0.9546336031985148,0.012228154811085294,0.2227646824678416,0.6641207681576909,18,PHGDH;ATP2B4,GO:BP,Cancer_vs_Healthy
GOBP_ERYTHROCYTE_HOMEOSTASIS,0.895635142697258,0.9546336031985148,0.01081717185174374,0.19851171527188727,0.6952379076860637,35,BPGM;B2M;RPS14;G6PD;TMOD3;DMTN;UBA5;PRDX1;HMGB2;STAT1;HSCB;CASP3,GO:BP,Cancer_vs_Healthy
GOBP_CELLULAR_RESPONSE_TO_INSULIN_STIMULUS,0.8980397316142613,0.9550313198380567,0.009839393069383206,0.18601682142659465,0.716271701797337,56,BLVRB;GCLC;MYO1C;CAV2;CTSD;COL6A1;RAB8A;SORBS1;PTPN11,GO:BP,Cancer_vs_Healthy
GOBP_POSITIVE_REGULATION_OF_NERVOUS_SYSTEM_DEVELOPMENT,0.8981052631578947,0.9550313198380567,0.010824215948269137,0.19742601876859406,0.6876573915879967,34,SERPINF1;FN1;ITGB1;KRAS;MAP1B;NRP1;TGM2;PPP1CC;MME,GO:BP,Cancer_vs_Healthy
GOBP_POSITIVE_REGULATION_OF_NEUROGENESIS,0.8981052631578947,0.9550313198380567,0.010824215948269137,0.19742601876859406,0.6876573915879967,34,SERPINF1;FN1;ITGB1;KRAS;MAP1B;NRP1;TGM2;PPP1CC;MME,GO:BP,Cancer_vs_Healthy
GOBP_REGULATION_OF_RESPONSE_TO_CYTOKINE_STIMULUS,0.8990369680024852,0.9554341209768109,0.022609715273702067,-0.19001074163837828,-0.7012849818233569,24,MAVS;NOL3;UBE2K;MAPKAPK2;PADI2,GO:BP,Cancer_vs_Healthy
GOBP_MYOTUBE_CELL_DEVELOPMENT,0.9009604786647772,0.9568898015566903,0.01247612946870239,0.23056331804679475,0.6560033882785818,15,CAV2;COL6A1;GPX1;LMOD3;ACTN3,GO:BP,Cancer_vs_Healthy
GOBP_DEFENSE_RESPONSE_TO_VIRUS,0.9026162790697675,0.9577198615409833,0.02509885276867545,-0.1732489303064381,-0.7365129979582852,40,MAVS;AKAP1;AIMP1;C1QBP;PPM1B;NT5C3A;TRIM28;NCK1;PHB2;RELA;NDUFAF4;ATAD3A;VAPB;DHX15;DDX1;PRKRA;TOMM70;PCBP2,GO:BP,Cancer_vs_Healthy
GOBP_MULTIVESICULAR_BODY_SORTING_PATHWAY,0.9028504944735312,0.9577198615409833,0.021506409820865033,-0.19885198705195647,-0.6853517859063035,19,VPS28;VPS4A;VPS37C;TSG101;CHMP6;SNF8;VTA1;VPS36;VPS25,GO:BP,Cancer_vs_Healthy
GOBP_MEMBRANE_LIPID_METABOLIC_PROCESS,0.9045956951716114,0.958394458158519,0.02147630304956938,-0.1984885666790921,-0.6840992422165476,19,SCCPDH;MECR;NEU3;PRKAA1;MGST2,GO:BP,Cancer_vs_Healthy
GOBP_PURINE_NUCLEOTIDE_CATABOLIC_PROCESS,0.9042115052477747,0.958394458158519,0.009884827460505143,0.18658452758300773,0.7102800339945614,53,PNP;BPGM;HPRT1;COL6A1;GPD1;PGAM1;HINT1;PGK1;EIF6;SAMHD1;ENO1;GAPDH,GO:BP,Cancer_vs_Healthy
GOBP_REGULATION_OF_CHROMOSOME_ORGANIZATION,0.905673560648407,0.9589484759806662,0.010632386497261751,0.19559101849201294,0.6885842213466619,36,HNRNPA2B1;HNRNPA1;ACTB;HNRNPC;SFPQ;CCT2;LMNA;HSP90AA1;MAPK3;RUVBL1;BUB3,GO:BP,Cancer_vs_Healthy
GOBP_PROTEIN_SUMOYLATION,0.9063523248199084,0.9589712013657775,0.012956747185877004,0.24990640915954238,0.6343081716653406,10,SUMO2;RANGAP1;UBE2I;CAPN3;SAE1,GO:BP,Cancer_vs_Healthy
GOBP_RESPONSE_TO_PURINE_CONTAINING_COMPOUND,0.9068049438840744,0.9589712013657775,0.01086181872467769,0.19971858115409097,0.6795748084176448,31,SOD1;RAP1B;GPD1;HSP90B1;AQP1;DMTN;EZR;STAT1;EEF2K;HMGCS2;ASPH;IGFBP5,GO:BP,Cancer_vs_Healthy
GOBP_CELLULAR_RESPONSE_TO_XENOBIOTIC_STIMULUS,0.9081661486295564,0.9595961919226689,0.01075620687388353,0.1961700883968151,0.6782558739240784,33,AKR1C1;GUK1;SULT1A1;CBR1;AOX1;ALDH2;CBR3;GSTO1;EPHX1,GO:BP,Cancer_vs_Healthy
GOBP_NEGATIVE_REGULATION_OF_VIRAL_PROCESS,0.9089718402095612,0.9595961919226689,0.012914860264196635,0.24860059231618023,0.6309937696969058,10,PPIA;IFITM1,GO:BP,Cancer_vs_Healthy
GOBP_SPINDLE_ASSEMBLY,0.9090619017230377,0.9595961919226689,0.022859636478277854,-0.1832134793223255,-0.7008282277311767,27,CLASP2;RPS3;MAPRE3,GO:BP,Cancer_vs_Healthy
GOBP_POLYOL_METABOLIC_PROCESS,0.9098154981549815,0.9598053606909696,0.011382715477455802,0.20730716739164481,0.6580898026027886,23,SNCA;SORD;ASAH1,GO:BP,Cancer_vs_Healthy
GOBP_METAPHASE_CHROMOSOME_ALIGNMENT,0.9108418763591177,0.960301868424988,0.02240256368191598,-0.18633842389554042,-0.6877313202812272,24,MAP1S;VPS4A;CUL3;NUDC;RMDN1;CHMP6;RAB24;ABRAXAS2;SIRT2;EML4;DYNC1H1,GO:BP,Cancer_vs_Healthy
GOBP_MITOTIC_NUCLEAR_DIVISION,0.9131553989974258,0.961735145301774,0.01003518172852819,0.18872433123750212,0.6958426585450795,45,FLNA;RANBP1;CAV2;RHOA;RAN;RPL24;MAPRE1;CDC42;KPNB1;PPP1CC;POLDIP2,GO:BP,Cancer_vs_Healthy
GOBP_REGULATION_OF_CARBOHYDRATE_METABOLIC_PROCESS,0.9138710119129125,0.961735145301774,0.010186224627345926,0.18896583976386183,0.6865144416581554,42,SNCA;AP2A1;GPD1;SORBS1;HMGB1;CLTC,GO:BP,Cancer_vs_Healthy
GOBP_REGULATION_OF_SPINDLE_ORGANIZATION,0.913399464651236,0.961735145301774,0.01227596412157514,0.22542468946923544,0.641382858930978,15,CLTC;GNAI1;CHMP1B;CHMP3;HSPA1A;PDCD6IP,GO:BP,Cancer_vs_Healthy
GOBP_POSITIVE_REGULATION_OF_NUCLEOCYTOPLASMIC_TRANSPORT,0.9144568006843456,0.9617658865383744,0.020999590625255547,-0.19633028070444974,-0.664952507886489,18,MAVS;MAPK14;PPM1A;IPO5;TRIM28;BAG3,GO:BP,Cancer_vs_Healthy
GOBP_POSITIVE_REGULATION_OF_ATP_DEPENDENT_ACTIVITY,0.9166533864541833,0.9634896908715503,0.01239985150566196,0.2295317072632892,0.6295353632517984,13,RGN;AHSA1;PFN1;DNAJB2;DNAJC9,GO:BP,Cancer_vs_Healthy
GOBP_MITOCHONDRIAL_OUTER_MEMBRANE_PERMEABILIZATION,0.9187288356342798,0.9639122209933427,0.019546908641449836,-0.2193638219157508,-0.6309311877250892,11,SLC25A6;SLC25A4;VDAC2;SLC25A5,GO:BP,Cancer_vs_Healthy
GOBP_POSITIVE_REGULATION_OF_DNA_METABOLIC_PROCESS,0.918579530110721,0.9639122209933427,0.009891647593689806,0.18487048485615856,0.687713158745257,47,HNRNPA2B1;ACTR2;HNRNPA1;ACTB;HMGB1;FUS,GO:BP,Cancer_vs_Healthy
GOBP_VESICLE_MEDIATED_TRANSPORT_BETWEEN_ENDOSOMAL_COMPARTMENTS,0.9184380412533459,0.9639122209933427,0.012195515492883871,0.2231242694040967,0.6348376575087432,15,MSN;RAB7A;EZR;SNX3;MAPK3,GO:BP,Cancer_vs_Healthy
GOBP_NUCLEAR_CHROMOSOME_SEGREGATION,0.9197606419148647,0.9644092167651008,0.009982710212131233,0.1861501870453032,0.683480646516837,44,FLNA;ACTR2;ACTR3;RHOA;ACTB;RAN;MAPRE1;CDC42;KPNB1;PPP1CC;POLDIP2,GO:BP,Cancer_vs_Healthy
GOBP_REGULATION_OF_VIRAL_LIFE_CYCLE,0.9204721963342652,0.9645700153217771,0.02223612622874777,-0.18315922535584273,-0.6759976458010344,24,MAVS;PPID;VPS4A;DDB1,GO:BP,Cancer_vs_Healthy
GOBP_INNATE_IMMUNE_RESPONSE_ACTIVATING_CELL_SURFACE_RECEPTOR_SIGNALING_PATHWAY,0.9220694171578258,0.9654143145351481,0.012706989144920626,0.24340112039105796,0.6177965590229528,10,HMGB1;FLOT1;LTF,GO:BP,Cancer_vs_Healthy
GOBP_REGULATION_OF_UBIQUITIN_DEPENDENT_PROTEIN_CATABOLIC_PROCESS,0.9223952738990333,0.9654143145351481,0.009739634310007093,0.1835007651612247,0.6879545848804036,49,CLU;TF;GCLC;SUMO2;RPL23;VCP;USP5;BCAP31;RPS7;USP14;RAD23A;DNAJB2,GO:BP,Cancer_vs_Healthy
GOBP_ESTABLISHMENT_OF_PROTEIN_LOCALIZATION_TO_ENDOPLASMIC_RETICULUM,0.9244594946600677,0.9664034899557812,0.01945308365051636,-0.21721311475409835,-0.6247453535610975,11,SRPRB;BAG6;SRP9;SGTA;CHMP4B;SRP14;SRP54;GET4;HSPA5;RAB10;SPCS1,GO:BP,Cancer_vs_Healthy
GOBP_LEARNING,0.9255774165953806,0.9664034899557812,0.020813041460137825,-0.19258795038483828,-0.652277581112909,18,PLN;ATP1A2,GO:BP,Cancer_vs_Healthy
GOBP_REGULATION_OF_AUTOPHAGY,0.9246984281710735,0.9664034899557812,0.008133441805101654,0.17200540972227965,0.7239434994313384,96,SNCA;GNAI3;CTTN;FBXO7;ATP6V1H;PAFAH1B2;DCN;ELAVL1;RAB8A;EEF1A1;SEC22B;HMGB1;PSAP;VPS29,GO:BP,Cancer_vs_Healthy
GOBP_SIGNAL_TRANSDUCTION_BY_P53_CLASS_MEDIATOR,0.9250526315789473,0.9664034899557812,0.01037723587326004,0.18865213615014997,0.6570969554654895,34,NDRG1;HNRNPK;RPL23;HINT1;EIF5A;CD44;RPS7;USP15;MIF;RPS20,GO:BP,Cancer_vs_Healthy
GOBP_ORGANIC_ACID_BIOSYNTHETIC_PROCESS,0.9264176696860653,0.9666966988028507,0.008406654772410156,0.1734084968541157,0.7129244964897957,82,APOC2;AKR1C3;MGLL;PHGDH;ATP2B4;GGT5;ACADL;APOC1;FABP5;CBR1;EIF6;ALDH1A1;PTGDS;GLUD1;FASN;ACACB;ACLY;NANS,GO:BP,Cancer_vs_Healthy
GOBP_RESPONSE_TO_VIRUS,0.9270969427750196,0.9668216759898817,0.009230925527979807,0.17801724855074164,0.6933352104247945,60,CLU;DEFA3;NPC2;ARF1;IFITM1;CFL1;EIF5A;CALR;SAMHD1;STMN1;ENO1;G3BP1;HSP90AA1;RPSA;STAT1;PSMA2;TRIM25;DDX3X,GO:BP,Cancer_vs_Healthy
GOBP_NEGATIVE_REGULATION_OF_GENE_EXPRESSION_EPIGENETIC,0.9322626808713627,0.9709225382771568,0.012120415165534016,0.22005334245971847,0.6147744262800914,14,HNRNPK;HMGB1;LMNA;SMYD5,GO:BP,Cancer_vs_Healthy
GOBP_RESPONSE_TO_CALCIUM_ION,0.9327149383912502,0.9709225382771568,0.010042031954487595,0.18545036129913933,0.6636943397761715,39,ADD1;CAV1;AKR1C3;CLIC4;IQGAP1;CALM1;THBS1;LGMN;ANXA7;EEF2K;PDCD6;SEC31A;ASPH;CPNE3;RASA4;CAPN3;TTN,GO:BP,Cancer_vs_Healthy
GOBP_T_CELL_HOMEOSTASIS,0.9320563195808775,0.9709225382771568,0.01255018155410254,0.23809036788611554,0.6043168978853845,10,PRDX2,GO:BP,Cancer_vs_Healthy
GOBP_NEGATIVE_REGULATION_OF_PROTEOLYSIS_INVOLVED_IN_PROTEIN_CATABOLIC_PROCESS,0.9343087051938551,0.9719960521222044,0.010854763788084398,0.19589270807657239,0.6343824963936239,25,ALAD;RPL23;PSMF1;USP5;RPS7;USP14,GO:BP,Cancer_vs_Healthy
GOBP_POSITIVE_REGULATION_OF_CELL_CYCLE_PROCESS,0.9412691591462541,0.9786480788235421,0.010423451049092853,0.18859504239283925,0.6326632115940699,29,ANXA1;RANBP1;RHOA;TMOD3;CDC42;SFPQ;POLDIP2;SVIL,GO:BP,Cancer_vs_Healthy
GOBP_ESTABLISHMENT_OF_PROTEIN_LOCALIZATION_TO_MEMBRANE,0.9431861804222649,0.9788743061679722,0.00861773390698709,0.17100327522249456,0.6821440249057045,69,STOM;SPTBN1;ATG3;MYO1C;RAB8A;SDCBP;NCLN;RAB11B;AP3B1;RAB7A;VAMP2;MTCH1;DMTN,GO:BP,Cancer_vs_Healthy
GOBP_MONOCARBOXYLIC_ACID_BIOSYNTHETIC_PROCESS,0.9430051813471503,0.9788743061679722,0.00922644714959914,0.17596095091365632,0.6698387686034973,53,APOC2;AKR1C3;MGLL;ACADL;APOC1;FABP5;CBR1;EIF6;PTGDS;FASN;ACACB;ACLY,GO:BP,Cancer_vs_Healthy
GOBP_STEROL_BIOSYNTHETIC_PROCESS,0.942655627108249,0.9788743061679722,0.021658065572925433,-0.18136733242287795,-0.6499917788943933,22,LPCAT3;CYB5R1;LSS,GO:BP,Cancer_vs_Healthy
GOBP_REGULATION_OF_DNA_METABOLIC_PROCESS,0.9464687359424202,0.9811025649121188,0.02795268223917208,-0.15135146466238278,-0.7277756545498053,67,RPS3;KPNA1;C11orf54;PRMT1;PRKDC;FH;ENDOG;CUL4A;C1QBP,GO:BP,Cancer_vs_Healthy
GOBP_VIRAL_RELEASE_FROM_HOST_CELL,0.9461896451425247,0.9811025649121188,0.020779857439982046,-0.18248153366238745,-0.6289303257390205,19,PPID;VPS4A;DDB1,GO:BP,Cancer_vs_Healthy
GOBP_ENDOSOME_TO_LYSOSOME_TRANSPORT_VIA_MULTIVESICULAR_BODY_SORTING_PATHWAY,0.9473549049820236,0.9812386068998544,0.018872189166085587,-0.2140755401591385,-0.5932245262907418,10,VPS4A,GO:BP,Cancer_vs_Healthy
GOBP_PYRIDINE_CONTAINING_COMPOUND_CATABOLIC_PROCESS,0.947735668354084,0.9812386068998544,0.009610781270288053,0.17709657436003762,0.6464357266333912,43,PNP;BPGM;COL6A1;GPD1;PGAM1;PGK1;EIF6;MTAP;ENO1;GAPDH,GO:BP,Cancer_vs_Healthy
GOBP_MITOTIC_METAPHASE_CHROMOSOME_ALIGNMENT,0.9527313897537504,0.9858202643679526,0.02025626386778725,-0.18529170090386196,-0.6141526605077141,17,VPS4A;CUL3;NUDC;RMDN1;CHMP6;EML4;CHMP4B;VPS4B;DCTN2;CHMP2A;CHMP5;HNRNPU;PDCD6IP;CHMP3;CHMP1B;KPNB1;MAPRE1,GO:BP,Cancer_vs_Healthy
GOBP_NEGATIVE_REGULATION_OF_COLD_INDUCED_THERMOGENESIS,0.9544152122948685,0.986971566035627,0.018973936179792882,-0.2012295081967213,-0.578773525657545,11,MAP2K6;QKI;LNPEP;PCTP;ACOT13;PLCL2;PLCL1;ADIPOQ;NRDC;ACTN3;ALDH1A1,GO:BP,Cancer_vs_Healthy
GOBP_COPII_COATED_VESICLE_BUDDING,0.9550423402617398,0.987029404289645,0.011289059827941102,0.19643998994095493,0.5856398580385799,18,RAB1A,GO:BP,Cancer_vs_Healthy
GOBP_REGULATION_OF_MITOCHONDRIAL_OUTER_MEMBRANE_PERMEABILIZATION_INVOLVED_IN_APOPTOTIC_SIGNALING_PATHWAY,0.9564505566470203,0.9873038004098273,0.012172953148832056,0.22150818326945254,0.562228280623481,10,GCLC,GO:BP,Cancer_vs_Healthy
GOBP_SKELETAL_MUSCLE_CELL_DIFFERENTIATION,0.9560983150409647,0.9873038004098273,0.011332234868664488,0.1979856249359635,0.5817647852706629,17,COL6A1;LEMD2;KRAS;EMD,GO:BP,Cancer_vs_Healthy
GOBP_CARDIAC_CELL_DEVELOPMENT,0.9608462267129776,0.9885096662006887,0.021816777269827704,-0.16631230313437909,-0.6206306900369211,25,ADPRHL1;CSRP3,GO:BP,Cancer_vs_Healthy
GOBP_CELLULAR_RESPONSE_TO_ABIOTIC_STIMULUS,0.9596349145134336,0.9885096662006887,0.008408875927457933,0.16643180176236627,0.6605714388686158,67,SLC2A1;YAP1;GCLC;TNKS1BP1;PTPN11;CNN2;CRIP1;MFAP4;RAB11B;AQP1;CALR,GO:BP,Cancer_vs_Healthy
GOBP_EPIGENETIC_REGULATION_OF_GENE_EXPRESSION,0.9646936656282451,0.9885096662006887,0.010581162963084525,0.18334769587990618,0.5763847004736375,22,HNRNPK;HMGB1;GPX1;WBP2;APEX1;LMNA;SMYD5;GSK3A,GO:BP,Cancer_vs_Healthy
GOBP_GLUCAN_BIOSYNTHETIC_PROCESS,0.9607935758148323,0.9885096662006887,0.011532460896097755,0.19982923401110192,0.568558154431968,15,PGM2;SORBS1,GO:BP,Cancer_vs_Healthy
GOBP_LYMPHOCYTE_HOMEOSTASIS,0.96560116826221,0.9885096662006887,0.011901849731337342,0.2103492361278601,0.5496177110130349,11,PRDX2,GO:BP,Cancer_vs_Healthy
GOBP_MEMBRANELESS_ORGANELLE_ASSEMBLY,0.9621203236777296,0.9885096662006887,0.006752088539743483,0.1574675784041406,0.6901518313434267,127,CSRP1;FSCN1;FLNA;DBNL;GSN;MSN;LCP1;TMOD1;RHOA;ITGB1;TUBB;FUS;MYL9;RPS14;MYH10;CAPG;TMOD3;RPL24;EIF6;MAPRE1;KPNB1;EZR;RPS28;MYOZ2;MYBPC2;LMOD3;POLDIP2;G3BP1;ACTC1;AGO2;RPSA,GO:BP,Cancer_vs_Healthy
GOBP_NEGATIVE_REGULATION_OF_CELL_GROWTH,0.9646936656282451,0.9885096662006887,0.010581162963084525,0.1833439450955633,0.5763729092444124,22,CFL1;G6PD;NRP1;ENO1;DNAJB2;PPT1;DDX3X;GSK3A,GO:BP,Cancer_vs_Healthy
GOBP_POSITIVE_REGULATION_OF_PROTEIN_LOCALIZATION_TO_NUCLEUS,0.9586019194957742,0.9885096662006887,0.010144959636124906,0.18021743919819777,0.604559602531312,29,YAP1;FLNA,GO:BP,Cancer_vs_Healthy
GOBP_PROTEIN_LOCALIZATION_TO_SYNAPSE,0.9656274980015987,0.9885096662006887,0.01913849378565281,-0.19021604387171764,-0.563307380312044,12,MAPT,GO:BP,Cancer_vs_Healthy
GOBP_PTERIDINE_CONTAINING_COMPOUND_METABOLIC_PROCESS,0.9637623234745537,0.9885096662006887,0.019167518197929993,-0.191976829227363,-0.5685217847639067,12,PM20D2;SHMT2;ALDH1L1,GO:BP,Cancer_vs_Healthy
GOBP_REGULATION_OF_CARBOHYDRATE_CATABOLIC_PROCESS,0.9621525724423418,0.9885096662006887,0.020775124207278922,-0.17366741036368932,-0.6082210904609017,20,FBP1;PPP2CA;PRKAG1;PRKAA1;STAT3;PHKA1;ARL2;PRKAA2,GO:BP,Cancer_vs_Healthy
GOBP_REGULATION_OF_INTRACELLULAR_ESTROGEN_RECEPTOR_SIGNALING_PATHWAY,0.9602466331332143,0.9885096662006887,0.01198351537780891,0.21436428606223115,0.5601085622999428,11,UFM1;UBA5;WBP2,GO:BP,Cancer_vs_Healthy
GOBP_RESPONSE_TO_GAMMA_RADIATION,0.965603895084027,0.9885096662006887,0.01142125733177095,0.19597305226297568,0.5659894610610988,16,YAP1;GPX1;SOD2,GO:BP,Cancer_vs_Healthy
GOBP_SISTER_CHROMATID_SEGREGATION,0.9635087719298245,0.9885096662006887,0.009750957271272108,0.1706046595659012,0.5942355314744782,34,FLNA;RHOA;ACTB;RAN;MAPRE1;KPNB1;PPP1CC;POLDIP2;BUB3;CHMP1B;TTN;CHMP3;HSPA1A;PDCD6IP,GO:BP,Cancer_vs_Healthy
GOBP_DNA_REPLICATION,0.9696704578594343,0.9914842199925249,0.01024133092855442,0.17761646340234416,0.5793941043255494,26,S100A11;PTMS,GO:BP,Cancer_vs_Healthy
GOBP_ESTABLISHMENT_OF_PROTEIN_LOCALIZATION_TO_MITOCHONDRIAL_MEMBRANE,0.9702545231524072,0.9914842199925249,0.021208626790075784,-0.16670434270845705,-0.5974419473394776,22,MTX1;SAMM50;TIMM8A;NDUFA13;TIMM13;ROMO1;TOMM22;MTCH2;TOMM70,GO:BP,Cancer_vs_Healthy
GOBP_STRIATED_MUSCLE_ADAPTATION,0.9699878123095673,0.9914842199925249,0.010899479797246413,0.1845728854002066,0.557897002832449,19,GSN;ATP2B4;ACACB;MYOZ2;LMNA;ACTN3,GO:BP,Cancer_vs_Healthy
GOBP_PLACENTA_DEVELOPMENT,0.97188995215311,0.9925684617733889,0.010588142127332032,0.1788136026721805,0.5547953371948069,21,SOD1;CTSB;MME;DAZAP1;DNAJB6;PTGIS;TMED2,GO:BP,Cancer_vs_Healthy
GOBP_NUCLEOTIDE_SUGAR_BIOSYNTHETIC_PROCESS,0.9729083665338646,0.9930216523157224,0.011525190324585564,0.19476687664602538,0.5341860516818636,13,PMM2;NANS;UGDH;GNPDA2,GO:BP,Cancer_vs_Healthy
GOBP_ACTIVATION_OF_INNATE_IMMUNE_RESPONSE,0.9777490297542044,0.9935506433927523,0.008202312976537568,0.1567126267373129,0.6164798438923325,63,S100A9;S100A8;FLOT2;CAV1;CD36;HSP90B1;HMGB1;AP3B1;FLOT1;SFPQ;YWHAE;TKFC;USP15;LTF;HSP90AA1;HSPA8;NONO;XRCC6;PPT1;TRIM25;DDX3X,GO:BP,Cancer_vs_Healthy
GOBP_AMINO_ACID_BIOSYNTHETIC_PROCESS,0.9744844978489838,0.9935506433927523,0.010428076739537216,0.17486491281543282,0.5497176275533328,22,PHGDH;ATP2B4;ALDH1A1;GLUD1;MRI1,GO:BP,Cancer_vs_Healthy
GOBP_CARDIOCYTE_DIFFERENTIATION,0.9848570619869799,0.9935506433927523,0.009538618296361847,0.15942642962909848,0.5472840553420735,32,ITGB1;G6PD;MYH10;CALR;CDC42;LMNA;ACTC1;MAPK3;MYH11;GSK3A,GO:BP,Cancer_vs_Healthy
GOBP_CELLULAR_COMPONENT_ASSEMBLY_INVOLVED_IN_MORPHOGENESIS,0.9850019734245494,0.9935506433927523,0.008360012048220978,0.15263631889151635,0.5877375769032293,56,CSRP1;CD9;TMOD1;ITGB1;MYL9;MYH10;TMOD3;AGFG1;MYOZ2;MYBPC2;LMOD3;ACTC1;MYBPH;EPB41L3;MYH11;CSRP2;MYH3;CAPN3,GO:BP,Cancer_vs_Healthy
GOBP_CELLULAR_RESPONSE_TO_OSMOTIC_STRESS,0.9880664652567975,0.9935506433927523,0.010492917430477587,0.16629605888902138,0.5085967371297526,20,SLC2A1,GO:BP,Cancer_vs_Healthy
GOBP_CHROMOSOME_LOCALIZATION,0.9823953823953824,0.9935506433927523,0.009880281431822348,0.16490485385070552,0.5483112599701737,28,ACTR2;ACTR3;MAPRE1;CDC42;KPNB1;LMNA;BUB3;CHMP1B,GO:BP,Cancer_vs_Healthy
GOBP_CHROMOSOME_SEGREGATION,0.983150800336984,0.9935506433927523,0.02615004897690856,-0.14415631911096496,-0.6688107423792854,58,DYNC1LI1;CLASP2;RPS3;MAP1S;MAPRE3;VPS4A;DDB1;CSNK2A1;CUL3;USP9X;BAG6;SLC25A5;NEK7;MAPRE2;NUDC;CLASP1;ARL8A;RMDN1;CHMP6;RAB24;ABRAXAS2;MAP3K20;SIRT2;NTMT1;PPP2R2A,GO:BP,Cancer_vs_Healthy
GOBP_ENDOPLASMIC_RETICULUM_ORGANIZATION,0.9867878960079557,0.9935506433927523,0.009567919892219954,0.15606792413582804,0.5310463805213769,31,ATL3;CAV2;ESYT1;NCLN,GO:BP,Cancer_vs_Healthy
GOBP_GLYCOSYLATION,0.9839233266347195,0.9935506433927523,0.010904191570787638,0.1746293483479383,0.5131342509157089,17,PMM2;NANS;RPN1;STT3A;MAGT1;PGM3;GMPPB;UGGT1;GFPT1;OSTC;DAD1;STT3B;MOGS;POFUT1;DDOST;RPN2,GO:BP,Cancer_vs_Healthy
GOBP_HEPATICOBILIARY_SYSTEM_DEVELOPMENT,0.9763837638376384,0.9935506433927523,0.01032187623862639,0.1709466847290891,0.5426646431207831,23,HSPA12A;MPST;DUT;KRAS;SOD2,GO:BP,Cancer_vs_Healthy
GOBP_LACTATE_METABOLIC_PROCESS,0.9774011299435028,0.9935506433927523,0.018406807573111583,-0.19295960969418827,-0.5347101914071467,10,PFKFB2;HAGH;LDHD;D2HGDH;MTCH2,GO:BP,Cancer_vs_Healthy
GOBP_MUSCLE_CELL_DEVELOPMENT,0.9842319430315362,0.9935506433927523,0.02945834999479593,-0.13446513912891633,-0.6695514292667492,81,SYPL2;ADPRHL1;CSRP3;PRKAR1A;RYR1;ATP2A2;PGM5;NACA;BIN1;AFG3L2;CACNA1S;SGCD;FLNC;LDB3;ANK2;DMD;CFL2;STAC3;MYOM2;KLHL40;SGCB;CAV3;OBSCN;MYOM1,GO:BP,Cancer_vs_Healthy
GOBP_MUSCLE_TISSUE_DEVELOPMENT,0.9843579483448527,0.9935506433927523,0.0069482861009048935,0.14990209531032078,0.6347577505809631,100,RBP4;CSRP1;YAP1;CAV1;CAV2;COL6A1;MTPN;RHOA;ITGB1;GPX1;LEMD2;G6PD;MYH10;FKBP1A;FLOT1;CALR;CDC42;KRAS;MYL6;MYOZ2;EMD;LMOD3;LMNA;ACTN3;ACTC1,GO:BP,Cancer_vs_Healthy
GOBP_MYOFIBRIL_ASSEMBLY,0.9883064516129032,0.9935506433927523,0.008657752269949677,0.15116778015254528,0.5647414689631098,48,CSRP1;TMOD1;ITGB1;MYL9;MYH10;TMOD3;MYOZ2;MYBPC2;LMOD3;ACTC1;MYBPH;MYH11;CSRP2;MYH3;CAPN3;TTN,GO:BP,Cancer_vs_Healthy
GOBP_NUCLEAR_ENVELOPE_ORGANIZATION,0.985399192295744,0.9935506433927523,0.02116946476829541,-0.1503914297486609,-0.5550594148956055,24,VPS4A;DCTN1;NUP93;PAFAH1B1;BROX;CHMP6;SIRT2;LMNB2;NSFL1C;DES;CHMP4B;VPS4B;CHMP2A;CHMP5;BANF1;TARDBP;LPIN1;CHMP3;UBE2I;CHMP1B;LMNA;EMD;TMEM43;LEMD2,GO:BP,Cancer_vs_Healthy
GOBP_NUCLEAR_TRANSCRIBED_MRNA_CATABOLIC_PROCESS_DEADENYLATION_DEPENDENT_DECAY,0.986144417799094,0.9935506433927523,0.018823646150929164,-0.17086354539907686,-0.5059967297737116,12,CSDE1;DCPS;YBX1;PABPC1,GO:BP,Cancer_vs_Healthy
GOBP_NUCLEOTIDE_EXCISION_REPAIR,0.9798624754420432,0.9935506433927523,0.011818071068111618,0.19928289108653563,0.5058164242942024,10,ACTB;HMGB1;RAD23A;RPA2,GO:BP,Cancer_vs_Healthy
GOBP_NUCLEUS_ORGANIZATION,0.9761737911702874,0.9935506433927523,0.0232182918027764,-0.15107615894039736,-0.6189297580147265,35,VPS4A;BIN1;DCTN1;FXR1;NUP93;PAFAH1B1;BROX;RTN4;CHMP6;SIRT2;LMNB2;SERBP1;NSFL1C;DES;CHMP4B;VPS4B;CHMP2A;CHMP5;BANF1;H3-3A;PLEC;RPS19;TARDBP;LPIN1;PDCD6IP;CHMP3;UBE2I;CHMP1B;HMGB2;PITPNB;LMNA;EMD;TMEM43;AGFG1;LEMD2,GO:BP,Cancer_vs_Healthy
GOBP_PEPTIDYL_LYSINE_MODIFICATION,0.975624619134674,0.9935506433927523,0.010812476907487508,0.18092105263157898,0.5468588346202269,19,SUMO2;HINT1;RANGAP1;UBE2I;CAPN3;SAE1;PARK7;NDUFAB1;SETD3;SMYD2;SIRT3;UBA2;SIRT2;SETD7;RELA;TRIM28;BAG6;TOLLIP;SIRT5,GO:BP,Cancer_vs_Healthy
GOBP_PROTEIN_INSERTION_INTO_MEMBRANE,0.9883759004584152,0.9935506433927523,0.011690629614696784,0.1872183531339615,0.4751944204951765,10,NCLN;BCS1L;TMCO1;BAX;GET4;TMEM126A;NOMO2;SGTA;BAG6;EMC2,GO:BP,Cancer_vs_Healthy
GOBP_REGULATION_OF_ATP_DEPENDENT_ACTIVITY,0.9839876828329485,0.9935506433927523,0.010843010100252065,0.172389090786972,0.5139377307351097,18,RGN;AHSA1;PFN1;LTF;DNAJB2;SNRNP70;DNAJC9,GO:BP,Cancer_vs_Healthy
GOBP_RESPONSE_TO_OSMOTIC_STRESS,0.9873062730627307,0.9935506433927523,0.010151833338038959,0.16004127538541768,0.5080457788886505,23,SLC2A1;AQP1;USP15;HSP90AA1;XRCC6;DDX3X;CASP3;CAPN3;RAC1,GO:BP,Cancer_vs_Healthy
GOBP_RIBOSOME_ASSEMBLY,0.9857452742485281,0.9935506433927523,0.02112555691454262,-0.1528006589785832,-0.5554314145900675,23,PRKDC;C1QBP;EIF2A;SBDS;EIF5;RPS5;RPL11;EIF5B;EIF1AX;RPS6;RPS27;NPM1;XRCC5;RPL38;RPS19;RPL5;RPS15;DDX3X;RPSA;RPS28;EIF6;RPL24;RPS14,GO:BP,Cancer_vs_Healthy
GOBP_RRNA_METABOLIC_PROCESS,0.9880638445523942,0.9935506433927523,0.009179445012308765,0.15240096200430142,0.5422948088718057,38,CAVIN1;PA2G4;RPS14;RPL14;LSM6;EIF6;RPS7;RPS28;RPS25;RPL7;RPL35;NCL;RPL35A;PELO;NUDT16;DDX17;RPS15,GO:BP,Cancer_vs_Healthy
GOBP_RRNA_PROCESSING,0.9806442497880757,0.9935506433927523,0.009579195019731646,0.16050859907198317,0.554956675737854,33,PA2G4;RPS14;RPL14;LSM6;EIF6;RPS7;RPS28;RPS25;RPL7;RPL35,GO:BP,Cancer_vs_Healthy
GOBP_VESICLE_TARGETING,0.983032588203609,0.9935506433927523,0.01903128233525335,-0.17152236356175626,-0.5346987792145496,14,CLASP2;CUL3;CLASP1;SAR1B;YKT6;PREB;SAR1A;TRAPPC3;TMED10;TFG;TMED2;PDCD6;TMED9;SNAP23,GO:BP,Cancer_vs_Healthy
GOBP_MITOTIC_SISTER_CHROMATID_SEGREGATION,0.9895273138975375,0.9935521199389569,0.009464323880034386,0.15315127502244635,0.5257425075007472,32,FLNA;RHOA;RAN;MAPRE1;KPNB1;PPP1CC;POLDIP2;BUB3;CHMP1B;TTN;CHMP3;HSPA1A;PDCD6IP,GO:BP,Cancer_vs_Healthy
GOBP_SARCOMERE_ORGANIZATION,0.9893980848153214,0.9935521199389569,0.022615214154593968,-0.14097938763907986,-0.5666557228229786,33,CSRP3;PRKAR1A;FLNC;LDB3;CFL2;MYOM2;CAV3;OBSCN;MYOM1,GO:BP,Cancer_vs_Healthy
GOBP_MATERNAL_PROCESS_INVOLVED_IN_FEMALE_PREGNANCY,0.9909135161447347,0.9943661764797337,0.011520344699421495,0.18135658935629978,0.4738633491331159,11,CTSB;DAZAP1;PTGIS;TMED2,GO:BP,Cancer_vs_Healthy
GOBP_REGULATION_OF_STRIATED_MUSCLE_CELL_DIFFERENTIATION,0.9917469050894085,0.994624870571386,0.01921743374268299,-0.1593429158110883,-0.5196398058715207,16,NACA;MAPK14;YBX1;CAV3;SMYD1;TOMM70;PAK1;RBM38;TRIM72;NLN;MYLK3;BCL2;GSK3A;ACTN3;LMOD3;G6PD,GO:BP,Cancer_vs_Healthy
GOBP_NUCLEAR_MEMBRANE_ORGANIZATION,0.9929036073329391,0.9947278329339269,0.02029260468577999,-0.15014397367338544,-0.5258368924976664,20,VPS4A;DCTN1;PAFAH1B1;BROX;CHMP6;SIRT2;NSFL1C;CHMP4B;VPS4B;CHMP2A;CHMP5;BANF1;TARDBP;LPIN1;CHMP3;UBE2I;CHMP1B;EMD;TMEM43;LEMD2,GO:BP,Cancer_vs_Healthy
GOBP_REGULATION_OF_PROTEIN_TARGETING,0.9930008748906387,0.9947278329339269,0.009875735982745394,0.15038505921983814,0.49056385326875535,26,STOM;MYO1C,GO:BP,Cancer_vs_Healthy
GOBP_ENDOSOME_ORGANIZATION,0.9953376660073467,0.9964910120861501,0.009345247531141652,0.13728254112336996,0.474652841649335,33,ATP6V1H;STAM;CORO1C;RAB7A,GO:BP,Cancer_vs_Healthy
GOBP_CARDIAC_MUSCLE_CELL_DIFFERENTIATION,0.9976828864614367,0.9982605835584033,0.021967136709762077,-0.12840627580511974,-0.4985857844032375,29,ADPRHL1;CSRP3;SGCD;ACADM;SGCB;CAV3;NRAP;PRKG1;TOMM70;PAK1;MYL2;PDLIM5;ACTN2;HNRNPU;TCAP;PLEC;NEB;CACYBP;COL14A1;MYLK3;TTN;GSK3A;MYH11;ACTC1;LMNA;CALR;MYH10;G6PD;ITGB1,GO:BP,Cancer_vs_Healthy
GOBP_NEGATIVE_REGULATION_OF_CARBOHYDRATE_METABOLIC_PROCESS,0.9995288204806031,0.9995288204806031,0.010906547804403748,0.13652222637521677,0.394289625214806,16,AP2A1;CLTC,GO:BP,Cancer_vs_Healthy
GOBP_ENERGY_DERIVATION_BY_OXIDATION_OF_ORGANIC_COMPOUNDS,1.1013829976472308e-9,1.9064939689273567e-6,0.7881868108002371,0.45910109534124993,2.134015358295053,180,GAA;NDUFB1;NDUFA9;NDUFA13;CISD1;NDUFS3;CYC1;NDUFS5;ATP5F1D;UQCRQ;PPP1CB;COX7A1;COX5A;FH;UQCR11;NDUFB5;NDUFB4;MT-CO2;PYGM;IDH3B;NDUFA8;COX5B;IDH3A;NDUFB3;UQCRC2;COX4I1;AKT1;NDUFA10;NDUFS1;PFKM;NNT;NDUFB11;COX6C;PDHB;NDUFB9;NDUFAB1;AKT2;NDUFV1;NDUFV2;NDUFA2;PLEC;NDUFS4;IDH2;AGL;PHKA2;PPP1CA;ATP5F1C;NDUFA12;ATP5MG;ADHFE1;MDH2;STBD1;GYS1;ATP5PO;SUCLA2;DLST;UQCRC1;GBE1;UQCRH;ACO2;PDHA1;STOML2;NDUFS2;TRAP1;PHKB;PPP1CC;ATP5PF;UQCRB;ARL2;DLAT;ATP5PD;NDUFA6;ATP5PB;ATP5ME;PYGB;NDUFA4;NDUFA3;ETFA;IGF2;NDUFB10;ATP5MF;IDH3G;PPIF;CS;MT-ATP8;NDUFA7;COX6B1;COX7A2;OGDH;SLC25A13;SUCLG1;NDUFB8;ETFDH;CHCHD2;NDUFS8;ACADVL;LDHA;COQ9;CYCS;NDUFS6;MT-ND3;NDUFS7;ATP5F1B;PHKA1,GO:BP,Training_CR
GOBP_CELLULAR_RESPIRATION,3.4732924719393967e-9,2.004089756309032e-6,0.7749390301364363,0.48143841174756336,2.160302490692074,141,NDUFB1;NDUFA9;NDUFA13;CISD1;NDUFS3;CYC1;NDUFS5;ATP5F1D;UQCRQ;COX7A1;COX5A;FH;UQCR11;NDUFB5;NDUFB4;MT-CO2;IDH3B;NDUFA8;COX5B;IDH3A;NDUFB3;UQCRC2;COX4I1;NDUFA10;NDUFS1;NNT;NDUFB11;COX6C;PDHB;NDUFB9;NDUFAB1;NDUFV1;NDUFV2;NDUFA2;PLEC;NDUFS4;IDH2;ATP5F1C;NDUFA12;ATP5MG;MDH2;ATP5PO;SUCLA2;DLST;UQCRC1;UQCRH;ACO2;PDHA1;STOML2;NDUFS2;TRAP1;ATP5PF;UQCRB;ARL2;DLAT;ATP5PD;NDUFA6;ATP5PB;ATP5ME;NDUFA4;NDUFA3;ETFA;NDUFB10;ATP5MF;IDH3G;PPIF;CS;MT-ATP8;NDUFA7;COX6B1;COX7A2;OGDH;SLC25A13;SUCLG1;NDUFB8;ETFDH;CHCHD2;NDUFS8;COQ9;CYCS;NDUFS6;MT-ND3;NDUFS7;ATP5F1B,GO:BP,Training_CR
GOBP_PROTON_TRANSMEMBRANE_TRANSPORT,2.585434176816044e-9,2.004089756309032e-6,0.7749390301364363,0.5636253884037343,2.3335568342566457,85,NDUFB1;NDUFA9;SLC25A3;NDUFS3;CYC1;NDUFS5;ATP5F1D;COX7A1;SLC25A4;COX5A;NDUFB5;NDUFB4;MT-CO2;NDUFA8;SLC16A1;COX5B;NDUFB3;COX4I1;NDUFA10;NDUFS1;NNT;NDUFB9;NDUFV1;NDUFV2;NDUFA2;NDUFS4;ATP5F1C;NDUFA12;ATP5MG;ATP5PO;UQCRC1;UQCRH;NDUFS2;ATP1A1;ATP5PF;ATP5PD;NDUFA6;ATP5PB;ATP5ME;SLC25A5;NDUFA4;NDUFA3;NDUFB10;ATP5MF;PPIF;MT-ATP8;NDUFA7;COX6B1;SLC25A13;ATP6V1E1;NDUFB8;NDUFS8;SLC25A12;NDUFS6;MT-ND3;NDUFS7;ATP5F1B,GO:BP,Training_CR
GOBP_AEROBIC_RESPIRATION,5.52451711854308e-9,2.390734783049518e-6,0.7614608014455848,0.4901757774644722,2.168441279665907,128,NDUFB1;NDUFA9;NDUFA13;NDUFS3;CYC1;NDUFS5;ATP5F1D;UQCRQ;COX7A1;COX5A;FH;UQCR11;NDUFB5;NDUFB4;MT-CO2;IDH3B;NDUFA8;COX5B;IDH3A;NDUFB3;UQCRC2;COX4I1;NDUFA10;NDUFS1;NNT;NDUFB11;COX6C;PDHB;NDUFB9;NDUFAB1;NDUFV1;NDUFV2;NDUFA2;NDUFS4;IDH2;ATP5F1C;NDUFA12;ATP5MG;MDH2;ATP5PO;SUCLA2;DLST;UQCRC1;UQCRH;ACO2;PDHA1;STOML2;NDUFS2;ATP5PF;UQCRB;ARL2;DLAT;ATP5PD;NDUFA6;ATP5PB;ATP5ME;NDUFA4;NDUFA3;NDUFB10;ATP5MF;IDH3G;PPIF;CS;MT-ATP8;NDUFA7;COX6B1;COX7A2;OGDH;SUCLG1;NDUFB8;CHCHD2;NDUFS8;COQ9;CYCS;NDUFS6;MT-ND3;NDUFS7;ATP5F1B,GO:BP,Training_CR
GOBP_ATP_SYNTHESIS_COUPLED_ELECTRON_TRANSPORT,6.49575759996037e-8,2.2488312811062798e-5,0.7049757151672383,0.5605295669830409,2.254475960857696,71,NDUFB1;NDUFA9;NDUFS3;CYC1;NDUFS5;UQCRQ;COX7A1;COX5A;UQCR11;NDUFB5;NDUFB4;MT-CO2;NDUFA8;COX5B;NDUFB3;UQCRC2;COX4I1;NDUFA10;NDUFS1;COX6C;NDUFB9;NDUFAB1;NDUFV1;NDUFV2;NDUFA2;NDUFS4;NDUFA12;UQCRC1;UQCRH;NDUFS2;UQCRB;NDUFA6;NDUFA4;NDUFA3;NDUFB10;NDUFA7;COX6B1;COX7A2;NDUFB8;CHCHD2;NDUFS8;COQ9;CYCS;NDUFS6;MT-ND3;NDUFS7;MT-ND4;NDUFV3;UQCRFS1;SDHB;MTCH2;COA6;SDHC;MT-ND5;NDUFB6;GHITM,GO:BP,Training_CR
GOBP_GENERATION_OF_PRECURSOR_METABOLITES_AND_ENERGY,2.0591707979078268e-7,5.0920352159692114e-5,0.6901324587967956,0.39945198370607177,1.9083647878276953,233,GAA;PKM;NDUFB1;HK1;NDUFA9;NDUFA13;CISD1;NDUFS3;CYC1;NDUFS5;ATP5F1D;UQCRQ;PPP1CB;COX7A1;SLC25A4;COX5A;FH;UQCR11;NDUFB5;NDUFB4;FBP1;MT-CO2;PYGM;IDH3B;NDUFA8;COX5B;IDH3A;NDUFB3;UQCRC2;COX4I1;AKT1;NDUFA10;NDUFS1;PFKM;NNT;NDUFB11;COX6C;PDHB;NDUFB9;NDUFAB1;AKT2;NDUFV1;NDUFV2;NDUFA2;PLEC;NDUFS4;IDH2;AGL;PHKA2;FDXR;PPP1CA;ATP5F1C;NDUFA12;ATP5MG;ADHFE1;MDH2;STBD1;GYS1;ATP5PO;SUCLA2;DLST;UQCRC1;ENO3;GBE1;UQCRH;ACO2;PDHA1;STOML2;NDUFS2;PRKAG1;TRAP1;PHKB;PPP1CC;ATP5PF;GAPDH;UQCRB;ARL2;DLAT;ATP5PD;NDUFA6;ATP5PB;THTPA;ATP5ME;PYGB;NDUFA4;HK2;NDUFA3;ETFA;IGF2;PRKAA1;NDUFB10;ATP5MF;IDH3G;PPIF;CS;MT-ATP8;PPP2CA;ALDOA;NDUFA7;COX6B1;COX7A2;OGDH;SLC25A13;SUCLG1;NDUFB8;PGAM2;ETFDH;CHCHD2;NDUFS8;ACADVL;LDHA;FECH;GPI;COQ9;CYCS;NDUFS6;MT-ND3;NDUFS7;ATP5F1B,GO:BP,Training_CR
GOBP_OXIDATIVE_PHOSPHORYLATION,1.8940968101859985e-7,5.0920352159692114e-5,0.6901324587967956,0.5025952767531077,2.141264374333345,101,NDUFB1;NDUFA9;NDUFA13;NDUFS3;CYC1;NDUFS5;ATP5F1D;UQCRQ;COX7A1;COX5A;UQCR11;NDUFB5;NDUFB4;MT-CO2;NDUFA8;COX5B;NDUFB3;UQCRC2;COX4I1;NDUFA10;NDUFS1;NDUFB11;COX6C;NDUFB9;NDUFAB1;NDUFV1;NDUFV2;NDUFA2;NDUFS4;ATP5F1C;NDUFA12;ATP5MG;ATP5PO;UQCRC1;UQCRH;STOML2;NDUFS2;ATP5PF;UQCRB;ATP5PD;NDUFA6;ATP5PB;ATP5ME;NDUFA4;NDUFA3;NDUFB10;ATP5MF;PPIF;MT-ATP8;NDUFA7;COX6B1;COX7A2;NDUFB8;CHCHD2;NDUFS8;COQ9;CYCS;NDUFS6;MT-ND3;NDUFS7;ATP5F1B,GO:BP,Training_CR
GOBP_ELECTRON_TRANSPORT_CHAIN,2.8188326106677653e-7,6.099249061332377e-5,0.674962860011025,0.5283335966557454,2.167289376627496,79,NDUFB1;NDUFA9;NDUFS3;CYC1;NDUFS5;UQCRQ;COX7A1;COX5A;UQCR11;NDUFB5;NDUFB4;MT-CO2;NDUFA8;COX5B;NDUFB3;UQCRC2;COX4I1;NDUFA10;NDUFS1;COX6C;NDUFB9;NDUFAB1;NDUFV1;NDUFV2;NDUFA2;PLEC;NDUFS4;NDUFA12;UQCRC1;UQCRH;NDUFS2;UQCRB;NDUFA6;NDUFA4;NDUFA3;ETFA;NDUFB10;NDUFA7;COX6B1;COX7A2;NDUFB8;ETFDH;CHCHD2;NDUFS8;COQ9;CYCS;NDUFS6;MT-ND3;NDUFS7;MT-ND4;NDUFV3;UQCRFS1;SDHB,GO:BP,Training_CR
GOBP_PROTON_MOTIVE_FORCE_DRIVEN_ATP_SYNTHESIS,3.3456285288128036e-7,6.434758870416627e-5,0.674962860011025,0.566315564578987,2.200003343980262,59,NDUFB1;NDUFA9;NDUFA13;NDUFS3;NDUFS5;ATP5F1D;NDUFB5;NDUFB4;NDUFA8;NDUFB3;NDUFA10;NDUFS1;NDUFB11;NDUFB9;NDUFAB1;NDUFV1;NDUFV2;NDUFA2;NDUFS4;ATP5F1C;NDUFA12;ATP5MG;ATP5PO;STOML2;NDUFS2;ATP5PF;ATP5PD;NDUFA6;ATP5PB;ATP5ME;NDUFA3;NDUFB10;ATP5MF;MT-ATP8;NDUFA7;NDUFB8;NDUFS8;NDUFS6;MT-ND3;NDUFS7;ATP5F1B;MT-ND4;NDUFV3,GO:BP,Training_CR
GOBP_ATP_BIOSYNTHETIC_PROCESS,2.113048776670759e-6,3.6576874324170834e-4,0.6272567397185284,0.5240737902059325,2.091732359772235,68,NDUFB1;NDUFA9;NDUFA13;NDUFS3;NDUFS5;ATP5F1D;NDUFB5;NDUFB4;NDUFA8;NDUFB3;NDUFA10;NDUFS1;NDUFB11;NDUFB9;NDUFAB1;NDUFV1;NDUFV2;NDUFA2;NDUFS4;ATP5F1C;NDUFA12;ATP5MG;ATP5PO;STOML2;NDUFS2;ATP5PF;ATP5PD;NDUFA6;ATP5PB;ATP5ME;NUDT2;NDUFA3;NDUFB10;ATP5MF;MT-ATP8;ALDOA;NDUFA7;SLC25A13;NDUFB8;NDUFS8;NDUFS6;MT-ND3;NDUFS7;ATP5F1B;MT-ND4;NDUFV3,GO:BP,Training_CR
GOBP_NUCLEOSIDE_TRIPHOSPHATE_BIOSYNTHETIC_PROCESS,5.032414212612649e-6,7.919190001847724e-4,0.610526878385931,0.5065363072983609,2.0580659894468436,75,NDUFB1;NDUFA9;NDUFA13;CTPS1;NDUFS3;NDUFS5;ATP5F1D;NDUFB5;NDUFB4;NDUFA8;NDUFB3;NDUFA10;NDUFS1;NDUFB11;NDUFB9;NDUFAB1;NDUFV1;NDUFV2;NDUFA2;NDUFS4;ATP5F1C;NDUFA12;ATP5MG;ATP5PO;STOML2;NDUFS2;AK1;ATP5PF;ATP5PD;NDUFA6;ATP5PB;ATP5ME;NUDT2;NDUFA3;AK3;NDUFB10;ATP5MF;MT-ATP8;ALDOA;NDUFA7;SLC25A13;NDUFB8;NDUFS8;NDUFS6;MT-ND3;NDUFS7;ATP5F1B;MT-ND4;NDUFV3,GO:BP,Training_CR
GOBP_ATP_METABOLIC_PROCESS,1.1594645882773857e-5,0.0016725276685901288,0.5933254763964051,0.43966627918154233,1.9311437708920947,122,PKM;NDUFB1;HK1;NDUFA9;NDUFA13;NDUFS3;NDUFS5;ATP5F1D;NDUFB5;NDUFB4;FBP1;NDUFA8;NDUFB3;NDUFA10;NDUFS1;FIS1;PFKM;NDUFB11;NDUFB9;NDUFAB1;NDUFV1;NDUFV2;NDUFA2;NDUFS4;ATP5F1C;NDUFA12;ATP5MG;ATP5PO;ENO3;TSPO;STOML2;NDUFS2;AK1;PRKAG1;MYH8;ATP5PF;GAPDH;ARL2;ATP5PD;NDUFA6;ATP5PB;ATP5ME;NUDT2;HK2;NDUFA3;PRKAA1;NDUFB10;ATP5MF;MT-ATP8;PPP2CA;ALDOA;NDUFA7;OGDH;SLC25A13;NDUFB8;PGAM2;NDUFS8;LDHA;GPI;DNM1L;MYH7;NDUFS6;MT-ND3;NDUFS7;ATP5F1B,GO:BP,Training_CR
GOBP_NUCLEOSIDE_TRIPHOSPHATE_METABOLIC_PROCESS,1.4980710839785892e-5,0.0019947392664361064,0.5933254763964051,0.4135745441892829,1.8465268452456431,136,PKM;NDUFB1;HK1;NDUFA9;NDUFA13;CTPS1;NDUFS3;NDUFS5;ATP5F1D;NDUFB5;NDUFB4;FBP1;NDUFA8;NDUFB3;NDUFA10;NDUFS1;FIS1;PFKM;NDUFB11;NDUFB9;NDUFAB1;NDUFV1;NDUFV2;NDUFA2;NDUFS4;ATP5F1C;NDUFA12;ATP5MG;ATP5PO;ENO3;TSPO;STOML2;NDUFS2;AK1;PRKAG1;MYH8;ATP5PF;GAPDH;ARL2;ATP5PD;NDUFA6;ATP5PB;ATP5ME;NUDT2;HK2;NDUFA3;AK3;PRKAA1;NDUFB10;ATP5MF;MT-ATP8;PPP2CA;ALDOA;NDUFA7;OGDH;SLC25A13;RAB23;NDUFB8;PGAM2;NDUFS8;LDHA;GPI;DNM1L;MYH7;NDUFS6;MT-ND3;NDUFS7;ATP5F1B,GO:BP,Training_CR
GOBP_DETOXIFICATION,2.961742260328405e-5,0.0036619827518774776,0.5756102610711286,-0.48638255510158795,-2.034504101140277,57,SESN1;SOD1;ESD;GPX4;PRDX1;PRXL2A;SOD3;GSTP1;ALDH1A1;PRDX6;TXN;CD36;ADH5;S100A9;HBB;HBA1;CAT;CCS;MGST1;NXN;TXNRD2;GPX3;MTARC2;MPO;SELENOW;GPX1;ALB;PARK7;AKR1A1;PRDX2;CYGB,GO:BP,Training_CR
GOBP_MITOCHONDRIAL_ELECTRON_TRANSPORT_NADH_TO_UBIQUINONE,5.304023283651884e-5,0.006120842869334274,0.557332238758646,0.563511963335438,2.035075300294796,41,NDUFB1;NDUFA9;NDUFS3;NDUFS5;NDUFB5;NDUFB4;NDUFA8;NDUFB3;NDUFA10;NDUFS1;NDUFB9;NDUFAB1;NDUFV1;NDUFV2;NDUFA2;NDUFS4;NDUFS2;NDUFA6;NDUFA4;NDUFA3;NDUFB10;NDUFA7;NDUFB8;NDUFS8;COQ9;NDUFS6;MT-ND3;NDUFS7;MT-ND4;NDUFV3,GO:BP,Training_CR
GOBP_RESPONSE_TO_TOXIC_SUBSTANCE,9.666531689457996e-5,0.01045797897153237,0.5384340963099162,-0.433719642211756,-1.927364642498912,77,MAP1B;SESN1;SOD1;ESD;GPX4;CES1;PRDX1;PRXL2A;SOD3;GSTP1;ALDH1A1;MPST;PRDX6;TXN;ASS1;CD36;EPHX1;ADH5;S100A9;HBB;HBA1;CAT;CCS;MGST1;NXN;TXNRD2;GPX3;MTARC2;MPO;SELENOW;GPX1;ALB;PARK7;AKR1A1;CNP;PRDX2;CYGB,GO:BP,Training_CR
GOBP_CELLULAR_RESPONSE_TO_TOXIC_SUBSTANCE,1.1126754642123598e-4,0.011329654285597617,0.5384340963099162,-0.45519913807130014,-1.918981197721207,59,SESN1;SOD1;ESD;GPX4;PRDX1;PRXL2A;SOD3;GSTP1;ALDH1A1;PRDX6;TXN;CD36;ADH5;S100A9;HBB;HBA1;CAT;CCS;MGST1;NXN;TXNRD2;GPX3;MTARC2;MPO;SELENOW;GPX1;ALB;PARK7;AKR1A1;PRDX2;CYGB,GO:BP,Training_CR
GOBP_MEMBRANE_FUSION,1.3508782686259008e-4,0.012990946016619079,0.5188480777437918,-0.4911853106900508,-1.9329892722838233,43,ATL3;RAB2A;ANXA7;RAB7A;VAMP2;STX4;NAPA;ATL2;CHMP3;SERPINA5;CHMP6;HUWE1;VAMP3;NSFL1C;CD9;TBC1D4;YKT6,GO:BP,Training_CR
GOBP_OLEFINIC_COMPOUND_METABOLIC_PROCESS,2.359787715997581e-4,0.021498908086272698,0.5188480777437918,-0.5500723155271119,-2.0225998906156115,32,RETSAT;LIPE;STAT5B;SCP2;GPX4;ACAA1;ACSL4;GSTP1;ALDH1A1;ADH1B;AKR1C2;ADH1C;EPHX1;HSD17B4;PRKG1;AKR1C1;GPX1;RBP4;ACSL1,GO:BP,Training_CR
GOBP_CELLULAR_OXIDANT_DETOXIFICATION,3.466679620883764e-4,0.029322421156456356,0.49849310876659025,-0.46870572183952347,-1.892172592649589,48,SESN1;SOD1;GPX4;PRDX1;PRXL2A;SOD3;GSTP1;PRDX6;TXN;CD36;S100A9;HBB;HBA1;CAT;CCS;MGST1;NXN;TXNRD2;GPX3;MPO;SELENOW;GPX1;ALB;PARK7;PRDX2;CYGB,GO:BP,Training_CR
GOBP_PURINE_NUCLEOTIDE_BIOSYNTHETIC_PROCESS,3.557312791944445e-4,0.029322421156456356,0.49849310876659025,0.41979835401040566,1.7730876065668908,95,NDUFB1;NDUFA9;NDUFA13;NDUFS3;NDUFS5;ATP5F1D;NAMPT;NADK2;NDUFB5;NDUFB4;NDUFA8;NDUFB3;NDUFA10;NDUFS1;NDUFB11;NDUFB9;NDUFAB1;NDUFV1;NDUFV2;NDUFA2;NDUFS4;IDH2;ATP5F1C;NDUFA12;ATP5MG;ATP5PO;STOML2;NDUFS2;AK1;ATP5PF;ATP5PD;NDUFA6;PAICS;ATP5PB;ATP5ME;NUDT2;NDUFA3;AK3;NDUFB10;ATP5MF;MT-ATP8;ALDOA;NDUFA7;SLC25A13;NDUFB8;NDUFS8;APRT;NDUFS6;MT-ND3;NDUFS7;ATP5F1B,GO:BP,Training_CR
GOBP_NUCLEOTIDE_BIOSYNTHETIC_PROCESS,8.5750916400544e-4,0.06747038013151894,0.47727081536286214,0.40100747382153556,1.7159112051332768,103,NDUFB1;NDUFA9;NDUFA13;CTPS1;NDUFS3;NDUFS5;ATP5F1D;NAMPT;NADK2;NDUFB5;NDUFB4;NDUFA8;NDUFB3;NDUFA10;NDUFS1;NDUFB11;GARS1;NDUFB9;NDUFAB1;NDUFV1;NDUFV2;NDUFA2;NDUFS4;IDH2;ATP5F1C;NDUFA12;ATP5MG;ATP5PO;KARS1;STOML2;NDUFS2;AK1;ATP5PF;ATP5PD;NDUFA6;PAICS;ATP5PB;ATP5ME;NUDT2;NDUFA3;AK3;NDUFB10;ATP5MF;MT-ATP8;ALDOA;NDUFA7;SLC25A13;NDUFB8;NDUFS8;APRT;NDUFS6;MT-ND3;NDUFS7;ATP5F1B,GO:BP,Training_CR
GOBP_RIBOSE_PHOSPHATE_METABOLIC_PROCESS,0.0010008952857726212,0.07532824955097422,0.45505986738722953,0.34788837827912716,1.5948431787572501,164,PKM;NDUFB1;HK1;NDUFA9;NDUFA13;CTPS1;NDUFS3;NUDT4;NDUFS5;ATP5F1D;NDUFB5;NT5C2;NDUFB4;FBP1;NDUFA8;NDUFB3;NDUFA10;NDUFS1;FIS1;PFKM;NDUFB11;NDUFB9;NDUFAB1;NDUFV1;NDUFV2;NDUFA2;NDUFS4;ATP5F1C;NDUFA12;ATP5MG;NUDT9;ATP5PO;ENO3;TSPO;STOML2;NDUFS2;AK1;PRKAG1;MYH8;ATP5PF;GAPDH;ARL2;ATP5PD;NDUFA6;PAICS;ATP5PB;ATP5ME;NUDT2;HK2;NDUFA3;AK3;PRKAA1;NDUFB10;ATP5MF;MT-ATP8;PPP2CA;ALDOA;NDUFA7;OGDH;SLC25A13;RAB23;NDUFB8;PGAM2;NDUFS8;APRT;LDHA;GPI;DNM1L;MYH7;NDUFS6;MT-ND3;NDUFS7;ATP5F1B,GO:BP,Training_CR
GOBP_ADENYLATE_CYCLASE_MODULATING_G_PROTEIN_COUPLED_RECEPTOR_SIGNALING_PATHWAY,0.001129330089459399,0.08145293270225916,0.45505986738722953,-0.5838109738305214,-1.9734509239062459,23,PRKAR2B;PALM;GNG2;PSAP;GNAQ;GNAS;GNB1;GSK3A;GNA13;PRMT5,GO:BP,Training_CR
GOBP_RIBOSE_PHOSPHATE_BIOSYNTHETIC_PROCESS,0.0013822713605311076,0.09570846900317388,0.45505986738722953,0.4023377642523023,1.699339925072469,95,NDUFB1;NDUFA9;NDUFA13;CTPS1;NDUFS3;NDUFS5;ATP5F1D;NDUFB5;NDUFB4;NDUFA8;NDUFB3;NDUFA10;NDUFS1;NDUFB11;NDUFB9;NDUFAB1;NDUFV1;NDUFV2;NDUFA2;NDUFS4;ATP5F1C;NDUFA12;ATP5MG;ATP5PO;STOML2;NDUFS2;AK1;ATP5PF;ATP5PD;NDUFA6;PAICS;ATP5PB;ATP5ME;NUDT2;NDUFA3;AK3;NDUFB10;ATP5MF;MT-ATP8;ALDOA;NDUFA7;SLC25A13;NDUFB8;NDUFS8;APRT;NDUFS6;MT-ND3;NDUFS7;ATP5F1B;MT-ND4;NDUFV3;ADSS2;SDHB,GO:BP,Training_CR
GOBP_ALDEHYDE_METABOLIC_PROCESS,0.0015907203633403469,0.1059052672670054,0.45505986738722953,-0.511018256569479,-1.8632085643135592,31,ALDH9A1;PNPO;ESD;GLO1;IDH1;TALDO1;ALDH1A1;ALDH2;TKFC;ADH5;RPIA;AKR1C1;PDXP;PARK7;RBP4;TKT;AKR1A1,GO:BP,Training_CR
GOBP_MODIFIED_AMINO_ACID_METABOLIC_PROCESS,0.002219107202620282,0.14226942843465587,0.4317076958033464,-0.4177467957322656,-1.7397602893294735,56,SOD1;ALDH9A1;MTHFD1;GGT5;TMLHE;CHDH;ACADL;SHMT1;GLO1;PCYOX1;IDH1;GSTP1;CPT1A;ASS1;CKB;G6PD;SHMT2;P4HB;GSTM4;GCLC;GPX1;PARK7,GO:BP,Training_CR
GOBP_MITOCHONDRION_ORGANIZATION,0.002369668246445498,0.14649627623561273,0.35481951210374685,0.33510368734199775,1.5347572150954856,163,CLPP;NDUFAF5;MARCHF5;TMEM70;NDUFA13;LONP1;FAM162A;NDUFS3;AGK;NDUFS5;ATP5F1D;COX7A1;SLC25A4;VDAC2;NDUFB3;AKT1;NDUFS1;FIS1;SCO1;BCS1L;PLEC;SLC25A6;NDUFS4;MAPT;NDUFAF4;SAMM50;MCU;PRDX3;CHCHD3;FUNDC1;VPS35;TMEM11;PPP2CB;STOML2;NDUFS2;MTM1;TOMM70;TOMM22;NDUFA6;NDUFAF3;SIRT5;SLC25A5;HK2;APOO;SLC25A46;HSD17B10;TIMM50;PPIF;IMMT;COX7A2;CHCHD2;NDUFS8;OPA3;DNM1L;NDUFS6;NDUFS7;SLIRP;TIMM8A;ACAD9;MT-ND4;APOOL;UQCRFS1;ATPAF1;BCL2L13;MTCH2;COA6;BAX;MFN2;PYCARD;HSPD1;MT-ND5;MICOS13,GO:BP,Training_CR
GOBP_GLYCEROPHOSPHOLIPID_BIOSYNTHETIC_PROCESS,0.002905486241668091,0.17342747187336088,0.35481951210374685,0.6067989529121715,1.8090855543383275,19,LPCAT3;PCYT1A;INPP1;CAPN2;ACSL3;MTM1;LPIN1;PIP4K2B;FABP3,GO:BP,Training_CR
GOBP_CYTOPLASMIC_TRANSLATION,0.003641130206816196,0.2056180471630876,0.291090917251384,0.3610508425742214,1.5742874780390168,116,RPL4;RPS2;RPL30;SYNCRIP;PKM;RPL27;RPL32;RPS13;RPLP0;RPL15;DRG1;RPS24;RPL11;EIF2B3;EIF2S3;PABPC1;YBX1;RPL7;RPS3;AKT2;ETF1;DHX9;MCTS1;RPS4X;RPL6;EIF5;RPS9;RPL31;RPS15A;YBX3;SARS1,GO:BP,Training_CR
GOBP_MYOFIBRIL_ASSEMBLY,0.0036823567082933076,0.2056180471630876,0.30377943455118267,0.4554591400338671,1.689716400944285,47,MYOZ1;TMOD4;CSRP3;SYNPO2L;MYL9;FLNC;MYBPH;TNNT3;ACTA1;TPM1;PLEC;TMOD3;OBSCN;LDB3;TTN;TCAP;MYH11;TMOD1;NEB;MYOM1;ACTN2;CAPN3,GO:BP,Training_CR
GOBP_ADENYLATE_CYCLASE_ACTIVATING_G_PROTEIN_COUPLED_RECEPTOR_SIGNALING_PATHWAY,0.004247286455875413,0.2098690591658584,0.34452128726268,-0.6369119540095008,-1.866749107557575,14,PRKAR2B;GNG2;GNAQ;GNAS;GNB1;GSK3A;GNA13,GO:BP,Training_CR
GOBP_MODIFIED_AMINO_ACID_BIOSYNTHETIC_PROCESS,0.004191146107682131,0.2098690591658584,0.40701791892395395,-0.5753054524332288,-1.8337516188754184,19,ALDH9A1;MTHFD1;GGT5;TMLHE;CHDH;SHMT1,GO:BP,Training_CR
GOBP_NUCLEOSIDE_PHOSPHATE_BIOSYNTHETIC_PROCESS,0.004218815918998735,0.2098690591658584,0.26521689377999697,0.3389649124395239,1.530578972389198,147,NDUFB1;HK1;NDUFA9;NDUFA13;CTPS1;NDUFS3;NDUFS5;ATP5F1D;NAMPT;NADK2;NDUFB5;NDUFB4;NDUFA8;NDUFB3;NDUFA10;NDUFS1;NDUFB11;GARS1;PDHB;NDUFB9;NDUFAB1;NDUFV1;NDUFV2;NDUFA2;ACSL3;NDUFS4;IDH2;ATP5F1C;PMM2;NDUFA12;ATP5MG;ATP5PO;ACACA;KARS1;PDHA1;STOML2;NDUFS2;AK1;NANS;ATP5PF;DLAT;ATP5PD;NDUFA6;PAICS;ATP5PB;ATP5ME;NUDT2;NDUFA3;AK3;NDUFB10;ATP5MF;PDHX;MT-ATP8;ALDOA;NDUFA7;NAGK;SLC25A13;NDUFB8;NDUFS8;APRT;NDUFS6;MT-ND3;NDUFS7;ATP5F1B,GO:BP,Training_CR
GOBP_REGULATION_OF_MEMBRANE_REPOLARIZATION,0.004143646408839779,0.2098690591658584,0.34452128726268,-0.7050882603247948,-1.8669598342510374,10,SCN1B;YWHAE;CACNB3;WDR1;CAV1,GO:BP,Training_CR
GOBP_T_CELL_DIFFERENTIATION,0.004364694471387003,0.2098690591658584,0.34452128726268,-0.5564332409523751,-1.8593293823134707,22,SOD1;HLA-DRA;STAT5B;LGALS1;CD74;RHOA;PPP3CB;HMGB1;STAT3;B2M;PRDX2;CBFB,GO:BP,Training_CR
GOBP_AMINO_ACID_BETAINE_METABOLIC_PROCESS,0.0046436034362665425,0.2115283565309838,0.32635161099090676,-0.6940166985977348,-1.8908048058092166,11,ALDH9A1;TMLHE;CHDH;ACADL;SHMT1;CPT1A,GO:BP,Training_CR
GOBP_MEMBRANELESS_ORGANELLE_ASSEMBLY,0.004628959930565601,0.2115283565309838,0.25663501697244306,0.3468961130167297,1.5295771817484225,125,G3BP2;FSCN1;MYOZ1;XRCC5;DRG1;TMOD4;ANG;RPL11;CSRP3;SYNPO2L;MYL9;FLNC;FITM2;MYBPH;DYNC1H1;TNNT3;RPS3;ACTA1;TPM1;PLEC;TMOD3;MAPT;MAPK9;OBSCN;PPP2R1A;LDB3;TTN;TCAP;EIF2S1;EIF5;KPNB1;MYH11;TMOD1;DDX3X;CSDE1;NEB;MYOM1;RPL5;ACTN2;RPS5;CAPG;CAPN3;DDB1;PRKAA1,GO:BP,Training_CR
GOBP_RESPONSE_TO_XENOBIOTIC_STIMULUS,0.005612998522895126,0.24913078059311444,0.3350685587170139,-0.3471351704380393,-1.573280775970442,85,MAP1B;SOD1;HADH;ACAA1;HMGCS2;SMTNL1;GSTP1;AOX1;COL18A1;ALDH2;OXSR1;CPT1A;PRKAA2;ASS1;EPHX1;CRKL;MT-ND1;PLIN2;CAT;GUK1;PFAS;GSTM4;ADSS1;TXNRD2;GCLC;AKR1C1;GPX1;STAT3;RBP4;CD38;ACSL1;ABHD10;UBE2B;STAT1;OXCT1;HSP90AA1;GSTM2;GSTO1;GSTM1;RELA,GO:BP,Training_CR
GOBP_NEGATIVE_REGULATION_OF_TOR_SIGNALING,0.006327573618885374,0.267147071568063,0.2853133921438723,-0.5483259895192777,-1.8017799583502003,21,SESN1;UBE3A;UBE2D1;PDCD6;UBE2N;PRKAA2;EPM2A;ENDOG;GSK3A;SAR1A,GO:BP,Training_CR
GOBP_RESPONSE_TO_AXON_INJURY,0.006227544910179641,0.267147071568063,0.2853133921438723,-0.6001778237883919,-1.8209153356668963,16,MAP1B;SOD1;CTNNA1;DAG1,GO:BP,Training_CR
GOBP_MODIFICATION_OF_POSTSYNAPTIC_STRUCTURE,0.006906077348066298,0.284629044988161,0.26521689377999697,-0.6872752336656606,-1.8197938166467629,10,RHOA;CFL1;CYFIP1;PFN1;PDXP;CTTN,GO:BP,Training_CR
GOBP_MODIFICATION_OF_SYNAPTIC_STRUCTURE,0.0070788107597923545,0.2849632889581527,0.26521689377999697,-0.652308526781735,-1.8175748789560608,12,RHOA;CFL1;CYFIP1;PFN1;PDXP;CTTN,GO:BP,Training_CR
GOBP_HYDROGEN_PEROXIDE_METABOLIC_PROCESS,0.007568359375,0.2977461381392046,0.2608205677188685,-0.5161705470531637,-1.7448066045962434,23,SOD1;PRDX1;PRDX6;TXN;HBB;HBA1;CAT;GPX3;MPO;GPX1;PARK7;STAT3;MAOB;PRDX2,GO:BP,Training_CR
GOBP_ACTIN_FILAMENT_ORGANIZATION,0.011028878246988826,0.3049059741138174,0.16540638314681422,0.3342775670035957,1.4682455121863232,122,DIAPH2;FSCN1;ARPC2;MYO6;TMOD4;ANG;ARF6;SYNPO2L;MYL9;IQGAP1;TPM2;CAPZB;CAPZA2;ARPC4;ACTA1;TPM1;ACTR3;PLEC;TMOD3;SYNPO2;MSRB2;GMFB;TTN;RHOC;TCAP;PAK2;ACTR2;PDLIM3;TPM4;DPYSL3;DNM2;TMOD1;NEB;BIN1;TPM3;ACTN2;TWF2;PXN;SVIL;CAPG;ARPC3;CALD1;SYNPO;ALDOA;PLS3;CAPZA1;ACTC1;CORO1A,GO:BP,Training_CR
GOBP_AMINO_ACID_ACTIVATION,0.011454183266932271,0.3049059741138174,0.17371321926215616,0.4927401465742464,1.62792640821952,28,DARS2;NARS1;EPRS1;FARSA;GARS1;CARS2;IARS2;LARS1;KARS1;SARS1;RARS1;FARSB;VARS1;IARS1;DARS1,GO:BP,Training_CR
GOBP_CELLULAR_COMPONENT_ASSEMBLY_INVOLVED_IN_MORPHOGENESIS,0.011246633929985744,0.3049059741138174,0.171214318379654,0.41356199993164433,1.5757233499679102,54,MYOZ1;TMOD4;CSRP3;SYNPO2L;MYL9;FLNC;MYBPH;TNNT3;ACTA1;TPM1;PLEC;TMOD3;OBSCN;LDB3;TTN;TCAP;MYH11;TMOD1;NEB;MYOM1;ACTN2;CAPN3,GO:BP,Training_CR
GOBP_CELL_FATE_COMMITMENT,0.012505899008966493,0.3049059741138174,0.19858448696990452,-0.5952300323841284,-1.7445820018758247,14,LGALS1;RBBP7;RHOA;NRP1;RAB10;ITGB1,GO:BP,Training_CR
GOBP_EMBRYONIC_EPITHELIAL_TUBE_FORMATION,0.012033978291647004,0.3049059741138174,0.20249877596914143,-0.6290840881301167,-1.7528629297204779,12,MTHFD1;COBL;TMED2;RPS7;CFL1;PFN1,GO:BP,Training_CR
GOBP_FATTY_ACID_DERIVATIVE_BIOSYNTHETIC_PROCESS,0.011017964071856288,0.3049059741138174,0.2133879230180531,-0.5681666082706872,-1.7237945975469917,16,GGT5;SCP2;FASN;HMGCS2;ACSL4;CBR4;HSD17B4;HMGCL,GO:BP,Training_CR
GOBP_FEMALE_SEX_DIFFERENTIATION,0.008977900552486187,0.3049059741138174,0.23205681807560835,-0.678340368331868,-1.7961357363165802,10,SOD1;UBE3A;CTNNA1;STAT5B;IDH1,GO:BP,Training_CR
GOBP_GLUTATHIONE_METABOLIC_PROCESS,0.012339585389930898,0.3049059741138174,0.20454413181854614,-0.49809214295766907,-1.7038571066876869,24,SOD1;GGT5;GLO1;IDH1;GSTP1;G6PD;GSTM4;GCLC;GPX1;GSTM2;GSTO1;GSTM1;GSS,GO:BP,Training_CR
GOBP_LONG_CHAIN_FATTY_ACID_METABOLIC_PROCESS,0.011046949535525985,0.3049059741138174,0.21825977528478716,-0.490214602961958,-1.7067951796103582,26,ACADL;SCP2;GPX4;ACAA1;ACSL4;GSTP1;ACOT2;CPT1A;EPHX1;HSD17B4;ACOT1;GSTM4;GPX1;ACSL1;ACSF2;GSTM2;GSTM1;SLC27A1,GO:BP,Training_CR
GOBP_MITOCHONDRIAL_ELECTRON_TRANSPORT_CYTOCHROME_C_TO_OXYGEN,0.009868421052631578,0.3049059741138174,0.1913878287563819,0.6287127408760973,1.6967600633659305,13,COX7A1;COX5A;MT-CO2;COX5B;COX4I1;COX6C;NDUFA4;COX6B1;COX7A2;CYCS,GO:BP,Training_CR
GOBP_MITOCHONDRIAL_ELECTRON_TRANSPORT_UBIQUINOL_TO_CYTOCHROME_C,0.009187279151943463,0.3049059741138174,0.2005131804004132,0.6896891222097815,1.7189031151152974,10,CYC1;UQCRQ;UQCR11;UQCRC2;UQCRC1;UQCRH;UQCRB,GO:BP,Training_CR
GOBP_MITOCHONDRIAL_RESPIRATORY_CHAIN_COMPLEX_ASSEMBLY,0.008932844153772532,0.3049059741138174,0.19311396334681513,0.43159754673116346,1.6153352535346412,49,NDUFAF5;TMEM70;NDUFA13;NDUFS3;NDUFS5;ATP5F1D;COX7A1;NDUFB3;NDUFS1;SCO1;BCS1L;NDUFS4;NDUFAF4;SAMM50,GO:BP,Training_CR
GOBP_NADH_DEHYDROGENASE_COMPLEX_ASSEMBLY,0.008521303258145364,0.3049059741138174,0.20249877596914143,0.5212490424438527,1.6692696133206848,25,NDUFAF5;TMEM70;NDUFA13;NDUFS3;NDUFS5;NDUFB3;NDUFS1;BCS1L;NDUFS4;NDUFAF4;NDUFS2;NDUFA6;NDUFAF3;NDUFS8;NDUFS6;NDUFS7;ACAD9;MT-ND4,GO:BP,Training_CR
GOBP_NEGATIVE_REGULATION_OF_CELL_CYCLE_PROCESS,0.00885547201336675,0.3049059741138174,0.19858448696990452,0.5208394918284123,1.6679580513957626,25,FHL1;TIPRL;CUL4A;GPNMB;BABAM2;NAA10;MAPK14;DYNC1LI1;FBXO7,GO:BP,Training_CR
GOBP_NEGATIVE_REGULATION_OF_MICROTUBULE_POLYMERIZATION_OR_DEPOLYMERIZATION,0.009438305709023941,0.3049059741138174,0.22623238004642038,-0.6773153732732686,-1.7934217149487741,10,MAP1B;TUBB4A;HDGFL3;STMN1,GO:BP,Training_CR
GOBP_NEURAL_TUBE_FORMATION,0.012033978291647004,0.3049059741138174,0.20249877596914143,-0.6290840881301167,-1.7528629297204779,12,MTHFD1;COBL;TMED2;RPS7;CFL1;PFN1,GO:BP,Training_CR
GOBP_NEURON_PROJECTION_GUIDANCE,0.009218825812712276,0.3049059741138174,0.23514199556110812,-0.5395687375942455,-1.7466578413656961,20,SCN1B;DAG1;RPL24;TUBB2B;NRP1,GO:BP,Training_CR
GOBP_ORGANELLE_MEMBRANE_FUSION,0.01250625312656328,0.3049059741138174,0.20454413181854614,-0.4607669111305994,-1.6642609391714915,30,ATL3;RAB2A;RAB7A;VAMP2;STX4;ATL2;CHMP3;CHMP6;VAMP3;TBC1D4,GO:BP,Training_CR
GOBP_ORGANIC_ACID_BIOSYNTHETIC_PROCESS,0.012137359384251036,0.3049059741138174,0.22623238004642038,-0.331967531084847,-1.4931591060685878,82,MTHFD1;GGT5;ACADL;SCP2;GPX4;CES1;FASN;SHMT1;ACSS2;ACSL4;CD74;GSTP1;ALDH1A1;ENOPH1;PRKAA2;CBR4;ASS1;LTA4H;HSD17B4;BCAT2;APIP;SHMT2,GO:BP,Training_CR
GOBP_PURINE_CONTAINING_COMPOUND_BIOSYNTHETIC_PROCESS,0.00806219406852865,0.3049059741138174,0.19311396334681513,0.3313498430797126,1.4705862472558486,131,NDUFB1;NDUFA9;NDUFA13;NDUFS3;NDUFS5;ATP5F1D;NAMPT;NADK2;NDUFB5;NDUFB4;NDUFA8;NDUFB3;NDUFA10;NDUFS1;NDUFB11;PDHB;NDUFB9;NDUFAB1;NDUFV1;NDUFV2;NDUFA2;ACSL3;NDUFS4;IDH2;ATP5F1C;NDUFA12;ATP5MG;ATP5PO;ACACA;PDHA1;STOML2;NDUFS2;AK1;ATP5PF;DLAT;ATP5PD;NDUFA6;PAICS;ATP5PB;ATP5ME;NUDT2;NDUFA3;AK3;NDUFB10;ATP5MF;PDHX;MT-ATP8;ALDOA;NDUFA7;SLC25A13;NDUFB8;NDUFS8;APRT;NDUFS6;MT-ND3;NDUFS7;ATP5F1B;ACACB;MT-ND4;NDUFV3;ADSS2;SDHB;PPCS,GO:BP,Training_CR
GOBP_REACTIVE_OXYGEN_SPECIES_BIOSYNTHETIC_PROCESS,0.010448107731599722,0.3049059741138174,0.2157828589665743,-0.6489778376946478,-1.768099264550922,11,SOD1;RHOA;NDUFC2;CD36;MPO;PARK7;STAT3;MAOB,GO:BP,Training_CR
GOBP_REGULATION_OF_THE_FORCE_OF_HEART_CONTRACTION,0.010062456627342124,0.3049059741138174,0.18970683345051784,0.616386208910038,1.697385643839221,14,GAA;CAMK2D;CSRP3;MYL4;MYL3;ATP1A1,GO:BP,Training_CR
GOBP_REGULATION_OF_TUBE_SIZE,0.010795882500627667,0.3049059741138174,0.22082346409111278,-0.49125603264597745,-1.7104211572002699,26,SOD1;SMTNL1;RHOA;ATP2B1;ITGB1;HBB;PRKG1;CAV1;GCLC;GPX1;CD38;ITGA1;PTPN11,GO:BP,Training_CR
GOBP_RESPONSE_TO_ESTRADIOL,0.00927734375,0.3049059741138174,0.23514199556110812,-0.5111657056412481,-1.727888784700627,23,MAP1B;STAT5B;GPX4;GSTP1;CRYAB;ASS1;ENDOG;CAT;GPX1;STAT3;CD38,GO:BP,Training_CR
GOBP_RESPONSE_TO_OXYGEN_RADICAL,0.010409273716583865,0.3049059741138174,0.21825977528478716,-0.61854031300940715,-1.7717954800386848,13,SOD1;PRDX1;SOD3;CD36;CCS;TXNRD2;MPO;PARK7;PRDX2;CYGB,GO:BP,Training_CR
GOBP_SARCOMERE_ORGANIZATION,0.011980033277870216,0.3049059741138174,0.17000427848892652,0.46952829194790474,1.5952326129164163,32,MYOZ1;CSRP3;SYNPO2L;FLNC;MYBPH;TNNT3;TPM1;PLEC;OBSCN;LDB3;TTN;TCAP,GO:BP,Training_CR
GOBP_TRANSITION_METAL_ION_TRANSPORT,0.009717013296965565,0.3049059741138174,0.1913878287563819,0.5829680639583172,1.7182783539247533,18,FTL;FTH1;SFXN1;ARHGAP1;DNM2;CLTC;STEAP4,GO:BP,Training_CR
GOBP_IRON_ION_TRANSPORT,0.013441323453386179,0.3231518180251594,0.16324176812787977,0.5952111399994351,1.6697276172877635,15,FTL;FTH1;SFXN1;ARHGAP1;DNM2;CLTC;STEAP4,GO:BP,Training_CR
GOBP_MITOCHONDRIAL_TRANSLATION,0.01370086445930517,0.32487940245283903,0.15722006939374256,0.447065765183305,1.5868440832873618,38,MRPL13;DARS2;MRPS27;MRPL12;MRPL38;TSFM;GARS1;MRPL24;MRPL40;IARS2;MRPL48;MRPL49;LRPPRC,GO:BP,Training_CR
GOBP_NEURAL_TUBE_DEVELOPMENT,0.014865502595563945,0.3477322296340701,0.18191499890750512,-0.5889996295908548,-1.7263210809104534,14,MTHFD1;COBL;TMED2;RPS7;CFL1;PFN1,GO:BP,Training_CR
GOBP_LYMPHOCYTE_DIFFERENTIATION,0.015272909364046069,0.35249874812218324,0.18491588197177058,-0.45835129062672936,-1.6400453369061603,29,SOD1;HLA-DRA;STAT5B;LGALS1;CD74;RHOA;PPP3CB;ITGB1;HMGB1;DDRGK1;STAT3;B2M;PRDX2;CBFB,GO:BP,Training_CR
GOBP_REGULATION_OF_PEPTIDE_TRANSPORT,0.016129032258064516,0.3673599320882852,0.183397180948084,-0.40646643677673394,-1.5605802415422076,39,HADH;EIPR1;STX4;ACSL4;CD74;CPT1A;GNAS;PPP3CB;CA2;SRI;ENSA;RBP4;S100A8;CD38;MPC2;PTPN11;PHPT1;OXCT1;RAC1;PFKFB2;TARDBP;UQCC2;DYNLL1;JAGN1,GO:BP,Training_CR
GOBP_RESPONSE_TO_OXIDATIVE_STRESS,0.016900510204081634,0.3799322488735754,0.19858448696990452,-0.2954914918986748,-1.4082948358478873,116,SESN1;SOD1;GPX4;VKORC1L1;PRDX1;STX4;IDH1;PRKRA;SOD3;GSTP1;PRKCD;PRDX6;OXSR1;TXN;NAPRT;PRKAA2;SELENOP;CRYAB;CD36;CFL1;G6PD;HBB;MT-ND1;HBA1;ENDOG;FXN;CAT;CCS;MGST1;RWDD1;TXNRD2;GPX3;GCLC;PNPT1;MPO;KPNA4;STK24;MT-CO1;PPIA;GPX1;PARK7;CD38;KRT1;SLC25A24;ROMO1;PRDX2;CYGB;CUL3,GO:BP,Training_CR
GOBP_EPITHELIAL_TUBE_MORPHOGENESIS,0.017241379310344827,0.3826259946949602,0.17371321926215616,-0.442458607821846,-1.6132352550027376,31,MTHFD1;DAG1;COBL;RHOA;NRP1;TMED2;RPS7;PPP3R1;CFL1;COL4A1;GNA13;YAP1;PFN1,GO:BP,Training_CR
GOBP_NEGATIVE_REGULATION_OF_MITOTIC_CELL_CYCLE_PHASE_TRANSITION,0.01755926251097454,0.3847478912214801,0.14390961974585495,0.6419308142334837,1.6480715866926432,11,FHL1;GPNMB;BABAM2;DYNC1LI1;FBXO7,GO:BP,Training_CR
GOBP_CELLULAR_RESPONSE_TO_OXYGEN_RADICAL,0.01793298725814063,0.3880250117980179,0.16540638314681422,-0.6087853902008494,-1.6963031854936503,12,SOD1;PRDX1;SOD3;CD36;CCS;MPO;PARK7;PRDX2;CYGB,GO:BP,Training_CR
GOBP_GLYCEROLIPID_BIOSYNTHETIC_PROCESS,0.019548872180451128,0.394252552430351,0.13288187227214338,0.49184869250826213,1.575116709867126,25,LPCAT3;PCYT1A;INPP1;CAPN2;ACSL3;MTM1;LPIN1;PIP4K2B;FABP3,GO:BP,Training_CR
GOBP_NUCLEOTIDE_METABOLIC_PROCESS,0.019116855142703285,0.394252552430351,0.12042065316743104,0.2881384383503948,1.3597110877342846,210,PKM;NDUFB1;HK1;NDUFA9;NDUFA13;CTPS1;NDUFS3;ME2;NUDT4;NDUFS5;ATP5F1D;NAMPT;NADK2;NDUFB5;NT5C2;NDUFB4;FBP1;NDUFA8;NDUFB3;NDUFA10;NDUFS1;GOT2;FIS1;PFKM;NNT;NDUFB11;GARS1;NDUFB9;NDUFAB1;NDUFV1;NDUFV2;NDUFA2;NDUFS4;IDH2;ATP5F1C;NDUFA12;ATP5MG;NUDT9;SLC25A11;MDH2;ATP5PO;ENO3;TSPO;KARS1;STOML2;NDUFS2;AK1;PRKAG1;GOT1;MYH8;ATP5PF;GAPDH;ARL2;ATP5PD;NDUFA6;PAICS;ATP5PB;ATP5ME;NUDT2;HK2;NDUFA3;AK3;PRKAA1;NDUFB10;ATP5MF;MT-ATP8;PPP2CA;ALDOA;NDUFA7;OGDH;SLC25A13;RAB23;NDUFB8;PGAM2;NDUFS8;APRT;LDHA;GPI;DNM1L;SLC25A12;MYH7;NDUFS6;MT-ND3;NDUFS7;ATP5F1B,GO:BP,Training_CR
GOBP_PEPTIDE_TRANSPORT,0.01910828025477707,0.394252552430351,0.17000427848892652,-0.38123280508483276,-1.5234046563434038,46,HADH;EIPR1;STX4;ACSL4;CD74;CPT1A;GNAS;PPP3CB;CA2;SRI;ENSA;MGST1;PARK7;RBP4;S100A8;CD38;MPC2;PTPN11;PHPT1;OXCT1;RAC1;PFKFB2;TARDBP;UQCC2;DYNLL1;JAGN1,GO:BP,Training_CR
GOBP_RESPONSE_TO_FATTY_ACID,0.019584709768758847,0.394252552430351,0.15817799958919573,-0.575644132176191,-1.6871769531815535,14,HMGCS2;PRKCD;AKR1C2;CPT1A;ASS1;CD36;CAT;AKR1C1;ACSL1,GO:BP,Training_CR
GOBP_UNSATURATED_FATTY_ACID_METABOLIC_PROCESS,0.018759379689844924,0.394252552430351,0.1665211480199722,-0.4477105084304695,-1.6171020384453054,30,SCP2;GPX4;ACAA1;ACSL4;CD74;GSTP1;AKR1C2;EPHX1;HSD17B4;AKR1C1;FABP5;GPX1;ACSL1,GO:BP,Training_CR
GOBP_VASCULAR_PROCESS_IN_CIRCULATORY_SYSTEM,0.019587359623922697,0.394252552430351,0.1665211480199722,-0.39620461643067234,-1.530214863181146,40,SOD1;SMTNL1;RHOA;SLC1A4;ATP2B1;ITGB1;CD36;HBB;PRKG1;CAV1;GCLC;ATP2A3;FABP5;GPX1;CD38;FERMT2;ITGA1;PTPN11,GO:BP,Training_CR
GOBP_SUPEROXIDE_METABOLIC_PROCESS,0.020717899301373164,0.4122147550652523,0.15535473237528252,-0.5114222886985873,-1.6301278666203005,19,SOD1;PRDX1;SOD3;GSTP1;PRKCD;CD36;CCS;ELAVL1;MPO;PARK7;PRDX2;CYGB,GO:BP,Training_CR
GOBP_REGULATION_OF_SMOOTH_MUSCLE_CONTRACTION,0.021592755978639425,0.4247393249889187,0.14930820690075336,-0.6097909915143439,-1.6613371690106649,11,SOD1;RHOA;ATP2B1;PRKG1;CAV1;CTTN,GO:BP,Training_CR
GOBP_MORPHOGENESIS_OF_A_POLARIZED_EPITHELIUM,0.022790055248618785,0.42539763773542844,0.14464557226410138,-0.631328176120517,-1.6716550442990288,10,RHOA;RAB10;WDR1;YAP1,GO:BP,Training_CR
GOBP_MORPHOGENESIS_OF_EMBRYONIC_EPITHELIUM,0.02294771705701443,0.42539763773542844,0.14615153430494887,-0.5836406128573494,-1.6718260363604343,13,MTHFD1;COBL;TMED2;RPS7;CFL1;PFN1,GO:BP,Training_CR
GOBP_NEGATIVE_REGULATION_OF_TORC1_SIGNALING,0.02310073827101691,0.42539763773542844,0.14615153430494887,-0.5528584179020353,-1.6545680189759087,15,SESN1;UBE3A;UBE2D1;UBE2N;PRKAA2;SAR1A;DEPTOR;YWHAG,GO:BP,Training_CR
GOBP_SMOOTH_MUSCLE_CONTRACTION,0.02295552367288379,0.42539763773542844,0.14692213573209795,-0.5286192605207868,-1.6274618328323887,17,SOD1;MYLK;RHOA;ATP2B1;PRKG1;CAV1;CTTN;CD38,GO:BP,Training_CR
GOBP_TRNA_METABOLIC_PROCESS,0.02211103938024532,0.42539763773542844,0.12263739117792115,0.41925641300289096,1.5350718435006911,44,DARS2;ANG;RTCB;NARS1;EPRS1;FARSA;AKT1;GARS1;CARS2;IARS2;LARS1;KARS1;SARS1;RARS1;FARSB;DDX1;VARS1;IARS1;HSD17B10;DARS1,GO:BP,Training_CR
GOBP_TUBE_CLOSURE,0.022289296494079406,0.42539763773542844,0.14692213573209795,-0.6076013691751393,-1.6553716807879169,11,MTHFD1;COBL;TMED2;RPS7;PFN1,GO:BP,Training_CR
GOBP_REGULATION_OF_CYTOPLASMIC_TRANSLATION,0.02505577484125622,0.45342254638671875,0.11872977154195252,0.5599619793901407,1.597235970249505,16,SYNCRIP;PKM;PABPC1;YBX1;AKT2;DHX9;YBX3;CSDE1,GO:BP,Training_CR
GOBP_XENOBIOTIC_METABOLIC_PROCESS,0.025146484375,0.45342254638671875,0.14176653797590688,-0.469532309689617,-1.5871557951046622,23,ACAA1;GSTP1;AOX1;ALDH2;EPHX1;GUK1;GSTM4;AKR1C1;ACSL1;ABHD10;GSTM2;GSTO1;GSTM1,GO:BP,Training_CR
GOBP_ALCOHOL_METABOLIC_PROCESS,0.026143790849673203,0.4617847138855542,0.15355353685909953,-0.304885783676069,-1.3967585417788753,90,SORD;RETSAT;ASAH1;LIPE;ACADL;LSS;SCP2;CES1;HMGCS2;QDPR;ACSS2;IDH1;ALDH1A1;ADH1B;ALDH2;AKR1C2;PRKAA2;TKFC;ADH1C;CBR4;NUDT3;IDI1,GO:BP,Training_CR
GOBP_REGULATION_OF_LYMPHOCYTE_DIFFERENTIATION,0.025958272683163513,0.4617847138855542,0.13905071246926654,-0.4941875726976092,-1.599752800368627,20,SOD1;HLA-DRA;STAT5B;LGALS1;CD74;RHOA;HMGB1;DDRGK1,GO:BP,Training_CR
GOBP_ENDOTHELIUM_DEVELOPMENT,0.02982541222114452,0.46716480379846714,0.12954746755009747,-0.47041957547757746,-1.5719135276746548,22,FASN;RAB1B;RHOA;NRP1;COL18A1,GO:BP,Training_CR
GOBP_FATTY_ACID_METABOLIC_PROCESS,0.027597402597402596,0.46716480379846714,0.15627914647543964,-0.2781895209808793,-1.3518981962639016,128,PRKAR2B;ASAH1;GGT5;ACADL;HADH;DBI;SCP2;GPX4;CRYL1;CES1;ACAA1;FASN;ACSS2;ACSL4;CD74;GSTP1;ACOT2;AKR1C2;CPT1A;PRKAA2;ACAT2;PGK1;CBR4;CD36;EPHX1;HSD17B4;ADH5;ACOT1,GO:BP,Training_CR
GOBP_FEMALE_GAMETE_GENERATION,0.028797190517998245,0.46716480379846714,0.1119013821886713,0.6184833741128164,1.5878734173779454,11,DIAPH2;USP9X;ANG;AKT1;PPP2R1A,GO:BP,Training_CR
GOBP_MITOCHONDRIAL_GENE_EXPRESSION,0.029696578437701744,0.46716480379846714,0.10551993028944054,0.40448284690897357,1.4809796826284551,44,MRPL13;DARS2;MRPS27;MRPL12;MRPL38;TSFM;GARS1;MRPL24;MRPL40;IARS2;MRPL48;MRPL49;LRPPRC,GO:BP,Training_CR
GOBP_NADPH_REGENERATION,0.028551203397829166,0.46716480379846714,0.13063133623685996,-0.5555333477454465,-1.628233501654162,14,ACO1;IDH1;TALDO1;DERA;G6PD;PGD;RPIA,GO:BP,Training_CR
GOBP_NEGATIVE_REGULATION_OF_EXTRINSIC_APOPTOTIC_SIGNALING_PATHWAY,0.0283203125,0.46716480379846714,0.13346262248139695,-0.4666291412311656,-1.5773422411747053,23,CTNNA1;ITGA6;GSTP1;NRP1;YAP1;GCLC;HMGB2;GPX1;PARK7;CTTN;PRDX2;EYA3,GO:BP,Training_CR
GOBP_PROTEIN_QUALITY_CONTROL_FOR_MISFOLDED_OR_INCOMPLETELY_SYNTHESIZED_PROTEINS,0.02950530035335689,0.46716480379846714,0.11087177518307077,0.638704254713959,1.5918342013973088,10,CLPP;LONP1;IRGQ,GO:BP,Training_CR
GOBP_REGULATION_OF_EXOSOMAL_SECRETION,0.02784332232184993,0.46716480379846714,0.13230852260538306,-0.5837692992187844,-1.6265990245454451,12,RAB7A;SDCBP;CHMP3;CHMP6;VPS4B;HGS;CHMP2A,GO:BP,Training_CR
GOBP_REGULATION_OF_INSULIN_SECRETION,0.029956841838029956,0.46716480379846714,0.13230852260538306,-0.39884237914682374,-1.4976198240667549,35,HADH;EIPR1;STX4;ACSL4;CPT1A;GNAS;PPP3CB;SRI;ENSA;RBP4;CD38;MPC2;PTPN11;PHPT1;OXCT1;RAC1;PFKFB2;TARDBP;UQCC2;DYNLL1;JAGN1,GO:BP,Training_CR
GOBP_RESPONSE_TO_ESTROGEN,0.029005524861878452,0.46716480379846714,0.12797030576243018,-0.6169901278254654,-1.6336902081576894,10,CTNNA1;KRT19;CAV1;MME;WBP2,GO:BP,Training_CR
GOBP_RESPONSE_TO_KETONE,0.02702702702702703,0.46716480379846714,0.14176653797590688,-0.38068918147545455,-1.4809181225842856,41,UBE3A;GNG2;HMGCS2;GNAQ;AKR1C2;GNAS;PRKAA2;ASS1;GNB1;CAV1;RWDD1;YAP1;CBX3;WBP2;PARK7;CD38,GO:BP,Training_CR
GOBP_RESPONSE_TO_PROSTAGLANDIN,0.029495044832468145,0.46716480379846714,0.12848971465340803,-0.5818138513736522,-1.6211504174301032,12,GNG2;HMGCS2;GNAQ;AKR1C2;GNAS;PRKAA2;GNB1,GO:BP,Training_CR
GOBP_STRIATED_MUSCLE_CELL_DIFFERENTIATION,0.027169018312818972,0.46716480379846714,0.10640946434982042,0.3363537091880726,1.4096647130218751,91,MYOZ1;TMOD4;CSRP3;COL14A1;SYNPO2L;MYL9;FLNC;MYBPH;TNNT3;AKT1;CAPN2;YBX1;ACTA1;TPM1;PLEC;TMOD3;OBSCN;LDB3;TTN;TCAP;NLN;MAPK14;MYH11;TMOD1;IGFBP5;NEB;TOMM70;PPP3CA;MYOM1;ACTN2;PDLIM5;CAPN3;IGF2;CACYBP;PPIF,GO:BP,Training_CR
GOBP_PIGMENTATION,0.030927835051546393,0.47800073637702506,0.10671088925962559,0.5376418659132353,1.5580086084251161,17,ARCN1;AP1B1;DCTN1;AP1M1,GO:BP,Training_CR
GOBP_PROTEIN_TARGETING_TO_VACUOLE,0.031808683538425815,0.48726399296473527,0.12263739117792115,-0.5863486842105263,-1.5974700784941493,11,RAB7A;SCARB2;HGS;LAMP2;VPS13C;VPS37C;SQSTM1;AP3B1;VPS4A;HSPA8;CLU,GO:BP,Training_CR
GOBP_ADENYLATE_CYCLASE_INHIBITING_G_PROTEIN_COUPLED_RECEPTOR_SIGNALING_PATHWAY,0.03268876611418048,0.48971480860744576,0.12042065316743104,-0.6096489166629018,-1.6142518666811938,10,PALM;PSAP,GO:BP,Training_CR
GOBP_GLAND_DEVELOPMENT,0.03355335533553355,0.48971480860744576,0.13008607037291475,-0.34311445237490973,-1.435223679787308,57,SOD1;UBE3A;DAG1;STAT5B;FASN;HMGCS2;COBL;PSAP;MPST;NRP1;CPT1A;RTN4;ASS1;CRKL;CRIP1;NME1;CAV1,GO:BP,Training_CR
GOBP_G_PROTEIN_COUPLED_DOPAMINE_RECEPTOR_SIGNALING_PATHWAY,0.03366612491293244,0.48971480860744576,0.11914593408036928,-0.5825844533992888,-1.5872146686136035,11,PALM;GNG2;GNAS;GNB1;GSK3A;PRMT5,GO:BP,Training_CR
GOBP_POLYSACCHARIDE_METABOLIC_PROCESS,0.03298697014679202,0.48971480860744576,0.1011176487430608,0.4276978875460782,1.4837771320378152,35,GAA;PPP1CB;PYGM;AKT1;PFKM;AKT2;AGL;PHKA2;PPP1CA;STBD1;GYS1;GBE1;CLTC;PHKB;PPP1CC,GO:BP,Training_CR
GOBP_POSITIVE_REGULATION_OF_CYTOPLASMIC_TRANSLATION,0.03365134431916739,0.48971480860744576,0.10270481201474739,0.5918441661696063,1.561746297204324,12,SYNCRIP;PKM;PABPC1;YBX1;DHX9;YBX3;CSDE1,GO:BP,Training_CR
GOBP_REGULATION_OF_T_CELL_MIGRATION,0.032918968692449355,0.48971480860744576,0.1199912983547285,-0.6086369281958016,-1.6115722846669778,10,CD99L2;ECM1;RHOA;OXSR1;CRKL;P4HB,GO:BP,Training_CR
GOBP_CELL_ADHESION_MEDIATED_BY_INTEGRIN,0.03591160220994475,0.5147288402352537,0.11479040423284313,-0.6021004738905844,-1.594264809372131,10,ITGA6;ITGA7;ITGB1;CRKL;FBN1;ITGA1;PTPN11,GO:BP,Training_CR
GOBP_REGULATION_OF_INTRACELLULAR_PROTEIN_TRANSPORT,0.0359804677460807,0.5147288402352537,0.12129310519101276,-0.3879099833105515,-1.463119161379847,36,VAMP2;PKIA;PRKCD;CD81;YWHAE;TXN;EPM2A;CD36;EMD;BCAP31;PARK7;UFM1;RAN;PTPN11;HSP90AA1;TRIM28;TARDBP,GO:BP,Training_CR
GOBP_HEPATICOBILIARY_SYSTEM_DEVELOPMENT,0.03734238603297769,0.5251295558696304,0.11554753392227891,-0.46078153153198403,-1.5397078703249998,22,HMGCS2;COBL;MPST;CPT1A;RTN4;ASS1;PNPT1;PRMT5;CUL3;PRKCSH;RELA;HSPA12A;RPS15,GO:BP,Training_CR
GOBP_MEMBRANE_REPOLARIZATION,0.03879820203453986,0.5251295558696304,0.1119013821886713,-0.5503341021890443,-1.5764202498388602,13,SCN1B;YWHAE;CACNB3;WDR1;CAV1,GO:BP,Training_CR
GOBP_MUSCLE_HYPERTROPHY,0.03701859229747676,0.5251295558696304,0.095636421370719,0.45390327326886803,1.4996162388410754,28,CAMK2D;CSRP3;COL14A1;TTN;TCAP;PAK2;IGFBP5;TOMM70;AGT;PPP3CA;PDLIM5;MLIP;LMCD1;MYH7;ACACB,GO:BP,Training_CR
GOBP_NEGATIVE_REGULATION_OF_AMYLOID_FIBRIL_FORMATION,0.03913443830570902,0.5251295558696304,0.10986947213170659,-0.5970697973005946,-1.580944390268441,10,PFDN1;VBP1;CRYAB,GO:BP,Training_CR
GOBP_PENTOSE_PHOSPHATE_SHUNT,0.03821362799263352,0.5251295558696304,0.11121188275410136,-0.598827399436361,-1.5855982368529213,10,TALDO1;DERA;G6PD;PGD;RPIA;TKT,GO:BP,Training_CR
GOBP_REGULATION_OF_AMYLOID_FIBRIL_FORMATION,0.03913443830570902,0.5251295558696304,0.10986947213170659,-0.5970697973005946,-1.580944390268441,10,PFDN1;VBP1;CRYAB,GO:BP,Training_CR
GOBP_REGULATION_OF_BIOLOGICAL_PROCESS_INVOLVED_IN_SYMBIOTIC_INTERACTION,0.037753222836095765,0.5251295558696304,0.1119013821886713,-0.5992551794258061,-1.5867309291740535,10,LGALS1;CD74;HMGB1;CAV1;P4HB,GO:BP,Training_CR
GOBP_REGULATION_OF_CELL_CYCLE_G1_S_PHASE_TRANSITION,0.03886805318786226,0.5251295558696304,0.09455545155923946,0.5152984311194523,1.5188244343814503,18,FHL1;AKT1;APPL1;CUL4A;GPNMB;DDX3X;FBXO7;PPP2CA,GO:BP,Training_CR
GOBP_REACTIVE_OXYGEN_SPECIES_METABOLIC_PROCESS,0.03964378052283826,0.5278721852694849,0.12218443330405154,-0.318939413254232,-1.3878326487261798,69,SESN1;SOD1;PRDX1;SOD3;GSTP1;RHOA;PRKCD;PRDX6;TXN;CRYAB;NDUFC2;CD36;G6PD;HBB;HBA1;MT-ND2;CAT;CCS;ATP5IF1;ELAVL1;GPX3;AKR1C1;MPO;GPX1;PARK7;STAT3;MAOB;ROMO1;PRDX2;CYGB,GO:BP,Training_CR
GOBP_NEGATIVE_REGULATION_OF_MACROAUTOPHAGY,0.04038630377524144,0.5296113017798707,0.0941329115999785,0.5994792672508685,1.5390829124587422,11,AKT1;TSPO;SCFD1;MTM1;LYPLA1,GO:BP,Training_CR
GOBP_REGULATION_OF_TRANSLATION,0.04033908213972523,0.5296113017798707,0.08571314687753376,0.31332952420616683,1.357860316019588,112,MRPL13;SYNCRIP;PKM;ABCE1;MRPS27;ANG;EPRS1;TSFM;PABPC1;GSPT1;AKT1;YBX1;RPS3;AKT2;ETF1;PPP1CA;DHX9;BZW2;EIF2S1;LRPPRC;RPS4X;EIF5;RPS9;BZW1;YBX3;SARS1;TRAP1;DDX3X;CSDE1;IGFBP5;DDX1;GAPDH;SERBP1;GCN1;ILF3;PURA;RPL5;ABCF1;RACK1;MTIF2,GO:BP,Training_CR
GOBP_REGULATION_OF_CYTOSOLIC_CALCIUM_ION_CONCENTRATION,0.04120626151012891,0.5363010426619034,0.10701482812120706,-0.5949999974611708,-1.575463894587853,10,ATP2B2;YWHAE;ATP2B1;CAV1;RYR1;PLN;CAV2;ATP2B4;ASPH,GO:BP,Training_CR
GOBP_GLUCAN_METABOLIC_PROCESS,0.04225586424887706,0.5431143851033354,0.08945608635508519,0.4274413495556646,1.4620233852382458,33,GAA;PPP1CB;PYGM;AKT1;PFKM;AKT2;AGL;PHKA2;PPP1CA;STBD1;GYS1;GBE1;PHKB;PPP1CC,GO:BP,Training_CR
GOBP_POSITIVE_REGULATION_OF_NUCLEOTIDE_METABOLIC_PROCESS,0.0423572744014733,0.5431143851033354,0.10551993028944054,-0.5924832691342076,-1.5688000044558603,10,GPD1;ENO1;PRKAA2;NDUFC2;VCP;STAT3,GO:BP,Training_CR
GOBP_NADP_METABOLIC_PROCESS,0.04453638354830859,0.565779412033734,0.10581401851061817,-0.45843975096582706,-1.5064169329734898,21,ACO1;MDH1;PC;ME1;IDH1;TALDO1;DERA;G6PD;PGD;RPIA,GO:BP,Training_CR
GOBP_TRICARBOXYLIC_ACID_CYCLE,0.044778613199665834,0.565779412033734,0.08702116448082649,0.46025937868077166,1.4739537774027256,25,FH;IDH3B;IDH3A;NNT;PDHB;IDH2;MDH2;SUCLA2;DLST;ACO2;PDHA1;DLAT;IDH3G;CS;OGDH;SUCLG1,GO:BP,Training_CR
GOBP_ENERGY_RESERVE_METABOLIC_PROCESS,0.046511627906976744,0.583417593528817,0.08476860541891988,0.4167426099817775,1.4457708879146547,35,GAA;PPP1CB;PYGM;AKT1;PFKM;AKT2;AGL;PHKA2;PPP1CA;STBD1;GYS1;GBE1;PHKB;PPP1CC,GO:BP,Training_CR
GOBP_INSULIN_SECRETION,0.04734651404786681,0.5896173799773917,0.10611051875686135,-0.3688526977722292,-1.416166699389899,39,HADH;EIPR1;STX4;ACSL4;CPT1A;GNAS;PPP3CB;SRI;ENSA;PARK7;RBP4;CD38;MPC2;PTPN11;PHPT1;OXCT1;RAC1;PFKFB2;TARDBP;UQCC2;DYNLL1;JAGN1,GO:BP,Training_CR
GOBP_CEREBELLAR_CORTEX_DEVELOPMENT,0.05,0.6182142857142857,0.08461408643957584,0.6079041841735876,1.515071591269449,10,ARCN1;UQCRQ,GO:BP,Training_CR
GOBP_EXOCYTOSIS,0.05036955926635642,0.6183667169508011,0.10551993028944054,-0.33244808333761433,-1.384522824742769,56,RAB12;RAB7A;VAMP2;STX4;ANXA3;RAB10;PPP3CB;NAPA;SDCBP;CHMP3;AP1G1;CHMP6;CLASP2;VAMP3;VPS4B;PAK1;YKT6;HGS,GO:BP,Training_CR
GOBP_TERPENOID_METABOLIC_PROCESS,0.05227781926811053,0.6372739799514037,0.09862449044494566,-0.42480205796986664,-1.4670325630280305,25,RETSAT;LIPE;LSS;HMGCS2;ALDH1A1;ADH1B;ADH1C;ADH5,GO:BP,Training_CR
GOBP_MITOCHONDRIAL_TRANSMEMBRANE_TRANSPORT,0.05358295674628793,0.6430462038541909,0.07791346614835483,0.38428042041031185,1.407010209230623,44,SLC41A3;SLC25A3;SLC25A4;VDAC2;PMPCB;SFXN1;SLC25A6;SLC25A20;SAMM50;MCU;TIMM44;CPT2;TOMM70;TOMM22;GRPEL1;SLC25A5,GO:BP,Training_CR
GOBP_REGULATION_OF_LEUKOCYTE_DIFFERENTIATION,0.05327663831915958,0.6430462038541909,0.09791084204867953,-0.39760361710134495,-1.436119116260738,30,SOD1;HLA-DRA;STAT5B;LGALS1;PRXL2A;CD74;RHOA,GO:BP,Training_CR
GOBP_REGULATION_OF_VASOCONSTRICTION,0.0538657998606919,0.6430462038541909,0.0937158165018434,-0.5539994371171375,-1.5093365912278114,11,SMTNL1;RHOA;ATP2B1;ITGB1;CAV1;CD38,GO:BP,Training_CR
GOBP_ACTIN_MYOSIN_FILAMENT_SLIDING,0.05569049271339348,0.6480698442661632,0.07928429369006079,0.5378600596199323,1.4811427160380013,14,MYL1;MYH2;TPM1;TTN;TCAP;MYH8;ACTC1;MYH7;MYL6B;TNNC1,GO:BP,Training_CR
GOBP_AMIDE_TRANSPORT,0.055137170521785905,0.6480698442661632,0.09984836831684389,-0.33492464189439486,-1.3683766069171264,51,HADH;EIPR1;STX4;PSAP;ACSL4;CD74;CPT1A;GNAS;PPP3CB;CA2;SRI;ENSA;MGST1;PARK7;RBP4;S100A8;CD38;MPC2;PTPN11;PHPT1;OXCT1;RAC1;PFKFB2;SLC27A1;TARDBP;UQCC2;DYNLL1;JAGN1,GO:BP,Training_CR
GOBP_POSITIVE_REGULATION_OF_CELL_DEVELOPMENT,0.05615790936891854,0.6480698442661632,0.1006043085747754,-0.32114090269103684,-1.3582505935896814,60,MAP1B;CAPRIN1;DAG1;HLA-DRA;STAT5B;LMOD3;LGALS1;CD74;RHOA;NRP1,GO:BP,Training_CR
GOBP_POSITIVE_REGULATION_OF_CYTOSOLIC_CALCIUM_ION_CONCENTRATION,0.05615856536101935,0.6480698442661632,0.09249605088129997,-0.53883020417058,-1.5013819426139599,12,CACNB3;CD36;HMGB1;PRKG1;CAV1;CD38;CACNA2D1;NPTN;JPH1;ASPH,GO:BP,Training_CR
GOBP_REPRODUCTIVE_SYSTEM_DEVELOPMENT,0.054859719438877755,0.6480698442661632,0.09652757658691613,-0.3887583003464541,-1.4294529529325022,32,SOD1;UBE3A;CTNNA1;STAT5B;PSAP;IDH1;HSD17B4;CRKL;CRIP1;HMGB2;RBP4;H3-3A,GO:BP,Training_CR
GOBP_MITOCHONDRIAL_FISSION,0.056721595836947095,0.6502323337334796,0.07852807565453862,0.5603753667254695,1.4787070719849233,12,MARCHF5;FIS1;MAPT;MCU;VPS35;SLC25A46;DNM1L,GO:BP,Training_CR
GOBP_MODULATION_OF_PROCESS_OF_ANOTHER_ORGANISM,0.057861328125,0.6589339406866777,0.09269614287411347,-0.42825323952732985,-1.447620529751112,23,PC;FASN;PAIP1;CD74;FCN3;CFL1;PSMC3,GO:BP,Training_CR
GOBP_SULFUR_COMPOUND_METABOLIC_PROCESS,0.05933519726623175,0.6713021337767788,0.10352617950193847,-0.2754608394873038,-1.2887186603933352,103,SOD1;MTHFD1;GGT5;SUOX;STAT5B;FASN;HMGCS2;GLO1;ACSS2;IDH1;ACSL4;GSTP1;ACOT2;MPST;GNS;ENOPH1;PGK1;CBR4;HSD17B4;SQOR;TST;ACOT1;G6PD;APIP,GO:BP,Training_CR
GOBP_POSITIVE_REGULATION_OF_TRANSPORTER_ACTIVITY,0.061113732892873994,0.6848590013582724,0.08856399378587741,-0.5083914049930595,-1.4900634154945984,14,SCN1B;PRKCD;CACNB3;STAC3,GO:BP,Training_CR
GOBP_REGULATION_OF_CELL_CYCLE_PHASE_TRANSITION,0.061720395269722984,0.6848590013582724,0.07253936631991478,0.3897089123104867,1.3992852021107236,40,FHL1;AKT1;APPL1;TIPRL;CUL4A;GPNMB;TMOD3;BABAM2;MAPK14;DYNC1LI1;DDX3X;FBXO7;DDB1;PPP2CA,GO:BP,Training_CR
GOBP_RESPONSE_TO_MONOAMINE,0.06150934468890466,0.6848590013582724,0.08838864914529622,-0.516808646351082,-1.4803872995677034,13,PALM;GNG2;GNAS;GNB1;GSK3A;PRMT5,GO:BP,Training_CR
GOBP_REGULATION_OF_SKELETAL_MUSCLE_ADAPTATION,0.06254416961130742,0.6895793477526952,0.07536417718593032,0.5965935360010909,1.4868822118061549,10,IGFBP5;PPP3CA;CAMK2B;TNNI1;MYH7;TNNT1;TNNC1;ACTN3;CAMK2G,GO:BP,Training_CR
GOBP_POSITIVE_REGULATION_OF_HEMOPOIESIS,0.06335822693326909,0.6941334862119545,0.08786858715630873,-0.4583131583402121,-1.4608456994518269,19,HLA-DRA;STAT5B;LGALS1;CD74;RHOA;HMGB1;DDRGK1,GO:BP,Training_CR
GOBP_ACTOMYOSIN_STRUCTURE_ORGANIZATION,0.06465256797583081,0.700362010221465,0.06826837231941177,0.32088088321321895,1.3271785538998315,84,MYOZ1;TMOD4;CSRP3;SYNPO2L;MYL9;FLNC;MYBPH;IQGAP1;TNNT3;MYO18A;ACTA1;TPM1;PLEC;TMOD3;OBSCN;LDB3;TTN;RHOC;TCAP;PAK2;MYH11;DNM2;TMOD1;NEB;MYOM1;ACTN2;PXN;CAPN3,GO:BP,Training_CR
GOBP_CELLULAR_RESPONSE_TO_ALCOHOL,0.06473594548551959,0.700362010221465,0.08735728607805364,-0.4394694923254706,-1.4440813288324565,21,CTNNA1;DAG1;CES1;GNG2;AKR1C2;GNAS;PRKAA2;GNB1,GO:BP,Training_CR
GOBP_ALCOHOL_CATABOLIC_PROCESS,0.06718713035249586,0.702017641691169,0.08446037783253384,-0.5112580814718843,-1.464487825341398,13,SORD;ACSS2;ALDH2;TKFC;NUDT3,GO:BP,Training_CR
GOBP_DEVELOPMENT_OF_PRIMARY_SEXUAL_CHARACTERISTICS,0.06741299586274033,0.702017641691169,0.08555361119423137,-0.4361180621462127,-1.4330686468800817,21,SOD1;UBE3A;CTNNA1;STAT5B;IDH1;HSD17B4;CRKL;HMGB2;RBP4;H3-3A,GO:BP,Training_CR
GOBP_DNA_INTEGRITY_CHECKPOINT_SIGNALING,0.06747614917606244,0.702017641691169,0.07175876019682244,0.5500701467122414,1.4515138678993016,12,TIPRL;CUL4A;BABAM2;MAPK14,GO:BP,Training_CR
GOBP_ENDOTHELIAL_CELL_DIFFERENTIATION,0.06624758220502901,0.702017641691169,0.08603481432177795,-0.4617498294938982,-1.4465922628722838,18,FASN;RAB1B;NRP1;COL18A1,GO:BP,Training_CR
GOBP_FATTY_ACID_BIOSYNTHETIC_PROCESS,0.06895633652822152,0.702017641691169,0.08856399378587741,-0.33659770603888545,-1.3522925194712485,47,ACADL;SCP2;GPX4;FASN;ACSS2;ACSL4;CD74;GSTP1;PRKAA2;CBR4;HSD17B4,GO:BP,Training_CR
GOBP_HETEROCHROMATIN_FORMATION,0.07078810759792355,0.702017641691169,0.0821057009024537,-0.5245824129733646,-1.4616822816445807,12,SMYD5;HNRNPK;HMGB1;CBX3;H3-3A;TRIM28;SIRT2;LMNA;MECP2,GO:BP,Training_CR
GOBP_HORMONE_METABOLIC_PROCESS,0.06979795329309893,0.702017641691169,0.08735728607805364,-0.3459439727577076,-1.3457558648504062,41,RETSAT;LIPE;STAT5B;SCP2;CPA3;ALDH1A1;ADH1B;AKR1C2;ADH1C;HSD17B4;MME;P4HB;AKR1C1;RBP4,GO:BP,Training_CR
GOBP_INSULIN_SECRETION_INVOLVED_IN_CELLULAR_RESPONSE_TO_GLUCOSE_STIMULUS,0.06837000236574403,0.702017641691169,0.0837037443963104,-0.5102644881827411,-1.4616416986433083,13,STX4;PPP3CB;SRI;MPC2;PHPT1;OXCT1;RAC1;DYNLL1;JAGN1,GO:BP,Training_CR
GOBP_ISOPRENOID_METABOLIC_PROCESS,0.06787330316742081,0.702017641691169,0.08668875730780262,-0.39421163352117466,-1.3965948136317738,28,RETSAT;LIPE;LSS;HMGCS2;ALDH1A1;ADH1B;ADH1C;IDI1;ADH5;AKR1C1;NPC2;RBP4,GO:BP,Training_CR
GOBP_LIPID_CATABOLIC_PROCESS,0.0694730644686488,0.702017641691169,0.09289749767139441,-0.293325215978998,-1.30347947155056,77,PAFAH1B2;ASAH1;LIPE;ACADL;HADH;SCP2;CES1;ACAA1;RAB7A;HINT2;IDH1;PRKCD;PRDX6;CPT1A,GO:BP,Training_CR
GOBP_MUSCLE_CELL_DIFFERENTIATION,0.06557616474368337,0.702017641691169,0.06657781236858144,0.29762264511534287,1.295970343175816,115,MYOZ1;TMOD4;LAMA2;CSRP3;COL14A1;SYNPO2L;MYL9;FLNC;MYBPH;TNNT3;AKT1;CAPN2;YBX1;ACTA1;TPM1;PLEC;TMOD3;OBSCN;LDB3;TTN;TCAP;NLN;MAPK14;MYH11;TMOD1;IGFBP5;NEB;TOMM70;BIN1;PPP3CA;MYOM1;ACTN2;PDLIM5;CAPN3;IGF2;CACYBP;PPIF;ACTN4,GO:BP,Training_CR
GOBP_NEURON_PROJECTION_REGENERATION,0.07035059205943812,0.702017641691169,0.0816849181752493,-0.5351978119790121,-1.458112747132964,11,MAP1B;CTNNA1;DAG1,GO:BP,Training_CR
GOBP_PROTEIN_LOCALIZATION_TO_MITOCHONDRION,0.06905607909779082,0.702017641691169,0.06673374134597852,0.3395118120155036,1.3423456675710344,65,MARCHF5;HK1;NDUFA13;AGK;PMPCA;PMPCB;AKT1;FIS1;BCS1L;UBE2D3;MAPT;SAMM50;TIMM44;SAE1;TSPO;TOMM70;TOMM22;FBXO7;GRPEL1;UBL5;HK2;LMAN1;PRKAA1;TIMM50,GO:BP,Training_CR
GOBP_RESPONSE_TO_ALCOHOL,0.07033144704931285,0.702017641691169,0.08821430618535028,-0.32320798374658205,-1.3332584093954467,53,SOD1;CTNNA1;DAG1;CES1;GNG2;HMGCS2;GNAQ;GSTP1;AKR1C2;CPT1A;GNAS;PRKAA2;GNB1;G6PD;CAT;LANCL2;STAT3;RBP4;S100A8,GO:BP,Training_CR
GOBP_RETINOL_METABOLIC_PROCESS,0.07097232079488999,0.702017641691169,0.0821057009024537,-0.5078494477357081,-1.454723867002966,13,RETSAT;LIPE;ALDH1A1;ADH1B;ADH1C,GO:BP,Training_CR
GOBP_LAMELLIPODIUM_ASSEMBLY,0.07176951926355267,0.7038217579446653,0.0688594151123592,0.484021377465702,1.426636392547953,18,ABLIM2;FSCN1;ARPC2;CAPZB;ACTR3,GO:BP,Training_CR
GOBP_NEURAL_PRECURSOR_CELL_PROLIFERATION,0.07196790939122227,0.7038217579446653,0.08140782196286706,-0.49603574028038383,-1.4538497348901303,14,CTNNA1;RHOA;RAB10;ITGB1,GO:BP,Training_CR
GOBP_MUSCLE_CELL_DEVELOPMENT,0.07268056814747657,0.7067981093442806,0.0642148359994021,0.3213828962649858,1.3183521572615966,79,MYOZ1;TMOD4;CSRP3;COL14A1;SYNPO2L;MYL9;FLNC;MYBPH;TNNT3;ACTA1;TPM1;PLEC;TMOD3;OBSCN;LDB3;TTN;TCAP;MYH11;TMOD1;NEB;TOMM70;BIN1;PPP3CA;MYOM1;ACTN2;PDLIM5;CAPN3,GO:BP,Training_CR
GOBP_MONOCARBOXYLIC_ACID_BIOSYNTHETIC_PROCESS,0.07346164272160477,0.7076804000952608,0.08652392518108788,-0.3211355540098983,-1.3295015193664002,54,ACADL;SCP2;GPX4;CES1;FASN;ACSS2;ACSL4;CD74;GSTP1;PRKAA2;CBR4;HSD17B4;SHMT2;GSTM4;FABP5;PARK7;ACSL1,GO:BP,Training_CR
GOBP_REGULATION_OF_INTRACELLULAR_STEROID_HORMONE_RECEPTOR_SIGNALING_PATHWAY,0.07358894974994046,0.7076804000952608,0.08086165098076897,-0.4806821094967751,-1.4385622429071312,15,RHOA;DDRGK1;WBP2;PARK7;UFM1;PAK1;UFSP2,GO:BP,Training_CR
GOBP_CELL_CYCLE_CHECKPOINT_SIGNALING,0.07628865979381444,0.7191102337727823,0.06696957865216217,0.48969713414540483,1.4190716885927461,17,TIPRL;CUL4A;BABAM2;MAPK14;DYNC1LI1,GO:BP,Training_CR
GOBP_POLYOL_METABOLIC_PROCESS,0.076416015625,0.7191102337727823,0.08032588974988616,-0.41429559463101295,-1.4004396296808985,23,SORD;ASAH1;SCP2;QDPR;TKFC;NUDT3;PRKG1,GO:BP,Training_CR
GOBP_POLYSACCHARIDE_CATABOLIC_PROCESS,0.07684301821335646,0.7191102337727823,0.0670487152800428,0.5436975787667324,1.4346980657651134,12,GAA;PYGM;PFKM;AGL;PPP1CA;STBD1,GO:BP,Training_CR
GOBP_PTERIDINE_CONTAINING_COMPOUND_METABOLIC_PROCESS,0.07757826887661141,0.7191102337727823,0.0773124512019339,-0.5513914441295343,-1.459995488600699,10,MTHFD1;SHMT1;QDPR,GO:BP,Training_CR
GOBP_REGULATION_OF_MITOTIC_CELL_CYCLE_PHASE_TRANSITION,0.07744836775483012,0.7191102337727823,0.06536629294626582,0.4127043680309531,1.386079604223378,30,FHL1;AKT1;APPL1;CUL4A;GPNMB;TMOD3;BABAM2;DYNC1LI1;DDX3X;FBXO7;DDB1;PPP2CA,GO:BP,Training_CR
GOBP_STEROID_METABOLIC_PROCESS,0.07624716553287982,0.7191102337727823,0.08685450090908631,-0.30631007777896685,-1.3112157208627442,64,ASAH1;LIPE;ACADL;LSS;STAT5B;SCP2;CES1;ACAA1;HINT2;HMGCS2;AKR1C2;PRKAA2;IDI1;HSD17B4;G6PD;PRKG1;CAT,GO:BP,Training_CR
GOBP_SULFUR_COMPOUND_BIOSYNTHETIC_PROCESS,0.07768550763461023,0.7191102337727823,0.08355475162264983,-0.32680261819301615,-1.3218138801141577,49,MTHFD1;GGT5;FASN;ACSS2;ACSL4;GSTP1;MPST;ENOPH1;PGK1;CBR4;APIP;GCLC;COASY;ACSL1;AKR1A1;MPC2,GO:BP,Training_CR
GOBP_PHOSPHATIDYLINOSITOL_3_KINASE_PROTEIN_KINASE_B_SIGNAL_TRANSDUCTION,0.0781167806417675,0.7192561026111678,0.08253278776726301,-0.3392651255032692,-1.335129194186482,43,SESN1;UBE3A;DAG1;CAVIN3;RRAS;PDCD6;AKR1C2;TXN;RTN4;ITGB1;PROS1;STAMBP;CAT;COL6A2;GPX1;PARK7;STAT3,GO:BP,Training_CR
GOBP_MEIOTIC_CELL_CYCLE,0.07962931182426634,0.7292974528119869,0.06544019964710829,0.4943008417646297,1.4099440920095019,16,ACTR3;PPP2R1A;ACTR2;DDB1;PPP2CA;RAB24,GO:BP,Training_CR
GOBP_PRIMARY_ALCOHOL_METABOLIC_PROCESS,0.08047129606417648,0.7292974528119869,0.07928429369006079,-0.3906941079889094,-1.372200783756835,27,RETSAT;LIPE;ACSS2;ALDH1A1;ADH1B;ALDH2;AKR1C2;ADH1C;CBR4,GO:BP,Training_CR
GOBP_PROTEIN_LOCALIZATION_TO_CELL_PERIPHERY,0.08009492732126965,0.7292974528119869,0.08668875730780262,-0.28021497441708165,-1.2732776681240168,86,PALM;DAG1;SCP2;SLMAP;RAB7A;VAMP2;STX4;FLOT2;RAB10;CD81;EPB41L3;SORBS1;MESD;EPM2A;ITGB1;CACNB3;PLEKHF1;TMED2;EHD1;STAC3;EHD2,GO:BP,Training_CR
GOBP_NEGATIVE_REGULATION_OF_GENE_EXPRESSION_EPIGENETIC,0.08117036337895234,0.729774408244131,0.07649292498331117,-0.48735823938274325,-1.428416522411504,14,SMYD5;HNRNPK;HMGB1;CBX3;PRMT5;H3-3A;TRIM28;SIRT2;LMNA;MECP2,GO:BP,Training_CR
GOBP_RETROGRADE_VESICLE_MEDIATED_TRANSPORT_GOLGI_TO_ENDOPLASMIC_RETICULUM,0.08136710617626648,0.729774408244131,0.06507299783238983,0.5183102294846427,1.4273069868612973,14,ARCN1;COPE;LMAN2;COPA,GO:BP,Training_CR
GOBP_ALTERNATIVE_MRNA_SPLICING_VIA_SPLICEOSOME,0.08472553699284009,0.7310609016158937,0.06311857595872994,0.474196467629205,1.397677808115921,18,PUF60;DHX9;TRA2B;RBMX;DDX17;HNRNPUL1;HNRNPM;STRAP,GO:BP,Training_CR
GOBP_OLIGODENDROCYTE_DIFFERENTIATION,0.08400188768286927,0.7310609016158937,0.0751440930078969,-0.5118973060787151,-1.4263368420527693,12,DAG1;GSTP1;WDR1;PRMT5;CNP;CD9,GO:BP,Training_CR
GOBP_POSITIVE_REGULATION_OF_EXOSOMAL_SECRETION,0.08310313075506445,0.7310609016158937,0.07460181950474733,-0.5462102740469714,-1.4462765870349399,10,RAB7A;SDCBP;VPS4B;HGS;CHMP2A,GO:BP,Training_CR
GOBP_POSITIVE_REGULATION_OF_NEURON_PROJECTION_DEVELOPMENT,0.08292201382033564,0.7310609016158937,0.07743159092495124,-0.4038750241387249,-1.3815623069382772,24,SCN1B;CAPRIN1;ITGA6;COBL;TUBB2B;EHD1;S100A9,GO:BP,Training_CR
GOBP_PROTEIN_LOCALIZATION_TO_PLASMA_MEMBRANE,0.08485026423957721,0.7310609016158937,0.0837037443963104,-0.2897623098247085,-1.2772388081776338,75,PALM;SCP2;SLMAP;RAB7A;VAMP2;STX4;FLOT2;RAB10;CD81;EPB41L3;SORBS1;MESD;EPM2A;ITGB1;CACNB3;PLEKHF1;TMED2;EHD1;STAC3;EHD2,GO:BP,Training_CR
GOBP_REGULATION_OF_EXOCYTOSIS,0.08343773490353294,0.7310609016158937,0.07779219192106737,-0.3628380249009801,-1.342241196516577,33,RAB7A;VAMP2;STX4;SDCBP;CHMP3;AP1G1;CHMP6;CLASP2;VPS4B;HGS;RALA;RAB2B,GO:BP,Training_CR
GOBP_SEX_DIFFERENTIATION,0.08488922081155091,0.7310609016158937,0.0768410915258218,-0.3985190051494457,-1.37626536070417,25,SOD1;UBE3A;CTNNA1;STAT5B;IDH1;HSD17B4;CRKL;HMGB2;RBP4;H3-3A,GO:BP,Training_CR
GOBP_TUBE_FORMATION,0.08311502738747321,0.7310609016158937,0.0759225511621017,-0.4746340421955284,-1.4204618786742222,15,MTHFD1;COBL;TMED2;RPS7;CFL1;PFN1,GO:BP,Training_CR
GOBP_ICOSANOID_METABOLIC_PROCESS,0.08637956935403104,0.7330578939213963,0.07637786940746528,-0.3789896351222678,-1.3560781796166614,29,GGT5;GPX4;CD74;GSTP1;AKR1C2;LTA4H;EPHX1;AKR1C1;FABP5;GPX1,GO:BP,Training_CR
GOBP_INSULIN_LIKE_GROWTH_FACTOR_RECEPTOR_SIGNALING_PATHWAY,0.08639157155399473,0.7330578939213963,0.06345549930017466,0.5520761553093447,1.4173817568522427,11,MAPK1;AKT1;CILP;IGFBP5;IGF2;MAP2K2;MAPK3;MAP2K1,GO:BP,Training_CR
GOBP_MULTICELLULAR_ORGANISMAL_MOVEMENT,0.08627581612258495,0.7330578939213963,0.06175630576956091,0.4070643585851611,1.367137468723971,30,GAA;SYNM;TNNT3;TNNC2;TTN;TCAP;VPS35;MYH8;TNNI2;TNNI1;MYH7;TNNT1;EEF2;DMD;TNNC1;ACTN3;C12orf57,GO:BP,Training_CR
GOBP_CARDIAC_MUSCLE_CELL_MEMBRANE_REPOLARIZATION,0.08770718232044199,0.7369170585600717,0.07253936631991478,-0.5417852902941065,-1.4345599447382624,10,SCN1B;YWHAE;WDR1,GO:BP,Training_CR
GOBP_NEGATIVE_REGULATION_OF_CELL_GROWTH,0.08854924793789423,0.7369170585600717,0.07417595899308585,-0.4317331853653529,-1.3975794019468515,20,SESN1;ENO1;RBBP7;NRP1;CRYAB;RTN4;CFL1;G6PD;GSK3A,GO:BP,Training_CR
GOBP_REGULATION_OF_INTRACELLULAR_ESTROGEN_RECEPTOR_SIGNALING_PATHWAY,0.08753192477362433,0.7369170585600717,0.07293884234964358,-0.5209758714100226,-1.4193659653478692,11,DDRGK1;WBP2;UFM1;PAK1;UFSP2,GO:BP,Training_CR
GOBP_TELOMERASE_RNA_LOCALIZATION,0.08833922261484099,0.7369170585600717,0.06291881263602403,0.5731261628444547,1.4283947867859217,10,RUVBL2;CCT5;CCT6A;CCT7;CCT8,GO:BP,Training_CR
GOBP_COLLAGEN_FIBRIL_ORGANIZATION,0.08995347234189212,0.7450213426976806,0.061506033001921756,0.4986115932470696,1.3987398615309439,15,COL14A1;COL12A1;AEBP1;COL1A1,GO:BP,Training_CR
GOBP_REGULATION_OF_INTRACELLULAR_TRANSPORT,0.09061677871967261,0.7469411617321584,0.08072674787711105,-0.2899283906972846,-1.2733984972868828,73,MAP1B;SCP2;EIPR1;VAMP2;PKIA;PRKCD;SNX12;CD81;YWHAE;TXN;MYLK2;CRYAB;EPM2A;CD36;EMD;EHD1;EHD2;CHMP3;BCAP31;ARFIP1;KHDRBS1;PARK7,GO:BP,Training_CR
GOBP_FATTY_ACID_TRANSPORT,0.09206349206349207,0.751696588212617,0.059772423008427535,0.4254859204299397,1.3625938084020308,25,EPRS1;AKT1;GOT2;FIS1;AKT2;ACSL3;SLC25A20;CPT2;CRABP2;LYPLA1;FABP3,GO:BP,Training_CR
GOBP_POSITIVE_REGULATION_OF_ATP_DEPENDENT_ACTIVITY,0.09245446660884649,0.751696588212617,0.0608321173593861,0.5311572140263956,1.4016068074266808,12,AHSA1;TNNT3;MYL4;MYL3,GO:BP,Training_CR
GOBP_T_CELL_ACTIVATION_INVOLVED_IN_IMMUNE_RESPONSE,0.0924964605946201,0.751696588212617,0.07147213780589295,-0.5048030100608661,-1.4065694870412737,12,HLA-DRA;LGALS1;CD74;CD81;HMGB1,GO:BP,Training_CR
GOBP_INTRACELLULAR_PH_REDUCTION,0.09472951009983747,0.7590697705399954,0.0699966062484901,-0.516903686038246,-1.408271552653393,11,UBE3A;RAB7A;CA2;ATP6V1H,GO:BP,Training_CR
GOBP_NEGATIVE_REGULATION_OF_INTRACELLULAR_TRANSPORT,0.0951577933028186,0.7590697705399954,0.07118874687825477,-0.4358868577138899,-1.3893632114883079,19,MAP1B;PKIA;SNX12;TXN;CRYAB;CD36;ARFIP1;PARK7;UFM1,GO:BP,Training_CR
GOBP_REGULATION_OF_HORMONE_SECRETION,0.09468700683850605,0.7590697705399954,0.0747093797274478,-0.3313992149592119,-1.3041740325244886,43,HADH;EIPR1;VAMP2;STX4;ACSL4;CPT1A;GNAS;PPP3CB;SRI;ENSA;RBP4;CD38;VAMP3;MPC2;PTPN11;PHPT1;OXCT1;RAC1;PFKFB2;TARDBP;UQCC2;DYNLL1;JAGN1,GO:BP,Training_CR
GOBP_REGULATION_OF_STEROID_METABOLIC_PROCESS,0.093994140625,0.7590697705399954,0.07214605853928445,-0.40454687975187154,-1.3674861374590734,23,ASAH1;ACADL;STAT5B;SCP2;CES1,GO:BP,Training_CR
GOBP_MEMBRANE_INVAGINATION,0.09746865389164892,0.7669010903929285,0.06964104991540172,-0.4859981084899318,-1.3921311736988038,13,RHOA;CD36;SNX9;HGS;RAC1;CDC42;CHMP2A,GO:BP,Training_CR
GOBP_POSITIVE_REGULATION_OF_MUSCLE_CONTRACTION,0.09681913164615742,0.7669010903929285,0.06920372515975116,-0.5137603621383137,-1.3997077645655622,11,CACNA1S;ENO1;RHOA,GO:BP,Training_CR
GOBP_REGULATION_OF_ATP_DEPENDENT_ACTIVITY,0.09707903780068729,0.7669010903929285,0.05898283115096965,0.47374074803084354,1.3728323822775392,17,AHSA1;TNNT3;TPM2;MYL4;MYL3,GO:BP,Training_CR
GOBP_REGULATION_OF_HEMOPOIESIS,0.09810625986322988,0.768425048973986,0.07334465138579484,-0.32983341887082784,-1.2980120668150943,43,SOD1;HLA-DRA;STAT5B;LGALS1;PRXL2A;CD74;RHOA;HMGB1;DDRGK1;HMGB2;STAT3;FBN1;B2M;PRDX2;CBFB;STAT1;GLUL;HLA-B;LTF,GO:BP,Training_CR
GOBP_REGULATION_OF_CELL_SHAPE,0.09929964982491246,0.7723239927791908,0.071001584690387,-0.3674740192879154,-1.327292914676951,30,PALM;ITGA7;PALMD;EPB41L3;WDR1;CFL1;S100B;GNA13;CYFIP1;DMTN;RHOG;FERMT2;RAC1,GO:BP,Training_CR
GOBP_REGULATION_OF_EPITHELIAL_CELL_DIFFERENTIATION,0.09967771639042357,0.7723239927791908,0.06785488334225928,-0.5339806034113578,-1.4138943944108668,10,STAT5B;CAV1;YAP1;VCL;STAT1,GO:BP,Training_CR
GOBP_RESPONSE_TO_STEROID_HORMONE,0.09994256174612291,0.7723239927791908,0.07603565216084066,-0.29072788264076366,-1.2606139073794544,68,UBE3A;HMGCS2;IDH1;RBBP7;GSTP1;RHOA;ASS1;PGRMC2;HMGB1;DDRGK1;S100B;CAV1;GSK3A;RWDD1;YAP1;CBX3;WBP2;HMGB2;PARK7;CD38;UFM1;PAK1;UFSP2;RAN;DEFA3,GO:BP,Training_CR
GOBP_SPINDLE_LOCALIZATION,0.10114503816793893,0.7746993852597447,0.05800894985654796,0.5035712602377274,1.3867192604601164,14,DYNLT1;DCTN1;DYNC1H1;ACTR3;KPNB1;ACTR2,GO:BP,Training_CR
GOBP_T_CELL_MIGRATION,0.10099103350637093,0.7746993852597447,0.06826837231941177,-0.4729989746531668,-1.386330415453744,14,CD99L2;ECM1;RHOA;OXSR1;CRKL;P4HB,GO:BP,Training_CR
GOBP_AMYLOID_PRECURSOR_PROTEIN_METABOLIC_PROCESS,0.10275449101796408,0.7835595768814794,0.06818510454943841,-0.45117153781879915,-1.368836267633116,16,PIN1;FKBP1A;FLOT2;RTN4;RTN2;GSK3A,GO:BP,Training_CR
GOBP_ACTIN_FILAMENT_BASED_MOVEMENT,0.10506778566817301,0.7882649973195912,0.05469476883232707,0.3570117381057226,1.307168238739758,44,CAMK2D;MYL1;MYO6;MYH2;TPM1;TTN;TCAP;JUP;ATP1A1;MYH8;SYNE2;BIN1,GO:BP,Training_CR
GOBP_DEPHOSPHORYLATION,0.1051930758988016,0.7882649973195912,0.055567847676256846,0.40198777787919093,1.338136241392476,29,PPP1CB;PDP1;IQGAP1;PPP1CA;PPP2R2A;PPP2CB;MTM1;PPP1CC;PPP5C;PPP3CA;THTPA;TIMM50;PPP2CA;DUSP28,GO:BP,Training_CR
GOBP_NEGATIVE_REGULATION_OF_MITOTIC_CELL_CYCLE,0.1049168975069252,0.7882649973195912,0.05682702857188093,0.5107430483125327,1.3783853112486346,13,FHL1;GPNMB;BABAM2;DYNC1LI1;FBXO7,GO:BP,Training_CR
GOBP_NEGATIVE_REGULATION_OF_MRNA_CATABOLIC_PROCESS,0.10402172068555914,0.7882649973195912,0.05648031685413919,0.43956363696837714,1.349280215454211,21,SYNCRIP;PABPC1;YBX1;DHX9;MAPK14;YBX3;CSDE1,GO:BP,Training_CR
GOBP_AMYLOID_PRECURSOR_PROTEIN_CATABOLIC_PROCESS,0.10812098118599667,0.8032507228882413,0.06619244226344878,-0.4577196137204807,-1.369841192603691,15,PIN1;FKBP1A;FLOT2;RTN4;RTN2;GSK3A,GO:BP,Training_CR
GOBP_CELL_GROWTH,0.10771041789287816,0.8032507228882413,0.07407057399217715,-0.2721889102109198,-1.2283562823649958,83,MAP1B;SESN1;ARIH2;EIF4G2;ENO1;COBL;RBBP7;ACSL4;NRP1;PPP3CB;CRYAB;EPM2A;RTN4;ITGB1;SDCBP;CFL1;CRKL;S100A9;G6PD;S100B;PRKG1;GSK3A;YAP1;CYFIP1;CLASP2;VCL;CTTN;S100A8;CD38;H3-3A;MTPN;PAK1,GO:BP,Training_CR
GOBP_CELL_MATRIX_ADHESION,0.10940447318782,0.8093125772996429,0.07017632599053192,-0.3057558888634607,-1.261267142364331,53,DAG1;ITGA6;ITGA7;RRAS;RHOA;NRP1;BCAM;SORBS1;ITGB1;CD36;CFL1;UTRN;CLASP2;VCL;CTTN;DMTN;FERMT2;ITGA1;RAC1;ZYX;TLN1;ILK,GO:BP,Training_CR
GOBP_CELLULAR_RESPONSE_TO_OXIDATIVE_STRESS,0.11022952677812412,0.8113980889507333,0.07175876019682244,-0.29143552760371305,-1.2524157411520136,65,SOD1;VKORC1L1;PRDX1;STX4;PRKRA;SOD3;PRKCD;TXN;PRKAA2;CD36;CFL1;G6PD;ENDOG;FXN;CAT;CCS;MGST1;RWDD1;PNPT1;MPO;STK24;PPIA;GPX1;PARK7;SLC25A24;ROMO1;PRDX2;CYGB;CUL3,GO:BP,Training_CR
GOBP_SKELETAL_MUSCLE_CONTRACTION,0.11109263262930318,0.8113980889507333,0.05394468186939308,0.4070363419749429,1.3314700406323823,27,GAA;SYNM;TNNT3;TNNC2;TTN;TCAP;MYH8;TNNI2;TNNI1;MYH7;TNNT1;EEF2;DMD;TNNC1;ACTN3;C12orf57;RCSD1,GO:BP,Training_CR
GOBP_TOLL_LIKE_RECEPTOR_SIGNALING_PATHWAY,0.11066540821142049,0.8113980889507333,0.06507299783238983,-0.4925688575582199,-1.3724805746000484,12,YWHAE;CD36;S100A9;S100A8;MAPKAPK3;MAPKAPK2;RELA,GO:BP,Training_CR
GOBP_CELLULAR_RESPONSE_TO_STEROID_HORMONE_STIMULUS,0.11534419337887546,0.8182819620443993,0.06736792242893799,-0.3219539455561224,-1.2750524565895178,44,UBE3A;HMGCS2;GSTP1;RHOA;ASS1;PGRMC2;DDRGK1;GSK3A;RWDD1;CBX3;WBP2;PARK7;UFM1;PAK1;UFSP2;RAN;DEFA3,GO:BP,Training_CR
GOBP_GLYCOPROTEIN_BIOSYNTHETIC_PROCESS,0.11416851820201675,0.8182819620443993,0.05394468186939308,0.4483396455549703,1.33666146310582,19,MOGS;PMM2;DAD1;STT3A;MUSTN1;OSTC;STT3B;POFUT1;RPN2;DDOST;UGDH;CHP1;UGGT1,GO:BP,Training_CR
GOBP_HEMATOPOIETIC_OR_LYMPHOID_ORGAN_DEVELOPMENT,0.1151012891344383,0.8182819620443993,0.06291881263602403,-0.5221203327702042,-1.3824903133101822,10,SOD1;CD248;STAT5B,GO:BP,Training_CR
GOBP_KETONE_METABOLIC_PROCESS,0.1132286995515695,0.8182819620443993,0.07035736141753197,-0.2951277132372916,-1.2520619927123078,61,KYAT1;ACADL;STAT5B;SCP2;CES1;VKORC1L1;GLO1;CD74;AKR1C2;CPT1A;PGK1;CBR4,GO:BP,Training_CR
GOBP_REGULATION_OF_AMYLOID_PRECURSOR_PROTEIN_CATABOLIC_PROCESS,0.11278905143935819,0.8182819620443993,0.06442639081633493,-0.4636552449348642,-1.3589445279647483,14,PIN1;FKBP1A;FLOT2;RTN4;RTN2;GSK3A,GO:BP,Training_CR
GOBP_REGULATION_OF_RESPONSE_TO_WOUNDING,0.1141929035482259,0.8182819620443993,0.06596421754427408,-0.3572299458735248,-1.302485549242457,31,MYLK;PRKCD;ITGB1;CD36;PROS1;HMGB1;PRKG1;CAV1;CLASP2;STK24;STAT3;KRT1;DMTN;CD9;PRDX2;FERMT2,GO:BP,Training_CR
GOBP_RESPONSE_TO_TOPOLOGICALLY_INCORRECT_PROTEIN,0.11524399936417104,0.8182819620443993,0.051620810578190644,0.337239752427813,1.280892920093767,53,UFD1;HSP90AB1;AKT1;HSPH1;AKT2;EIF2S1;VAPB;DNAJB4;COPS5;HSPB2;THBS4;HSPB7;DNAJB1;MANF;RACK1;OPTN;STT3B;HSPB1,GO:BP,Training_CR
GOBP_FATTY_ACID_DERIVATIVE_METABOLIC_PROCESS,0.119140625,0.8193818507803269,0.063728697179177,-0.392063509980239,-1.3252887161813378,23,GGT5;SCP2;FASN;HMGCS2;ACSL4;CBR4;HSD17B4;HMGCL,GO:BP,Training_CR
GOBP_GLYCOSYLATION,0.11975945017182131,0.8193818507803269,0.05272759128841473,0.460522824709826,1.3345287462973534,17,MOGS;PMM2;DAD1;STT3A;NANS;OSTC;STT3B;POFUT1;RPN2;DDOST,GO:BP,Training_CR
GOBP_INTRINSIC_APOPTOTIC_SIGNALING_PATHWAY_BY_P53_CLASS_MEDIATOR,0.1185237757274663,0.8193818507803269,0.06285261734886684,-0.4710907474167121,-1.3494293571586204,13,HNRNPK;CD74;RPS7;HINT1;EIF5A,GO:BP,Training_CR
GOBP_LYSOSOMAL_TRANSPORT,0.11940673705379588,0.8193818507803269,0.06463991515259371,-0.36775127272815183,-1.302852266461673,28,RAB12;RAB7A;PSAP;PLEKHF1;CHMP3;AP1G1;CHMP6;VCP;SCARB2;VPS4B;HGS;LAMP2;CHMP2A;HSPA1A,GO:BP,Training_CR
GOBP_NEGATIVE_REGULATION_OF_MAPK_CASCADE,0.1179985063480209,0.8193818507803269,0.06471153297295634,-0.38209948151700784,-1.3195613608381822,25,PEBP1;DAG1;GSTP1;PIN1;PRKCD,GO:BP,Training_CR
GOBP_NUCLEAR_RECEPTOR_MEDIATED_SIGNALING_PATHWAY,0.1176911544227886,0.8193818507803269,0.06492773196967513,-0.3555740616429823,-1.2964480786820698,31,UBE3A;RHOA;PGRMC2;CRKL;DDRGK1;RWDD1;WBP2;HUWE1;FABP5;PARK7;UFM1;PAK1;UFSP2;DEFA3,GO:BP,Training_CR
GOBP_POSITIVE_REGULATION_OF_INTRACELLULAR_TRANSPORT,0.11957349581111958,0.8193818507803269,0.06492773196967513,-0.34109687286263124,-1.2807902706302021,35,SCP2;EIPR1;VAMP2;PRKCD;CD81;YWHAE;EMD;EHD1;EHD2;BCAP31,GO:BP,Training_CR
GOBP_REGULATION_OF_EXTRINSIC_APOPTOTIC_SIGNALING_PATHWAY,0.11851666249060386,0.8193818507803269,0.06478337426056685,-0.3482488898616083,-1.2882718307734677,33,CTNNA1;ITGA6;STX4;GSTP1;NRP1;CAV1;YAP1;GCLC;HMGB2;GPX1;PARK7;CTTN;DEPTOR;PRDX2;EYA3,GO:BP,Training_CR
GOBP_REGULATION_OF_PEPTIDYL_TYROSINE_PHOSPHORYLATION,0.11905179982440738,0.8193818507803269,0.05351639270284452,0.5313052515147823,1.3640552368991221,11,IL18;PDCL3;VPS25;THBS4;MVP,GO:BP,Training_CR
GOBP_ACUTE_INFLAMMATORY_RESPONSE,0.12434241989478718,0.8204989584747869,0.06163081466707631,-0.4316162309327308,-1.3288182908469106,17,GSTP1;ASS1;CD163;PARK7;STAT3,GO:BP,Training_CR
GOBP_AUTOPHAGY_OF_MITOCHONDRION,0.12829324169530354,0.8204989584747869,0.04948105414134827,0.3684677648552113,1.2906332647926748,36,SLC25A4;ATG7;EIF2S1;FUNDC1;TSPO;FBXO7;SLC25A5;HK2;OPTN;SLC25A46;VDAC1;DNM1L;FUNDC2;GABARAPL2;CDC37;BCL2L13;MFN2;TIGAR;PHB2;NIPSNAP2;STUB1;HTRA2,GO:BP,Training_CR
GOBP_BINDING_OF_SPERM_TO_ZONA_PELLUCIDA,0.1218612818261633,0.8204989584747869,0.0528500333504708,0.5298204074609872,1.3602430982052487,11,VDAC2;CCT5;CCT7;CCT8;ALDOA,GO:BP,Training_CR
GOBP_ENDOTHELIAL_CELL_DEVELOPMENT,0.1288622754491018,0.8204989584747869,0.060532526584625636,-0.4376325383837216,-1.3277594888456175,16,FASN;RAB1B;COL18A1;VCL;GPX1,GO:BP,Training_CR
GOBP_GLYCEROPHOSPHOLIPID_METABOLIC_PROCESS,0.1295,0.8204989584747869,0.04972245535114438,0.38332573090559063,1.2951403086787736,31,LPCAT3;PCYT1A;INPP1;CAPN2;ACSL3;HADHA;MTM1;LPIN1;PIP4K2B;FABP3,GO:BP,Training_CR
GOBP_HORMONE_MEDIATED_SIGNALING_PATHWAY,0.12972835745112973,0.8204989584747869,0.06220121123214926,-0.3390901318807416,-1.2624978448462023,34,UBE3A;RHOA;PGRMC2;CRKL;DDRGK1;RWDD1;WBP2;LANCL2;PARK7;ACSL1;UFM1;PAK1;UFSP2;CSNK2B;DEFA3;PTPN11;SLC27A1;RELA,GO:BP,Training_CR
GOBP_LONG_CHAIN_FATTY_ACID_IMPORT_INTO_CELL,0.1295053003533569,0.8204989584747869,0.05131600556182409,0.5397558217947268,1.3452263253216419,10,EPRS1;AKT1;AKT2;ACSL3,GO:BP,Training_CR
GOBP_NATURAL_KILLER_CELL_MEDIATED_IMMUNITY,0.12217194570135746,0.8204989584747869,0.062073182516362464,-0.4492317156565353,-1.3444390204920238,15,TUBB4B;STAT5B;PRDX1;VAMP2,GO:BP,Training_CR
GOBP_NEGATIVE_REGULATION_OF_PROTEIN_LOCALIZATION_TO_NUCLEUS,0.12546040515653775,0.8204989584747869,0.060119921804746214,-0.516103483493409,-1.3665586682089794,10,CTNNA1;PKIA;CD36,GO:BP,Training_CR
GOBP_NEGATIVE_REGULATION_OF_RNA_CATABOLIC_PROCESS,0.12130325814536341,0.8204989584747869,0.05158244164878452,0.41099463511843737,1.316186313598706,25,SYNCRIP;PABPC1;YBX1;DHX9;LRPPRC;MAPK14;YBX3;CSDE1,GO:BP,Training_CR
GOBP_NEUROMUSCULAR_PROCESS,0.12954288483282184,0.8204989584747869,0.048874485355474874,0.3539743679654597,1.2783481807912607,41,GAA;SYNM;DCTN1;TNNT3;TNNC2;TTN;TCAP;VPS35;MYH8;TNNI2;TNNI1;OPA3;MYH7;TNNT1;HEXB;EEF2;DMD;TNNC1;ACTN3;C12orf57,GO:BP,Training_CR
GOBP_ORGANELLE_FUSION,0.13067436368407243,0.8204989584747869,0.06305179095809967,-0.32301015692913815,-1.256541079841527,41,ATL3;RAB2A;RAB7A;VAMP2;STX4,GO:BP,Training_CR
GOBP_PHENOL_CONTAINING_COMPOUND_METABOLIC_PROCESS,0.1312987934705465,0.8204989584747869,0.05954383670265279,-0.464100273169325,-1.3294052933840432,13,MAOA;FAH;ALDH2;DDT;PARK7;MAOB;HPRT1,GO:BP,Training_CR
GOBP_POSITIVE_REGULATION_OF_CALCIUM_ION_TRANSPORT,0.12729098669344716,0.8204989584747869,0.062459499010238485,-0.3716407082377423,-1.293952822976966,26,MYLK;ATP2B1;PPP3CB;CACNB3;PPP3R1;STAC3;G6PD;SRI;CAV1,GO:BP,Training_CR
GOBP_POSITIVE_REGULATION_OF_CELL_GROWTH,0.12474949899799599,0.8204989584747869,0.06305179095809967,-0.3479057763841067,-1.2792394116121466,32,MAP1B;EIF4G2;ACSL4;NRP1;SDCBP;CFL1;S100A9;YAP1;S100A8;CD38;H3-3A;MTPN;PAK1,GO:BP,Training_CR
GOBP_POSITIVE_REGULATION_OF_INSULIN_SECRETION_INVOLVED_IN_CELLULAR_RESPONSE_TO_GLUCOSE_STIMULUS,0.12937384898710866,0.8204989584747869,0.05914958934403785,-0.5125496135430212,-1.3571485945673203,10,STX4;PPP3CB;MPC2;PHPT1;OXCT1;RAC1;DYNLL1,GO:BP,Training_CR
GOBP_POSITIVE_REGULATION_OF_LYMPHOCYTE_DIFFERENTIATION,0.1252679209335556,0.8204989584747869,0.06125857102815924,-0.44821484188960853,-1.3413957697073524,15,HLA-DRA;STAT5B;CD74;RHOA,GO:BP,Training_CR
GOBP_REGULATION_OF_ALCOHOL_BIOSYNTHETIC_PROCESS,0.13044232437120554,0.8204989584747869,0.05061118949655106,0.5066774439872475,1.3370100902494484,12,LPCAT3;MAPK1;KPNB1;PRKAA1;APOE,GO:BP,Training_CR
GOBP_REGULATION_OF_BLOOD_PRESSURE,0.12593890836254382,0.8204989584747869,0.06272080965934694,-0.3598225586724856,-1.2874956862400058,29,SOD1;CPA3;RHOA;ATP2B1;ERAP1;ADH5;HBB;GSK3A;GNA13;MME,GO:BP,Training_CR
GOBP_REGULATION_OF_MULTICELLULAR_ORGANISM_GROWTH,0.1308256446652472,0.8204989584747869,0.05965782560574734,-0.464374285993832,-1.3301901972516217,13,SOD1;STAT5B;GNAS;FXN;STAT3,GO:BP,Training_CR
GOBP_RENAL_SYSTEM_PROCESS,0.130615234375,0.8204989584747869,0.06071178617529305,-0.38669634287719745,-1.3071461300480882,23,RHOA;MCAM;OXSR1;GNAS;HBB;IGHA2,GO:BP,Training_CR
GOBP_RESPONSE_TO_ACTIVITY,0.120832288794184,0.8204989584747869,0.06414475010545988,-0.3719934130831037,-1.306519966765163,27,DAG1;HADH;SMTNL1;PRKAA2;ITGB1;CFL1;CAT;ADSS1;GCLC;RBP4,GO:BP,Training_CR
GOBP_UNSATURATED_FATTY_ACID_BIOSYNTHETIC_PROCESS,0.1312987934705465,0.8204989584747869,0.05954383670265279,-0.46411415071329126,-1.329445045311535,13,SCP2;ACSL4;CD74;HSD17B4;FABP5;PTGES3,GO:BP,Training_CR
GOBP_VASOCONSTRICTION,0.1263307310149042,0.8204989584747869,0.0607718687747803,-0.4666385732432932,-1.3366761995860297,13,SMTNL1;RHOA;ATP2B1;ITGB1;CAV1;CD38,GO:BP,Training_CR
GOBP_AMIDE_METABOLIC_PROCESS,0.1326294952161003,0.8235028441058359,0.07053972885275515,-0.24080676043983582,-1.1762509167499953,132,SOD1;ASAH1;MTHFD1;GGT5;CPA3;FASN;SHMT1;HMGCS2;GLO1;ACSS2;IDH1;ACSL4;GSTP1;ACOT2;PIN1;PRKCD;AGMAT;PGK1;CBR4;RTN4;ASS1;CD36;NT5C1A;HSD17B4;RTN2;ACOT1;G6PD,GO:BP,Training_CR
GOBP_AMYLOID_FIBRIL_FORMATION,0.1341581756428918,0.8235028441058359,0.05965782560574734,-0.4038896979995181,-1.30744622307637,20,PFDN1;VBP1;FKBP1A;CRYAB;CD36;EMD,GO:BP,Training_CR
GOBP_CELLULAR_RESPONSE_TO_XENOBIOTIC_STIMULUS,0.13353643056613354,0.8235028441058359,0.06125857102815924,-0.33561398279230953,-1.260202476323946,35,ACAA1;GSTP1;AOX1;ALDH2;PRKAA2;EPHX1;CRKL;GUK1;GSTM4;ADSS1;AKR1C1;ACSL1;ABHD10;GSTM2;GSTO1;GSTM1,GO:BP,Training_CR
GOBP_HYDROGEN_PEROXIDE_CATABOLIC_PROCESS,0.1331736526946108,0.8235028441058359,0.05948706873132018,-0.43600064338607264,-1.3228083851732753,16,PRDX1;PRDX6;HBB;HBA1;CAT;GPX3;MPO;GPX1;PRDX2,GO:BP,Training_CR
GOBP_POSITIVE_REGULATION_OF_INTRINSIC_APOPTOTIC_SIGNALING_PATHWAY,0.13390722142515543,0.8235028441058359,0.05926149100504273,-0.42688133582108706,-1.3142409539010846,17,SOD1;PRKRA;RPS7;S100A9;CAV1;BCAP31;EIF5A;PARK7;S100A8,GO:BP,Training_CR
GOBP_REGULATION_OF_INFLAMMATORY_RESPONSE,0.1356022334485509,0.8294256752630446,0.06226550301967834,-0.30695854368623365,-1.2391966139504156,48,SOD1;STAT5B;LGALS1;VAMP2;GSTP1;PRKCD;CD81;GNAS;S100A9;DDT;FABP4;GPX1;PARK7;STAT3;S100A8;KRT1;VAMP3,GO:BP,Training_CR
GOBP_CALCIUM_ION_IMPORT,0.1393081030879963,0.8300529010238908,0.05712892617858794,-0.4849518728432875,-1.321220849024195,11,CACNA1S;PPP3CB;PPP3R1,GO:BP,Training_CR
GOBP_CARDIAC_CELL_DEVELOPMENT,0.13966386554621849,0.8300529010238908,0.04793784454378861,0.40832908682200497,1.2932638665221816,24,CSRP3;COL14A1;PLEC;TTN;TCAP;MYH11;NEB;TOMM70;ACTN2;PDLIM5,GO:BP,Training_CR
GOBP_EXTRACELLULAR_VESICLE_BIOGENESIS,0.13968853232656914,0.8300529010238908,0.057538427241545356,-0.44905514935664415,-1.3161525608501052,14,RAB7A;SDCBP;CHMP3;CHMP6;VPS4B;HGS,GO:BP,Training_CR
GOBP_HORMONE_TRANSPORT,0.1390302705598714,0.8300529010238908,0.06169347111250783,-0.3049217773591837,-1.233312755849461,49,HADH;EIPR1;VAMP2;STX4;ACSL4;CPT1A;GNAS;PPP3CB;SRI;ENSA;PARK7;RBP4;CD38;VAMP3;MPC2;PTPN11;PHPT1;OXCT1;RAC1;PFKFB2;TARDBP;UQCC2;DYNLL1;JAGN1,GO:BP,Training_CR
GOBP_LAMELLIPODIUM_ORGANIZATION,0.13817878028404343,0.8300529010238908,0.04806418603462517,0.40376647200642457,1.2930385434149205,25,ABLIM2;FSCN1;ARPC2;CAPZB;ACTR3;ACTR2;CD44;TWF2,GO:BP,Training_CR
GOBP_MITOPHAGY,0.13983333333333334,0.8300529010238908,0.04768779743260155,0.3787983646636533,1.2798437239746054,31,SLC25A4;ATG7;EIF2S1;FUNDC1;TSPO;FBXO7;SLC25A5;HK2;OPTN;VDAC1;DNM1L;GABARAPL2;CDC37;BCL2L13;MFN2;TIGAR;PHB2;NIPSNAP2;STUB1;HTRA2,GO:BP,Training_CR
GOBP_NEGATIVE_REGULATION_OF_COAGULATION,0.1383960255500355,0.8300529010238908,0.05790347029013962,-0.46008520188779634,-1.317904207684335,13,PRKCD;PROS1;PRKG1;KRT1;CD9;ANXA5,GO:BP,Training_CR
GOBP_POSITIVE_REGULATION_OF_POST_TRANSLATIONAL_PROTEIN_MODIFICATION,0.1366816591704148,0.8300529010238908,0.06000346547780699,-0.3475372590512935,-1.2671453302459266,31,UBE3A;DCUN1D1;UBE2V2;UBE2D1;PDCD6;UBE2N,GO:BP,Training_CR
GOBP_PROTEIN_DEPHOSPHORYLATION,0.1401360544217687,0.8300529010238908,0.04815952745077677,0.4288494471563631,1.298943223209915,20,PPP1CB;PDP1;PPP1CA;PPP2R2A;PPP2CB;MTM1;PPP1CC;PPP5C;PPP3CA;TIMM50;PPP2CA,GO:BP,Training_CR
GOBP_RESPONSE_TO_MECHANICAL_STIMULUS,0.1405,0.8300529010238908,0.04756407101582593,0.37839967188195034,1.2784966631051384,31,CSRP3;CRADD;CAPN2;PLEC;COL1A1;TTN;TCAP;JUP;MAPK14;MAP2K4;GOT1,GO:BP,Training_CR
GOBP_POSITIVE_REGULATION_OF_VASCULATURE_DEVELOPMENT,0.1412770236299648,0.8318045166784662,0.05914958934403785,-0.3580065899842898,-1.2683292533811021,28,ECM1;RRAS;PDCD6;NRP1;ANXA3;RTN4;ITGB1;ERAP1;HMGB1,GO:BP,Training_CR
GOBP_INTERLEUKIN_1_PRODUCTION,0.14179362880886426,0.8320161744682848,0.04831955820606266,0.4880296248288682,1.3170866809461912,13,SERPINB1;HK1;S100A13,GO:BP,Training_CR
GOBP_MALE_SEX_DIFFERENTIATION,0.14323353293413174,0.834836877594761,0.05723054625805836,-0.4315039538543268,-1.3091656103096447,16,CTNNA1;STAT5B;HSD17B4;CRKL;HMGB2;RBP4;H3-3A,GO:BP,Training_CR
GOBP_NEGATIVE_REGULATION_OF_SUPRAMOLECULAR_FIBER_ORGANIZATION,0.14323890967397113,0.834836877594761,0.0606518687881186,-0.3014519542231004,-1.2264864036115992,50,MAP1B;PFDN1;TUBB4A;LMOD3;VBP1;HDGFL3;PRKCD;STMN1;CRYAB,GO:BP,Training_CR
GOBP_CHROMOSOME_SEGREGATION,0.1444321940463065,0.8384976052190373,0.04541883457993111,0.32327609083445075,1.2422869569136203,56,USP9X;DRG1;DYNC1H1;RPS3;ACTR3;PPP2R1A;TTN;MAP1S;KPNB1;ACTR2;EML4;PPP2R2A;DYNC1LI1;DDX3X;PPP1CC,GO:BP,Training_CR
GOBP_LYMPHOCYTE_ACTIVATION_INVOLVED_IN_IMMUNE_RESPONSE,0.14677341096555072,0.8384976052190373,0.056877039202017136,-0.3974566660911228,-1.28662161845481,20,HLA-DRA;LGALS1;VAMP2;CD74;CD81;HMGB1;DDRGK1;AP1G1,GO:BP,Training_CR
GOBP_NEGATIVE_REGULATION_OF_TRANSLATION,0.14646214745175656,0.8384976052190373,0.046228538219557885,0.3638645481872393,1.262325373775272,35,MRPL13;SYNCRIP;ANG;EPRS1;YBX1;RPS3;EIF2S1;DDX3X;IGFBP5;GAPDH;SERBP1;ILF3;PURA;RACK1,GO:BP,Training_CR
GOBP_NON_PROTEINOGENIC_AMINO_ACID_METABOLIC_PROCESS,0.14586322333811574,0.8384976052190373,0.056628191923763345,-0.4215771674484205,-1.297910993519151,17,KYAT1;MTHFD1;ALDH1A1;MPST;ASS1,GO:BP,Training_CR
GOBP_POSITIVE_REGULATION_OF_INTERLEUKIN_8_PRODUCTION,0.14525668322687485,0.8384976052190373,0.056431261134404075,-0.4564137458836397,-1.3073874005878399,13,CD74;HMGB1;PARK7;STAT3;RELA;CD58;HSPA1A,GO:BP,Training_CR
GOBP_PROTEIN_N_LINKED_GLYCOSYLATION,0.14664127423822715,0.8384976052190373,0.047441195780349006,0.4847399432063126,1.3082085398883798,13,MOGS;PMM2;DAD1;STT3A;OSTC;STT3B;RPN2;DDOST,GO:BP,Training_CR
GOBP_MODULATION_BY_HOST_OF_VIRAL_PROCESS,0.14765420338175755,0.8407546909665209,0.056139371240248245,-0.4363718332760926,-1.3059525844977677,15,PC;FASN;PAIP1;CFL1;PSMC3,GO:BP,Training_CR
GOBP_EMBRYONIC_ORGAN_DEVELOPMENT,0.14933600601353045,0.8416572606756124,0.05733266698716463,-0.33745279586551885,-1.2483340041717186,33,SOD1;MTHFD1;KRT19;COBL;TUBB2B;PRKRA;RAD23B;TMED2;DNAJB6;YAP1;RBP4;FBN1,GO:BP,Training_CR
GOBP_MEIOTIC_CELL_CYCLE_PROCESS,0.14975761772853186,0.8416572606756124,0.04689852694791824,0.48297041526473483,1.3034329656919743,13,ACTR3;PPP2R1A;ACTR2;DDB1;RAB24,GO:BP,Training_CR
GOBP_PEPTIDYL_TYROSINE_MODIFICATION,0.1490650969529086,0.8416572606756124,0.047017692971268996,0.4832537148744126,1.304197530225848,13,IL18;PDCL3;VPS25;THBS4;MVP,GO:BP,Training_CR
GOBP_POSITIVE_REGULATION_OF_TOR_SIGNALING,0.14833448993754336,0.8416572606756124,0.0471979591200671,0.47475014109170355,1.3073525368529364,14,USP9X;AKT1;LAMTOR2;LARS1;OTUB1,GO:BP,Training_CR
GOBP_FIBROBLAST_PROLIFERATION,0.1504015575565831,0.8425407641761985,0.056236205398971784,-0.39022089367987567,-1.2822521620365133,21,CD248;GNG2;PRDX1;CD74;GSTP1;EMD;CAV1;DAZAP1;GPX1,GO:BP,Training_CR
GOBP_ACTION_POTENTIAL,0.15139342204368567,0.8447058716053104,0.05697742571120452,-0.36151408600964763,-1.25869465257524,26,SCN1B;SOD1;SLMAP;YWHAE;CACNB3;CD36;CALM1;CAV1,GO:BP,Training_CR
GOBP_ANTIGEN_PROCESSING_AND_PRESENTATION,0.15567811481574328,0.8447058716053104,0.05609112596238862,-0.3552399307911941,-1.247678174525319,27,RAB5B;HLA-DRA;CD74;RAB10;ERAP1;CTSD,GO:BP,Training_CR
GOBP_CELLULAR_PIGMENTATION,0.15715539947322213,0.8447058716053104,0.04602961131029092,0.506449945083107,1.3002425589589046,11,AP1B1;DCTN1;AP1M1,GO:BP,Training_CR
GOBP_MAINTENANCE_OF_CELL_NUMBER,0.1541676340840492,0.8447058716053104,0.05411863743308816,-0.4784493484187796,-1.30350513057449,11,PELO;RBBP7;TPT1;ELAVL1;YAP1;STAT3,GO:BP,Training_CR
GOBP_MYELOID_LEUKOCYTE_DIFFERENTIATION,0.15957181976599452,0.8447058716053104,0.055149552408858535,-0.3626937616591551,-1.2525446823490938,25,FASN;PRXL2A;GLO1;CD74;CD81,GO:BP,Training_CR
GOBP_NEGATIVE_REGULATION_OF_CELL_CYCLE,0.15816666666666668,0.8447058716053104,0.04456739651093154,0.3718296988424381,1.256298735274145,31,FHL1;TIPRL;CUL4A;GPNMB;BABAM2;NAA10;MAPK14;DYNC1LI1;FBXO7,GO:BP,Training_CR
GOBP_NEGATIVE_REGULATION_OF_GROWTH,0.15842329902083857,0.8447058716053104,0.05561486447930706,-0.3591847063503577,-1.2505843801559033,26,SESN1;ENO1;RBBP7;NRP1;GNAS;CRYAB;RTN4;CFL1;G6PD;FXN;GSK3A,GO:BP,Training_CR
GOBP_NEGATIVE_REGULATION_OF_MRNA_METABOLIC_PROCESS,0.15862183754993342,0.8447058716053104,0.04446389088019696,0.3791013967625563,1.26195209428218,29,SYNCRIP;PABPC1;YBX1;DHX9;MAPK14;YBX3;SRSF7;RBMX;CSDE1,GO:BP,Training_CR
GOBP_NUTRIENT_STORAGE,0.15447154471544716,0.8447058716053104,0.054920869974913786,-0.4162434142931317,-1.2814899503709503,17,STAT5B;CES1;CPT1A;CD36;EHD1;PLIN2;CAV1;FITM1;NPC2,GO:BP,Training_CR
GOBP_POSITIVE_REGULATION_OF_AUTOPHAGY,0.1549554273728369,0.8447058716053104,0.057590186832974725,-0.3132264892856773,-1.2254205400740126,42,PAFAH1B2;SESN1;PRKAA2;EPM2A;PLEKHF1;HMGB1;DDRGK1;ENDOG;ATP5IF1;GSK3A;ELAVL1;FYCO1;HUWE1;PARK7;DEPTOR,GO:BP,Training_CR
GOBP_POSITIVE_REGULATION_OF_EXOCYTOSIS,0.15938864628820962,0.8447058716053104,0.05442678567563595,-0.3916634703966136,-1.2678682512165662,20,RAB7A;STX4;SDCBP;AP1G1;CLASP2;VPS4B;HGS;RAB2B;CHMP2A,GO:BP,Training_CR
GOBP_POSITIVE_REGULATION_OF_MONOATOMIC_ION_TRANSMEMBRANE_TRANSPORT,0.15607803901950976,0.8447058716053104,0.05594707183899372,-0.3437244410875092,-1.241510940394662,30,SCN1B;FXYD1;PPP3CB;CACNB3;PPP3R1;STAC3;G6PD;SRI;CAV1,GO:BP,Training_CR
GOBP_REGULATION_OF_CELLULAR_RESPONSE_TO_GROWTH_FACTOR_STIMULUS,0.1595381789556547,0.8447058716053104,0.05672737006251014,-0.3134218540536377,-1.2192416445433607,41,PELO;NGLY1;UBE2D1;RBBP7;PDCD6;PIN1;NRP1;FKBP1A;ITGB1;SDCBP,GO:BP,Training_CR
GOBP_REGULATION_OF_MONONUCLEAR_CELL_MIGRATION,0.15417397844071196,0.8447058716053104,0.05638232260215184,-0.3559938871196207,-1.2503262294706852,27,CD99L2;ECM1;RHOA;CD81;OXSR1;RTN4;HMGB1;CRKL;DDT;P4HB,GO:BP,Training_CR
GOBP_REGULATION_OF_MYOBLAST_DIFFERENTIATION,0.15830388692579506,0.8447058716053104,0.04600137753727824,0.5226375294864679,1.3025626308735652,10,IL18;CSRP3;MAPK14;MUSTN1;CAPN3,GO:BP,Training_CR
GOBP_RESPONSE_TO_CARBOHYDRATE,0.15607551183195958,0.8447058716053104,0.057798519576311866,-0.301676111788805,-1.2178713507988923,48,MAP1B;HMGCS2;VAMP2;STX4;ME1;GSTP1;PRKAA2;PPP3CB;SRI;ENDOG;SGCB;CAT;ELAVL1;COL6A2;GCLC;GPX1;MPC2;PHPT1;OXCT1;RAC1;GLUL;PFKFB2,GO:BP,Training_CR
GOBP_RNA_MODIFICATION,0.15647079097018785,0.8447058716053104,0.045666101373129785,0.45916809866621283,1.288090231848174,15,SYNCRIP;SNRPB;AKT1;SARS1,GO:BP,Training_CR
GOBP_STEROID_HORMONE_RECEPTOR_SIGNALING_PATHWAY,0.156494140625,0.8447058716053104,0.055149552408858535,-0.3764890604641422,-1.272642546162967,23,UBE3A;RHOA;PGRMC2;DDRGK1;RWDD1;WBP2;PARK7;UFM1;PAK1;UFSP2;DEFA3,GO:BP,Training_CR
GOBP_PHOSPHOLIPID_BIOSYNTHETIC_PROCESS,0.1603166749134092,0.8460614764485102,0.04398069466811599,0.3625576909748039,1.2513316659678622,34,LPCAT3;PCYT1A;PMVK;INPP1;FITM2;CAPN2;ACSL3;MTM1;LPIN1;PIP4K2B;FABP3,GO:BP,Training_CR
GOBP_ACTIN_MEDIATED_CELL_CONTRACTION,0.16181019046068695,0.848767999052876,0.04343799861964927,0.35204345433557094,1.24096112941731,37,CAMK2D;MYL1;MYH2;TPM1;TTN;TCAP;JUP;ATP1A1;MYH8;BIN1,GO:BP,Training_CR
GOBP_REGULATION_OF_IMMUNE_EFFECTOR_PROCESS,0.1616490371575807,0.848767999052876,0.05733266698716463,-0.28701945868080586,-1.193736829584329,55,HLA-DRA;STAT5B;LGALS1;STX4;CD74;USP5;CD81;PPP3CB;RTN4;FCN3;CD36;HMGB1;S100A9;DDRGK1;AP1G1;RBP4;VAMP3;B2M,GO:BP,Training_CR
GOBP_ACIDIC_AMINO_ACID_TRANSPORT,0.17081031307550645,0.8595863865728269,0.05097885897178931,-0.48786257246682746,-1.2917812970115103,10,SLC1A4;EPM2A;ITGB1;PRKG1,GO:BP,Training_CR
GOBP_ACTIN_FILAMENT_POLYMERIZATION,0.16985376827896512,0.8595863865728269,0.041975396611766476,0.3318369035106279,1.221148540054893,45,DIAPH2;ARPC2;TMOD4;ANG;ARF6;CAPZB;CAPZA2;ARPC4;TMOD3;MSRB2;TMOD1;BIN1;TWF2;SVIL;CAPG;ARPC3,GO:BP,Training_CR
GOBP_ALPHA_AMINO_ACID_METABOLIC_PROCESS,0.1646655231560892,0.8595863865728269,0.05838235903112281,-0.27358358423600865,-1.1817820848916858,67,KYAT1;MTHFD1;SHMT1;QDPR;FAH;MPST;HNMT;ALDH6A1;AGMAT;ENOPH1;ASS1;GPT2;BCAT2;APIP;SHMT2;HMGCL;PFAS;P4HB;ADSS1;GCLC;ACAD8;PARK7;ACADSB;PCBD1;MCCC2;HIBADH,GO:BP,Training_CR
GOBP_CEREBRAL_CORTEX_DEVELOPMENT,0.17181796057434898,0.8595863865728269,0.05236484601420541,-0.38119356860235304,-1.2525886886409656,21,TACC2;TUBB2B;RHOA;YWHAE;RTN4;CRKL,GO:BP,Training_CR
GOBP_CHLORIDE_TRANSPORT,0.17158114697004875,0.8595863865728269,0.051090574302609014,-0.4672442019418455,-1.2729774143809298,11,FXYD1;SLC1A4;CA2;CLCC1,GO:BP,Training_CR
GOBP_COGNITION,0.167145468790807,0.8595863865728269,0.05519560306886969,-0.31487291259305616,-1.2160969127610899,40,PRKAR2B;HLA-DRA;ACSS2;SLC1A4;GNAS;PPP3CB;EPM2A;ITGB1;S100B;MME;CYFIP1,GO:BP,Training_CR
GOBP_DENDRITE_DEVELOPMENT,0.16938110749185667,0.8595863865728269,0.0536013074154146,-0.3310927881275217,-1.224806524111067,33,MAP1B;CAPRIN1;GPX4;COBL;NRP1;ITGB1;CFL1;CRKL;PRKG1,GO:BP,Training_CR
GOBP_DEVELOPMENTAL_GROWTH_INVOLVED_IN_MORPHOGENESIS,0.16552424473216554,0.8595863865728269,0.054649854011676484,-0.32450259303755796,-1.2184801357711577,35,MAP1B;COBL;NRP1;PPP3CB;RTN4;ITGB1;CFL1;S100B;PRKG1;YAP1;CYFIP1;PPP2R3A;CLASP2;VCL;CTTN;PAK1,GO:BP,Training_CR
GOBP_ENDOSOME_TO_LYSOSOME_TRANSPORT,0.16766467065868262,0.8595863865728269,0.052605918148347655,-0.4201226391955214,-1.2746351601982853,16,RAB12;RAB7A;PLEKHF1;CHMP3;CHMP6;VCP;VPS4B,GO:BP,Training_CR
GOBP_GLAND_MORPHOGENESIS,0.16820440028388928,0.8595863865728269,0.052166230878795496,-0.4447181605840828,-1.2738856469683524,13,DAG1;NRP1;RTN4;CRIP1;CAV1,GO:BP,Training_CR
GOBP_POSITIVE_REGULATION_OF_INTRACELLULAR_PROTEIN_TRANSPORT,0.17035775127768313,0.8595863865728269,0.052605918148347655,-0.3819178740614674,-1.2549687309604989,21,VAMP2;PRKCD;CD81;YWHAE;EMD;BCAP31;RAN;HSP90AA1;TRIM28;TARDBP,GO:BP,Training_CR
GOBP_PROTEIN_HOMOTETRAMERIZATION,0.1715186802523047,0.8595863865728269,0.05232495865480885,-0.3867644000646026,-1.252009290134125,20,ALDH9A1;SHMT1;ME1;CBR4;APIP;SHMT2,GO:BP,Training_CR
GOBP_REGULATION_OF_LIPID_STORAGE,0.16597605893186004,0.8595863865728269,0.05177506345682876,-0.4915433966152437,-1.3015275248651252,10,CES1;CPT1A;CD36;EHD1;PLIN2,GO:BP,Training_CR
GOBP_REGULATION_OF_TRANSMEMBRANE_RECEPTOR_PROTEIN_SERINE_THREONINE_KINASE_SIGNALING_PATHWAY,0.17034780401117033,0.8595863865728269,0.053815213739216355,-0.32318691645895825,-1.213539880098262,35,PELO;NGLY1;UBE2D1;RBBP7;PIN1;FKBP1A;SDCBP;CRKL;NUP93;CAV1,GO:BP,Training_CR
GOBP_REGULATION_OF_WOUND_HEALING,0.16846598041677127,0.8595863865728269,0.053815213739216355,-0.3553655734982033,-1.2372871884709495,26,MYLK;PRKCD;ITGB1;CD36;PROS1;HMGB1;PRKG1;CAV1;CLASP2;KRT1;DMTN;CD9;PRDX2;FERMT2,GO:BP,Training_CR
GOBP_SYMBIONT_ENTRY_INTO_HOST,0.17075613420130195,0.8595863865728269,0.05334765892179997,-0.3396554064642253,-1.2153347812437338,29,DAG1;LGALS1;CD74;NRP1;CD81;ITGB1;RPSA;HMGB1;CAV1;P4HB,GO:BP,Training_CR
GOBP_CHAPERONE_MEDIATED_PROTEIN_COMPLEX_ASSEMBLY,0.17348551360842845,0.86327498998397445,0.04358427184298147,0.49805309138682746,1.2786847591343584,11,LONP1;HSP90AB1,GO:BP,Training_CR
GOBP_LIPID_IMPORT_INTO_CELL,0.17418788410886743,0.86327498998397445,0.04348661421498228,0.497548609029159,1.277389568093165,11,EPRS1;AKT1;AKT2;ACSL3,GO:BP,Training_CR
GOBP_MORPHOGENESIS_OF_A_BRANCHING_STRUCTURE,0.17417489761503252,0.86327498998397445,0.05169778104977241,-0.3932614091568272,-1.2534971511785866,19,DAG1;NRP1;RTN4;TMED2;PPP3R1;COL4A1;GNA13;YAP1,GO:BP,Training_CR
GOBP_NEURON_MIGRATION,0.175048828125,0.86327498998397445,0.051930572739816244,-0.36800750022888984,-1.2439724052565642,23,MAP1B;TUBB2B;RHOA;NRP1;YWHAE;CRKL;PRKG1,GO:BP,Training_CR
GOBP_REGULATION_OF_LAMELLIPODIUM_ORGANIZATION,0.17487855655794587,0.86327498998397445,0.043101603890193116,0.4619400306396901,1.2720764432886562,14,FSCN1;ARPC2;ACTR3;ACTR2;CD44;TWF2,GO:BP,Training_CR
GOBP_MITOCHONDRIAL_TRANSPORT,0.1762650053183407,0.8668031937671811,0.03983629918878935,0.29538089505311976,1.1919436377193615,72,SLC41A3;SLC25A3;NDUFA13;AGK;SLC25A4;VDAC2;PMPCB;SFXN1;SLC25A6;SLC25A20;SAMM50;MCU;TIMM44;VPS35;CPT2;TOMM70;TOMM22;GRPEL1;SLC25A5;HK2;SLC25A46;TIMM50;PPIF;SLC25A13,GO:BP,Training_CR
GOBP_CARDIAC_MYOFIBRIL_ASSEMBLY,0.1773851590106007,0.8678419509549714,0.04319702459861414,0.512674030889032,1.2777307345523552,10,CSRP3;TTN;TCAP;NEB;ACTC1,GO:BP,Training_CR
GOBP_INTEGRIN_MEDIATED_SIGNALING_PATHWAY,0.17848164906988437,0.8678419509549714,0.052205790150485085,-0.3434936861097758,-1.2169136061541563,28,CTNNA1;ITGA6;ITGA7;NRP1;ITGB1;LAMB1;CUL3;FERMT2;ITGA1;PTPN11;ZYX;TLN1;ILK;CDC42,GO:BP,Training_CR
GOBP_MYOBLAST_FUSION,0.17840699815837938,0.8678419509549714,0.04979201058166104,-0.48403537213604775,-1.2816474886682732,10,CACNA1S;CD81;ITGB1;EHD1;EHD2,GO:BP,Training_CR
GOBP_SYNCYTIUM_FORMATION,0.17840699815837938,0.8678419509549714,0.04979201058166104,-0.48403537213604775,-1.2816474886682732,10,CACNA1S;CD81;ITGB1;EHD1;EHD2,GO:BP,Training_CR
GOBP_DEOXYRIBONUCLEOTIDE_METABOLIC_PROCESS,0.1812159924296191,0.8747581406323738,0.05010828060671096,-0.4386719816297999,-1.2565664968379704,13,SHMT1;DERA;NT5C1A;GUK1;DCTPP1;NUDT16;TYMP,GO:BP,Training_CR
GOBP_ESTABLISHMENT_OF_ENDOTHELIAL_BARRIER,0.18050967437470505,0.8747581406323738,0.050143756472362584,-0.45317642480469805,-1.262718562830847,12,FASN;RAB1B,GO:BP,Training_CR
GOBP_MRNA_EXPORT_FROM_NUCLEUS,0.18145351580934402,0.8747581406323738,0.05000225731437199,-0.42698363550917606,-1.2514623340176048,14,DDX19B;ALYREF;NUP93;HNRNPA2B1,GO:BP,Training_CR
GOBP_PROTEINOGENIC_AMINO_ACID_BIOSYNTHETIC_PROCESS,0.18192543652666351,0.8747581406323738,0.04993190986140309,-0.4267102923393251,-1.2506611822804392,14,MTHFD1;SHMT1;ENOPH1;ASS1;APIP;SHMT2,GO:BP,Training_CR
GOBP_MONOSACCHARIDE_BIOSYNTHETIC_PROCESS,0.18346721948691372,0.8786287409952561,0.05228515375074276,-0.31634127546941115,-1.2011007446037387,37,SORD;PGAM1;GPD1;PC;PFKFB1;ENO1;ARPP19;PGK1;G6PD;PGD,GO:BP,Training_CR
GOBP_POSITIVE_REGULATION_OF_MITOTIC_CELL_CYCLE_PHASE_TRANSITION,0.18374558303886926,0.8786287409952561,0.042357435191322984,0.5094364332534606,1.2696617126088992,10,AKT1;CUL4A;TMOD3;DDX3X,GO:BP,Training_CR
GOBP_NEGATIVE_REGULATION_OF_DEVELOPMENTAL_GROWTH,0.18428504011326097,0.8787807284739799,0.04958412531380979,-0.4511928702809391,-1.2571916400245315,12,NRP1;GNAS;RTN4;CFL1;G6PD;FXN;GSK3A;RBP4;PAK1,GO:BP,Training_CR
GOBP_ALCOHOL_BIOSYNTHETIC_PROCESS,0.19512827157294635,0.886482776469633,0.05057481533863819,-0.31267722082826066,-1.1871888744210564,37,ASAH1;LSS;SCP2;CES1;HMGCS2;QDPR;PRKAA2;IDI1;G6PD;PRKG1,GO:BP,Training_CR
GOBP_ALPHA_BETA_T_CELL_DIFFERENTIATION,0.1880766501064585,0.886482776469633,0.04910799299783423,-0.4344198880941368,-1.2443864659673307,13,HLA-DRA;LGALS1;RHOA;HMGB1;STAT3;CBFB,GO:BP,Training_CR
GOBP_AMINO_ACID_BIOSYNTHETIC_PROCESS,0.19080068143100512,0.886482776469633,0.04948105414134827,-0.3739627037750088,-1.2288283205816832,21,MTHFD1;SHMT1;ALDH1A1;ENOPH1;ASS1;BCAT2;APIP;SHMT2,GO:BP,Training_CR
GOBP_APOPTOTIC_MITOCHONDRIAL_CHANGES,0.19665475803832413,0.886482776469633,0.03887547499934054,0.3348855582857502,1.1953677405461935,39,FAM162A;SLC25A4;VDAC2;AKT1;FIS1;SLC25A6;VPS35;PPP2CB;SLC25A5;HK2;TIMM50;PPIF;DNM1L;MTCH2;BAX;PYCARD;HSPD1;GHITM,GO:BP,Training_CR
GOBP_BIOLOGICAL_PROCESS_INVOLVED_IN_INTERACTION_WITH_HOST,0.1955531743905706,0.886482776469633,0.051429735126524746,-0.28966969881407034,-1.171622891695389,49,DAG1;PC;LGALS1;RAB7A;CD74;NRP1;CD81;ITGB1;RPSA;HMGB1;CAV1;CHMP3;P4HB;CHMP6;PPIA;SCARB2;VPS4B,GO:BP,Training_CR
GOBP_CARBOHYDRATE_DERIVATIVE_TRANSPORT,0.19219427580225498,0.886482776469633,0.04088047600525247,0.4757945123517362,1.255516841037033,12,SLC25A42;SLC25A4;PLTP;SLC25A6,GO:BP,Training_CR
GOBP_CELL_CYCLE_G1_S_PHASE_TRANSITION,0.19124500665778962,0.886482776469633,0.040051507693587673,0.3662349159238147,1.2191221744265663,29,FHL1;GSPT1;AKT1;APPL1;CUL4A;GPNMB;DDX3X;FBXO7;PPP3CA;CUL5;CUL1;PPP2CA,GO:BP,Training_CR
GOBP_INFLAMMATORY_RESPONSE_TO_ANTIGENIC_STIMULUS,0.18973267092500593,0.886482776469633,0.048874485355474874,-0.4337802344345844,-1.2425541917582803,13,CD81;GNAS;HMGB1;HMGB2;GPX1;PARK7,GO:BP,Training_CR
GOBP_INTRA_GOLGI_VESICLE_MEDIATED_TRANSPORT,0.186990459670425,0.886482776469633,0.04151551899371776,0.47803571248636195,1.2614308741755171,12,TRAPPC3;COPE;COPA;COPB1;RAB6A;GOSR2;GABARAPL2,GO:BP,Training_CR
GOBP_LEUKOCYTE_MEDIATED_CYTOTOXICITY,0.1942842817748809,0.886482776469633,0.04979201058166104,-0.3427889827831031,-1.2039477975734787,27,TUBB4B;HLA-DRA;STAT5B;PRDX1;VAMP2,GO:BP,Training_CR
GOBP_LYMPHOCYTE_MEDIATED_IMMUNITY,0.19489880787357916,0.886482776469633,0.052485005744846026,-0.2751820143497347,-1.1600837245115219,59,TUBB4B;HLA-DRA;STAT5B;PRDX1;VAMP2;CD74;PRKCD;USP5;CD81;PPP3CB,GO:BP,Training_CR
GOBP_MEMBRANE_BIOGENESIS,0.19541946726412746,0.886482776469633,0.04944682482267162,-0.35004211691352555,-1.2088528629016992,25,PACSIN2;STX4;CAV1;CHMP3;CHMP6;NSFL1C;VPS4B;SIRT2;ILK;CHMP2A;CAV2;PEX19;FLOT1,GO:BP,Training_CR
GOBP_MULTICELLULAR_ORGANISM_GROWTH,0.19076999012833168,0.886482776469633,0.04986182818702141,-0.35649546049408065,-1.2194878647510825,24,SOD1;STAT5B;GPX4;GNAS;TMED2;FXN;STAT3;H3-3A,GO:BP,Training_CR
GOBP_OSTEOBLAST_DIFFERENTIATION,0.19657843770174305,0.886482776469633,0.038748118963076505,0.3251779519308631,1.1906115271106112,44,SYNCRIP;AKT1;BCAP29;DHX9;COL1A1;MAPK14;MRC2;TPM4;CLTC;RBMX;IGFBP5;PPP3CA;MAP2K6;IARS1;IGF2,GO:BP,Training_CR
GOBP_POSITIVE_REGULATION_OF_CELL_PROJECTION_ORGANIZATION,0.19066992134526717,0.886482776469633,0.052485005744846026,-0.28148029834157406,-1.1706990197706488,55,MAP1B;SCN1B;PALM;CAPRIN1;ITGA6;COBL;TUBB2B;NRP1,GO:BP,Training_CR
GOBP_PROTEINOGENIC_AMINO_ACID_METABOLIC_PROCESS,0.19454836985569215,0.886482776469633,0.05150593507516143,-0.2877753904444212,-1.170841982377353,50,MTHFD1;SHMT1;QDPR;FAH;HNMT;AGMAT;ENOPH1;ASS1;GPT2;BCAT2;APIP;SHMT2;HMGCL;PFAS;ADSS1;GCLC,GO:BP,Training_CR
GOBP_PROTEIN_INSERTION_INTO_MEMBRANE,0.1941696113074205,0.886482776469633,0.041068366529457286,0.5049555600721671,1.258494091398514,10,GET4;BCS1L;EMC2,GO:BP,Training_CR
GOBP_REGULATION_OF_SYNAPTIC_PLASTICITY,0.19288577154308617,0.886482776469633,0.04996705025811024,-0.3262260306570351,-1.1995236177094302,32,MAP1B;UBE3A;DAG1;VAMP2;STX4;PPP3CB;CALM1;CFL1;S100B;MME,GO:BP,Training_CR
GOBP_RIBOSOME_BIOGENESIS,0.19601381042059007,0.886482776469633,0.03819645427151564,0.30571227403280454,1.1828559140095742,58,RPL27;XRCC5;RPS13;RPLP0;RPS24;RPL11;RPL7;CUL4A;RPS4X;EIF5;RPS9;RPS15A;SNU13;DDX3X;DDX17;RPL5;ABCF1;RPS5;RPS12,GO:BP,Training_CR
GOBP_SULFUR_AMINO_ACID_METABOLIC_PROCESS,0.19659332860184528,0.886482776469633,0.04793784454378861,-0.4302466937769811,-1.2324324402184106,13,MTHFD1;MPST;ENOPH1;TST;APIP;GCLC,GO:BP,Training_CR
GOBP_TELOMERE_ORGANIZATION,0.18818167019371643,0.886482776469633,0.039914216648410286,0.3425347785649115,1.207442832518732,37,XRCC5;APEX1;MAPK1;HSP90AB1;PPP1CA;RUVBL2;CCT5;CCT6A;UCHL5;CCT7;CCT8,GO:BP,Training_CR
GOBP_BARBED_END_ACTIN_FILAMENT_CAPPING,0.197398091934085,0.8874464825407071,0.040269694795322115,0.4736389793829959,1.2498288646661257,12,CAPZB;CAPZA2;TWF2;SVIL;CAPG;CAPZA1;RDX,GO:BP,Training_CR
GOBP_CARDIOCYTE_DIFFERENTIATION,0.19833333333333333,0.8874464825407071,0.039263955135662186,0.35879314305455434,1.2122522037581425,31,MAPK1;CSRP3;COL14A1;PLEC;TTN;TCAP;MYH11;NEB;TOMM70;ACTN2;PDLIM5;CACYBP,GO:BP,Training_CR
GOBP_STEROID_BIOSYNTHETIC_PROCESS,0.1984065792855307,0.8874464825407071,0.04989683590909948,-0.3140788817052683,-1.1846429578478772,36,ASAH1;LSS;SCP2;CES1;HINT2;HMGCS2;PRKAA2;IDI1;G6PD;PRKG1,GO:BP,Training_CR
GOBP_AMINE_METABOLIC_PROCESS,0.2057335581787521,0.8990253569271117,0.04722818236515489,-0.38108425379116656,-1.2146831989196005,19,CHDH;MAOA;HNMT;ALDH2;AGMAT;AOC3;PARK7;MAOB;HPRT1,GO:BP,Training_CR
GOBP_DEFENSE_RESPONSE_TO_GRAM_POSITIVE_BACTERIUM,0.20437704635533344,0.8990253569271117,0.039339066170931865,0.4394722076333439,1.2328379507757752,15,IL18;ANG;CTSG,GO:BP,Training_CR
GOBP_INSULIN_RECEPTOR_SIGNALING_PATHWAY,0.2086522462562396,0.8990253569271117,0.038109308003654044,0.3519829169581013,1.1958696375708773,32,LONP1;MAPK1;CSRP3;NAMPT;AKT1;APPL1;AKT2,GO:BP,Training_CR
GOBP_MUSCLE_CELL_APOPTOTIC_PROCESS,0.20473657113437446,0.8990253569271117,0.0392078588986076,0.43282581351079297,1.23459267528283,16,CAMK2D;CAPN2;MAP2K4;SIRT5;MFN2;BAG3;TIGAR;STUB1;NOL3;CAMK2A;ATP2A2,GO:BP,Training_CR
GOBP_POSITIVE_REGULATION_OF_LAMELLIPODIUM_ORGANIZATION,0.20398959236773634,0.8990253569271117,0.03952844293162763,0.4710497814120833,1.242996541945143,12,FSCN1;ARPC2;ACTR3;ACTR2;TWF2,GO:BP,Training_CR
GOBP_POSITIVE_REGULATION_OF_LIPID_LOCALIZATION,0.20877788554801163,0.8990253569271117,0.047017692971268996,-0.3594552682056319,-1.201124757856269,22,DBI;SCP2;CES1;PRKCD;CD36;EHD1;PLIN2;CAV1,GO:BP,Training_CR
GOBP_POSITIVE_REGULATION_OF_MRNA_PROCESSING,0.2076427255985267,0.8990253569271117,0.04583293029103745,-0.46707192403630843,-1.236731017873501,10,RBM3;PRDX6;DAZAP1;PRMT5;NCL,GO:BP,Training_CR
GOBP_PURINE_CONTAINING_COMPOUND_CATABOLIC_PROCESS,0.20606435643564355,0.8990253569271117,0.03681099751184898,0.2992215743801526,1.1745167978562558,62,ENPP4;PKM;HK1;NUDT4;NT5C2;FBP1;FITM2;PFKM;NUDT19;NUDT9;SUCLA2;ENO3;PRKAG1;GAPDH;ARL2;HK2;PRKAA1;PPP2CA;ALDOA;OGDH;SUCLG1;PGAM2;LDHA;GPI,GO:BP,Training_CR
GOBP_REGULATED_EXOCYTOSIS,0.20236003012804418,0.8990253569271117,0.048742381660649085,-0.34439492675981237,-1.1990903521116156,26,VAMP2;STX4;ANXA3;RAB10;PPP3CB;NAPA,GO:BP,Training_CR
GOBP_REGULATION_OF_ALPHA_BETA_T_CELL_DIFFERENTIATION,0.2078012537729278,0.8990253569271117,0.04602961131029092,-0.4497612813386224,-1.225346297776752,11,HLA-DRA;LGALS1;RHOA;HMGB1,GO:BP,Training_CR
GOBP_REGULATION_OF_BMP_SIGNALING_PATHWAY,0.2046500920810313,0.8990253569271117,0.04619998091906596,-0.46872792250901607,-1.2411158343682502,10,PELO;NGLY1;UBE2D1,GO:BP,Training_CR
GOBP_REGULATION_OF_CELLULAR_RESPONSE_TO_INSULIN_STIMULUS,0.2087857847976308,0.8990253569271117,0.04747183533924694,-0.3494615305224298,-1.195426430055536,24,PRKCD;ATP2B1;SORBS1;CTSD;ECHDC3;GSK3A;BLVRB;NCL;MYO1C;PAK1;CUL3;PRKCQ;PTPN11,GO:BP,Training_CR
GOBP_REGULATION_OF_LYMPHOCYTE_MIGRATION,0.20652945351312987,0.8990253569271117,0.04666258066864363,-0.4257923941502175,-1.2196731943302326,13,CD99L2;ECM1;RHOA;OXSR1;CRKL;P4HB,GO:BP,Training_CR
GOBP_REGULATION_OF_MITOCHONDRION_ORGANIZATION,0.2054238389087366,0.8990253569271117,0.03791932210950023,0.332322814898675,1.186220075929394,39,MARCHF5;FAM162A;SLC25A4;AKT1;FIS1;SLC25A6;MAPT;MCU;VPS35,GO:BP,Training_CR
GOBP_REGULATION_OF_PROTEIN_LOCALIZATION_TO_PLASMA_MEMBRANE,0.20171532244763318,0.8990253569271117,0.03865778999334559,0.3487923043895277,1.2038218087582895,34,CAMK2D;ARF6;CSRP3;AKT1;APPL1;ACSL3;AP2M1;CLTC;LYPLA1;RACK1;CAMK2B,GO:BP,Training_CR
GOBP_BASE_EXCISION_REPAIR,0.21060070671378092,0.9032705392003426,0.039226535163338495,0.4960741333061718,1.2363590284504076,10,APEX1;RPS3,GO:BP,Training_CR
GOBP_MONOCARBOXYLIC_ACID_TRANSPORT,0.2108153078202995,0.9032705392003426,0.03788503263553642,0.3514135486360941,1.1939351962781934,32,EPRS1;SLC16A1;AKT1;GOT2;FIS1;AKT2;ACSL3;SLC25A20;CPT2;CRABP2;LYPLA1;FABP3,GO:BP,Training_CR
GOBP_BIOLOGICAL_PROCESS_INVOLVED_IN_SYMBIOTIC_INTERACTION,0.2158965896589659,0.9070800890768688,0.04944682482267162,-0.27293030300915655,-1.141648307434895,57,DAG1;PC;LGALS1;RAB7A;CD74;NRP1;CD81;ITGB1;RPSA;HMGB1;KPNA6;CAV1;CHMP3;P4HB;CHMP6;PPIA;GPX1;SCARB2;ROMO1;VPS4B,GO:BP,Training_CR
GOBP_LEUKOCYTE_HOMEOSTASIS,0.21481305072636342,0.9070800890768688,0.04583293029103745,-0.40722036815698354,-1.2187094851245097,15,MTHFD1;STAT5B;CD74;PPP3CB;HMGB1,GO:BP,Training_CR
GOBP_ORGANIC_ANION_TRANSPORT,0.2150435471100554,0.9070800890768688,0.03640206391790816,0.3057384271381258,1.1692225569314478,55,SLC25A42;SLC25A4;EPRS1;SLC16A1;SFXN1;AKT1;GOT2;FIS1;AKT2;ACSL3;SLC25A6;SLC25A20;SLC25A11;CYB5R1;CPT2;CRABP2;LYPLA1;FABP3;SLC25A5,GO:BP,Training_CR
GOBP_POLYOL_BIOSYNTHETIC_PROCESS,0.21566776781500707,0.9070800890768688,0.04550086429316112,-0.4119138764997181,-1.2072938127566681,14,ASAH1;SCP2;QDPR,GO:BP,Training_CR
GOBP_POSITIVE_REGULATION_OF_LAMELLIPODIUM_ASSEMBLY,0.21342756183745584,0.9070800890768688,0.03893037926026274,0.49507132666228587,1.2338597466602137,10,FSCN1;ARPC2;ACTR3;ACTR2;TWF2,GO:BP,Training_CR
GOBP_POSITIVE_REGULATION_OF_MONOATOMIC_ION_TRANSPORT,0.21389396709323583,0.9070800890768688,0.04831955820606266,-0.3024341035629822,-1.1680559519324025,40,SCN1B;FXYD1;MYLK;ATP2B1;PPP3CB;CACNB3;PPP3R1;STAC3;G6PD;SRI;CAV1,GO:BP,Training_CR
GOBP_REGULATION_OF_STEM_CELL_DIFFERENTIATION,0.2126002831524304,0.9070800890768688,0.04586089172375123,-0.4386689052518752,-1.2222952017791866,12,SMYD5;RBBP7;YAP1;STAT3,GO:BP,Training_CR
GOBP_VIRION_ASSEMBLY,0.21568627450980393,0.9070800890768688,0.04583293029103745,-0.3915873671823936,-1.2055812981176983,17,PC;RAB1B;CHMP3;CHMP6;SPCS1;VPS4B,GO:BP,Training_CR
GOBP_ARP2_3_COMPLEX_MEDIATED_ACTIN_NUCLEATION,0.2181225330358675,0.9086821563883689,0.037816685014206076,0.42765236715926724,1.2198359330271995,16,ARPC2;ARPC4;ACTR3;GMFB;ACTR2,GO:BP,Training_CR
GOBP_CELLULAR_RESPONSE_TO_GLUCOCORTICOID_STIMULUS,0.21826333176026427,0.9086821563883689,0.04520197850268961,-0.41106141376500166,-1.2047952977904468,14,HMGCS2;GSTP1;ASS1;GSK3A;CBX3,GO:BP,Training_CR
GOBP_FRUCTOSE_6_PHOSPHATE_METABOLIC_PROCESS,0.21890459363957598,0.9086821563883689,0.03837225195223405,0.4921566232738143,1.2265954697958368,10,HK1;FBP1;PFKM,GO:BP,Training_CR
GOBP_SMOOTH_MUSCLE_CELL_PROLIFERATION,0.21764412693138396,0.9086821563883689,0.03716599749862927,0.3686320295235603,1.1954507429985644,26,IL18;XRCC5;ANG;AKT1;TPM1;OGN;IGFBP5;NDRG2;XRCC6;CDH13;APOE;CNN1;MFN2,GO:BP,Training_CR
GOBP_SPERM_EGG_RECOGNITION,0.2194275802254987,0.9086821563883689,0.03791932210950023,0.4648635488354253,1.2266724377763578,12,VDAC2;CCT5;CCT7;CCT8;ALDOA,GO:BP,Training_CR
GOBP_TRANSLATIONAL_INITIATION,0.21861268047708726,0.9086821563883689,0.03586882897336866,0.300222388807654,1.1616145581420427,58,ABCE1;EIF2B3;EIF2S3;RPS3;AKT2;PPP1CA;BZW2;MCTS1;EIF2S1;EIF5;BZW1;COPS5;DDX3X;CSDE1;DDX1;ABCF1;RPS5;MTIF2,GO:BP,Training_CR
GOBP_STRESS_GRANULE_ASSEMBLY,0.22074788902291917,0.9119680093047091,0.03764715137717006,0.4327359163521832,1.2139408387522008,15,G3BP2;ANG;DYNC1H1;MAPT;EIF2S1;DDX3X;CSDE1,GO:BP,Training_CR
GOBP_LEUKOCYTE_MEDIATED_IMMUNITY,0.22257597684515196,0.9173309902832333,0.05000225731437199,-0.2597039978041762,-1.1362962150496538,71,TUBB4B;HLA-DRA;STAT5B;PRDX1;VAMP2;STX4;CD74;PRKCD;USP5;ANXA3;CD81;PPP3CB;WDR1,GO:BP,Training_CR
GOBP_REGULATION_OF_CATION_CHANNEL_ACTIVITY,0.22314836865920457,0.9175055252947343,0.04488174321900294,-0.4039091553438105,-1.2087998470557082,15,SCN1B;VAMP2;CACNB3;CALM1;STAC3,GO:BP,Training_CR
GOBP_DETECTION_OF_ABIOTIC_STIMULUS,0.2241498959056211,0.9194395019256637,0.037462832406732365,0.4411998182378487,1.214962675536919,14,CSRP3;TTN;TCAP;JUP,GO:BP,Training_CR
GOBP_IMPORT_ACROSS_PLASMA_MEMBRANE,0.226318359375,0.9261396692154255,0.04514818898555193,-0.3492879875426201,-1.180695006814722,23,CACNA1S;SLC1A4;PPP3CB;ITGB1;CD36;PPP3R1,GO:BP,Training_CR
GOBP_ACTIN_POLYMERIZATION_OR_DEPOLYMERIZATION,0.23242811501597443,0.9268335173921468,0.03496940583968702,0.30782134798349564,1.1553282364890942,50,DIAPH2;ARPC2;TMOD4;ANG;ARF6;CAPZB;CAPZA2;ARPC4;TMOD3;MSRB2;TMOD1;BIN1;ACTN2;TWF2;SVIL;CAPG;ARPC3,GO:BP,Training_CR
GOBP_AMIDE_BIOSYNTHETIC_PROCESS,0.24475524475524477,0.9268335173921468,0.045610846766173836,-0.2756942067905139,-1.1263832398264197,51,ASAH1;GGT5;FASN;ACSS2;ACSL4;PRKCD;AGMAT;PGK1;CBR4;ASS1,GO:BP,Training_CR
GOBP_ANTIGEN_PROCESSING_AND_PRESENTATION_OF_ENDOGENOUS_ANTIGEN,0.23825966850828728,0.9268335173921468,0.04247151791606906,-0.45240956352377887,-1.1979074553600768,10,HLA-DRA;CD74;ERAP1,GO:BP,Training_CR
GOBP_ANTIMICROBIAL_HUMORAL_RESPONSE,0.22923976608187135,0.9268335173921468,0.036186451638960414,0.37040458025570316,1.1861990336840764,25,RPL30;ANG;CTSG,GO:BP,Training_CR
GOBP_B_CELL_ACTIVATION,0.22876612314431735,0.9268335173921468,0.04480261179995763,-0.3597146375172734,-1.1820096748871027,21,STAT5B;LGALS1;CD74;PRKCD;CD81;ITGB1;DDRGK1,GO:BP,Training_CR
GOBP_CELLULAR_COMPONENT_MAINTENANCE,0.2420494699646643,0.9268335173921468,0.036217061511963806,0.4817842315974743,1.2007444946397667,10,ARF6;DCTN1;APPL1;VPS35,GO:BP,Training_CR
GOBP_CRISTAE_FORMATION,0.24683434518647007,0.9268335173921468,0.035426688191152245,0.4540320820412124,1.1980905844337233,12,SAMM50;CHCHD3;APOO;SLC25A46;IMMT;APOOL;MICOS13;MICU1,GO:BP,Training_CR
GOBP_EPIDERMAL_CELL_DIFFERENTIATION,0.233642578125,0.9268335173921468,0.04436101246920242,-0.34662031560530127,-1.171677499632836,23,SOD1;ASAH1;CSTA,GO:BP,Training_CR
GOBP_LEARNING,0.2447840853954391,0.9268335173921468,0.043077834154323265,-0.3604613802792096,-1.1668628156282164,20,PRKAR2B;PPP3CB;EPM2A;ITGB1,GO:BP,Training_CR
GOBP_LEUKOCYTE_MIGRATION,0.23696145124716553,0.9268335173921468,0.04778115692689526,-0.26289866821738045,-1.1253853260722797,64,CD99L2;STAT5B;ITGA6;ECM1;ITGA7;CD74;RHOA;CD81;OXSR1;RTN4;ITGB1;WDR1;HMGB1;CRKL;S100A9,GO:BP,Training_CR
GOBP_NEGATIVE_REGULATION_OF_ACTIN_FILAMENT_DEPOLYMERIZATION,0.2389455782312925,0.9268335173921468,0.035690366102832737,0.3933071161882412,1.1912889630627808,20,TMOD4;CAPZB;CAPZA2;TMOD3;TMOD1;TWF2;SVIL;CAPG;CAPZA1;RDX,GO:BP,Training_CR
GOBP_NEGATIVE_REGULATION_OF_CELL_ACTIVATION,0.24481737413622903,0.9268335173921468,0.04348661421498228,-0.3389756387931271,-1.1595566389023588,24,LGALS1;CD74;PRKCD;HMGB1;PRKG1;GCLC;CD9;PRDX2;CYGB;CBFB;PTPN11,GO:BP,Training_CR
GOBP_NEGATIVE_REGULATION_OF_CYTOPLASMIC_PATTERN_RECOGNITION_RECEPTOR_SIGNALING_PATHWAY,0.2393470790378007,0.9268335173921468,0.03586882897336866,0.41212011412809857,1.1942646698952177,17,MARCHF5;UFD1;AKT1,GO:BP,Training_CR
GOBP_NEGATIVE_REGULATION_OF_NUCLEOCYTOPLASMIC_TRANSPORT,0.24263351749539594,0.9268335173921468,0.04204216887557939,-0.4493844484803482,-1.189897439312622,10,PKIA;TXN;CD36;PARK7;UFM1,GO:BP,Training_CR
GOBP_ODONTOGENESIS,0.2345445965077867,0.9268335173921468,0.04343799861964927,-0.42898897741643716,-1.195323312034617,12,CTNNA1;RHOA;NFIC,GO:BP,Training_CR
GOBP_OSTEOCLAST_DIFFERENTIATION,0.24169955885767355,0.9268335173921468,0.04233471357366381,-0.436477439805506,-1.1891553077599788,11,PRXL2A;GLO1;CD81,GO:BP,Training_CR
GOBP_POSITIVE_REGULATION_OF_CELL_MATRIX_ADHESION,0.23784431137724552,0.9268335173921468,0.04346228872332276,-0.39349452028180165,-1.1938465202850426,16,DAG1;RRAS;NRP1;CD36;CFL1;UTRN,GO:BP,Training_CR
GOBP_POSITIVE_REGULATION_OF_LIPID_TRANSPORT,0.2374374851155037,0.9268335173921468,0.043365339752818116,-0.3978204719441431,-1.1905779289216079,15,DBI;SCP2;CES1;PRKCD,GO:BP,Training_CR
GOBP_POSITIVE_REGULATION_OF_MONONUCLEAR_CELL_MIGRATION,0.23172183853298403,0.9268335173921468,0.04395564233504732,-0.4004449178753457,-1.1984322441760944,15,CD99L2;RHOA;OXSR1;RTN4;HMGB1;P4HB,GO:BP,Training_CR
GOBP_POSITIVE_REGULATION_OF_TRANSMEMBRANE_TRANSPORT,0.23487638085218307,0.9268335173921468,0.04608621648154816,-0.29043322843209507,-1.142958273905418,43,SCN1B;FXYD1;ARPP19;PPP3CB;SORBS1;CA2;ITGB1;CACNB3;PPP3R1;STAC3;G6PD;SRI;CAV1,GO:BP,Training_CR
GOBP_PROTEIN_DEACYLATION,0.24514226231783484,0.9268335173921468,0.035572587882033116,0.4334292217648926,1.1935642426930257,14,NNMT;MAPT;LYPLA1;SIRT5;PRKAA1,GO:BP,Training_CR
GOBP_REGULATION_OF_CD4_POSITIVE_ALPHA_BETA_T_CELL_ACTIVATION,0.23895027624309392,0.9268335173921468,0.042402973126408366,-0.4514446583263638,-1.195352542239549,10,HLA-DRA;LGALS1;CD81;HMGB1;CBFB;PRKCQ,GO:BP,Training_CR
GOBP_REGULATION_OF_CELL_SIZE,0.2407314629258517,0.9268335173921468,0.044258754773394186,-0.31211877480129346,-1.1476516486150263,32,MAP1B;RHOA;NRP1;OXSR1;RTN4;CFL1;CLASP2;CTTN;DEPTOR;MTPN;PAK1;HSP90AA1;RAC1,GO:BP,Training_CR
GOBP_REGULATION_OF_CHROMOSOME_ORGANIZATION,0.24545900834560627,0.9268335173921468,0.034349897500454384,0.3299487321800463,1.1557125209991466,36,XRCC5;MAPK1;MAPT;NAA10;RUVBL2;CCT5;CCT6A;DYNC1LI1;UCHL5;CCT7;CCT8,GO:BP,Training_CR
GOBP_REGULATION_OF_EXTRACELLULAR_MATRIX_ORGANIZATION,0.24056522488368084,0.9268335173921468,0.03582400922041223,0.42507917946725904,1.1924616288115468,15,FSCN1;LAMA2;AEBP1;AGT;TNXB,GO:BP,Training_CR
GOBP_REGULATION_OF_GLUCONEOGENESIS,0.23451864700780573,0.9268335173921468,0.03649543915723197,0.45869388663484906,1.2103920591775255,12,NNMT;FBP1;NLN;PRKAG1;DDB1;ACADM;USP7,GO:BP,Training_CR
GOBP_REGULATION_OF_INTRINSIC_APOPTOTIC_SIGNALING_PATHWAY_IN_RESPONSE_TO_DNA_DAMAGE,0.23895027624309392,0.9268335173921468,0.042402973126408366,-0.451377985652178,-1.1951760037666355,10,HNRNPK;CD74;TPT1,GO:BP,Training_CR
GOBP_REGULATION_OF_LEUKOCYTE_MEDIATED_IMMUNITY,0.23604826546003016,0.9268335173921468,0.04482894823199633,-0.3260321529683498,-1.1550516910058177,28,HLA-DRA;STAT5B;STX4;USP5;CD81;PPP3CB;HMGB1;AP1G1,GO:BP,Training_CR
GOBP_REGULATION_OF_LIPID_METABOLIC_PROCESS,0.23176335439402643,0.9268335173921468,0.04870950492094516,-0.25919580555232496,-1.1238888896577677,68,ASAH1;ACADL;STAT5B;SCP2;CES1;PSAP;IDH1;CD74;PRKCD;CPT1A;SORBS1;PGK1,GO:BP,Training_CR
GOBP_REGULATION_OF_NEURON_PROJECTION_DEVELOPMENT,0.24175214859994454,0.9268335173921468,0.04669190181409322,-0.266610908503579,-1.1239505476515188,59,MAP1B;SCN1B;CAPRIN1;ITGA6;COBL;TUBB2B;RHOA;NRP1;RTN4;EHD1;CFL1;CRKL;S100A9,GO:BP,Training_CR
GOBP_REGULATION_OF_SODIUM_ION_TRANSMEMBRANE_TRANSPORT,0.23808400188768286,0.9268335173921468,0.043077834154323265,-0.4277112486917315,-1.1917630831907549,12,SCN1B;SLMAP;FXYD1,GO:BP,Training_CR
GOBP_RESPONSE_TO_NERVE_GROWTH_FACTOR,0.2409972299168975,0.9268335173921468,0.035883799352297144,0.44460217779542477,1.199885369457567,13,ARF6;AKT1;MAPT;ARPC3;CORO1A;RAP1A;EEF2;CRK,GO:BP,Training_CR
GOBP_RIBONUCLEOPROTEIN_COMPLEX_BIOGENESIS,0.2323663672507731,0.9268335173921468,0.0333359157343354,0.2639421145739852,1.1313102182242787,104,RPL27;XRCC5;RPS13;RPLP0;RPS24;RPL11;SNRPB;HSP90AB1;EIF2S3;PUF60;RPL7;CUL4A;DHX9;RUVBL2;MCTS1;RPS4X;EIF5;RPS9;RPS15A;SNU13;DDX3X;DDX17;DDX1;LSM2;RPL5;ABCF1;RPS5;RPS12,GO:BP,Training_CR
GOBP_SENSORY_SYSTEM_DEVELOPMENT,0.2465092663112465,0.9268335173921468,0.044005784322536455,-0.30523925954679654,-1.146147927305534,35,CACNA1S;RPL24;NRP1;CRYAB;GNB1;HMGB1;COL4A1;RAB18;PPP2R3A;STAT3;RBP4;FBN1,GO:BP,Training_CR
GOBP_STEM_CELL_DIFFERENTIATION,0.2383575363044567,0.9268335173921468,0.0444897082298492,-0.3217670352983087,-1.1513276750885553,29,SMYD5;RBBP7;PDCD6;NRP1;ITGB1;RPS7;MSI2;CFL1,GO:BP,Training_CR
GOBP_STRIATED_MUSCLE_ADAPTATION,0.24625850340136055,0.9268335173921468,0.03506821185905141,0.39117719566532116,1.184837641165159,20,MYOZ1;TCAP;IGFBP5;PPP3CA;CAMK2B;TNNI1;MLIP;MYH7;TNNT1;ACACB;TNNC1;ACTN3;CAMK2G,GO:BP,Training_CR
GOBP_VITAMIN_METABOLIC_PROCESS,0.23550087873462214,0.9268335173921468,0.044855325335675135,-0.33324118416464354,-1.1602560253065324,26,MTHFD1;PNPO;VKORC1L1;SHMT1,GO:BP,Training_CR
GOBP_WATER_SOLUBLE_VITAMIN_METABOLIC_PROCESS,0.22828723920426977,0.9268335173921468,0.04477631593195109,-0.3665811088297165,-1.1866732144060095,20,MTHFD1;PNPO;SHMT1,GO:BP,Training_CR
GOBP_PROTEIN_LIPID_COMPLEX_ORGANIZATION,0.24809556786703602,0.9295528744109076,0.0352822347483627,0.44244263684744634,1.194057234289466,13,LPCAT3;PLTP;ACSL3;BIN1;AGT;FECH;APOE;APOC2,GO:BP,Training_CR
GOBP_CARDIAC_MUSCLE_CELL_DIFFERENTIATION,0.2556440903054449,0.9452678158764688,0.03382086211007419,0.34984432915115554,1.1558238681190804,28,CSRP3;COL14A1;PLEC;TTN;TCAP;MYH11;NEB;TOMM70;ACTN2;PDLIM5;CACYBP;ACTC1,GO:BP,Training_CR
GOBP_CELL_SURFACE_RECEPTOR_SIGNALING_PATHWAY_VIA_JAK_STAT,0.2540051079637799,0.9452678158764688,0.041173709625441146,-0.4311435486759962,-1.1746234571550613,11,STAT5B;STAMBP;CALM1;CAV1;STAT3;HGS;STAT1;RAC1,GO:BP,Training_CR
GOBP_CELL_SURFACE_RECEPTOR_SIGNALING_PATHWAY_VIA_STAT,0.2540051079637799,0.9452678158764688,0.041173709625441146,-0.4311435486759962,-1.1746234571550613,11,STAT5B;STAMBP;CALM1;CAV1;STAT3;HGS;STAT1;RAC1,GO:BP,Training_CR
GOBP_INORGANIC_ION_IMPORT_ACROSS_PLASMA_MEMBRANE,0.2579521708846065,0.9452678158764688,0.04081833300443122,-0.42945960410579176,-1.1700356561806868,11,CACNA1S;PPP3CB;PPP3R1,GO:BP,Training_CR
GOBP_PHOSPHATIDYLCHOLINE_METABOLIC_PROCESS,0.25829675153643544,0.9452678158764688,0.034746068639256986,0.4608053286076138,1.1830561054801625,11,LPCAT3;PCYT1A;CAPN2;ACSL3,GO:BP,Training_CR
GOBP_PLASMINOGEN_ACTIVATION,0.2577199907127931,0.9452678158764688,0.040839020495323855,-0.4295307312264582,-1.1702294375433704,11,ENO1;PGK1,GO:BP,Training_CR
GOBP_POSITIVE_REGULATION_OF_CELL_KILLING,0.2574878105409798,0.9452678158764688,0.04085973480886259,-0.42969024209444595,-1.1706640148617251,11,HLA-DRA;STAT5B,GO:BP,Training_CR
GOBP_POSITIVE_REGULATION_OF_PROTEIN_UBIQUITINATION,0.2570926437358775,0.9452678158764688,0.04272532271442473,-0.32740764854974636,-1.1399452258986156,26,UBE3A;UBE2V2;UBE2D1;PDCD6;UBE2N,GO:BP,Training_CR
GOBP_POSITIVE_REGULATION_OF_VIRAL_PROCESS,0.25704649482052516,0.9452678158764688,0.04175478081354874,-0.3630477118353465,-1.157192803390561,19,LGALS1;RAB7A;CD74;RAD23A;HMGB1;KPNA6;P4HB;PPIA,GO:BP,Training_CR
GOBP_REGULATION_OF_CARBOHYDRATE_BIOSYNTHETIC_PROCESS,0.25798319327731095,0.9452678158764688,0.033885926031968785,0.3669290667826658,1.162141319248172,24,NNMT;FBP1;AKT1;AKT2;PPP1CA;NLN;PRKAG1;CLTC;IGF2;DDB1,GO:BP,Training_CR
GOBP_REGULATION_OF_CELL_MATRIX_ADHESION,0.2531962897969416,0.9452678158764688,0.04305409842648076,-0.32614751499495365,-1.145499424089405,27,DAG1;RRAS;RHOA;NRP1;CD36;CFL1;UTRN;CLASP2;VCL;DMTN;FERMT2;RAC1;TLN1,GO:BP,Training_CR
GOBP_ENDOPLASMIC_RETICULUM_TO_GOLGI_VESICLE_MEDIATED_TRANSPORT,0.2595846645367412,0.9479769078335423,0.032758359917101465,0.30177003294435945,1.1326161823109027,50,ARCN1;CNIH4;TRAPPC3;COPE;LMAN2;COPA;BCAP29;PREB;NRBP1;VAPB;SCFD1;SEC23A;SEC24C;SEC31A;COPB1;RABGGTA;LMAN1;TMED7;SEC13,GO:BP,Training_CR
GOBP_AXON_EXTENSION,0.26285160038797284,0.9488009185303515,0.0413864895014492,-0.3423929142871093,-1.1441106658910913,22,MAP1B;NRP1;PPP3CB;RTN4;ITGB1;CYFIP1;CLASP2;VCL;CTTN;PAK1,GO:BP,Training_CR
GOBP_CARDIAC_MUSCLE_CONTRACTION,0.26309904153354635,0.9488009185303515,0.03249601016040235,0.3005269397370468,1.127950551767718,50,GAA;CAMK2D;CSRP3;TPM1;TTN;TCAP;JUP;MYL4;MYL3;ATP1A1;BIN1;MAP2K6;TNNI2;TNNI1;ACTC1;MYH7;CLIC2,GO:BP,Training_CR
GOBP_PROTEIN_LOCALIZATION_TO_LYSOSOME,0.2630957999056159,0.9488009185303515,0.04073585006982165,-0.394862059668354,-1.157316003968816,14,RAB7A;CD81;RTN4;SCARB2;HGS;RRAGC;LAMP2;LAMTOR1,GO:BP,Training_CR
GOBP_RAS_PROTEIN_SIGNAL_TRANSDUCTION,0.26055312954876275,0.9488009185303515,0.04160211472358708,-0.35520737752460896,-1.1498548897228034,20,RRAS;RASA4;SDCBP;STAMBP;GNB1;CRKL,GO:BP,Training_CR
GOBP_REGULATION_OF_CELL_KILLING,0.2615568862275449,0.9488009185303515,0.04121604108728835,-0.3844690635821706,-1.1664636483021715,16,HLA-DRA;STAT5B;PPP3CB;AP1G1;B2M,GO:BP,Training_CR
GOBP_REGULATION_OF_PROTEIN_EXPORT_FROM_NUCLEUS,0.2626238791882964,0.9488009185303515,0.04077703825070863,-0.41851318909945084,-1.166133858117534,12,YWHAE;TXN;EMD;PARK7;PTPN11,GO:BP,Training_CR
GOBP_REGULATION_OF_SYNAPSE_STRUCTURE_OR_ACTIVITY,0.2642727977266856,0.9510524175985297,0.04274859099116731,-0.2946998888263447,-1.1252464410571554,38,MAP1B;CAPRIN1;DAG1;RHOA;RTN4;ITGB1;CFL1;GNA13;CYFIP1;PDXP;VCP;TUBB,GO:BP,Training_CR
GOBP_MITOCHONDRIAL_MEMBRANE_ORGANIZATION,0.26825019794140936,0.9540744971046996,0.03195164181729329,0.29400704415072554,1.1243587243368183,55,NDUFA13;AGK;SLC25A4;VDAC2;BCS1L;SLC25A6;SAMM50;CHCHD3;TMEM11;TOMM70;TOMM22;SLC25A5;HK2;APOO;SLC25A46;TIMM50;PPIF;IMMT,GO:BP,Training_CR
GOBP_MUSCLE_SYSTEM_PROCESS,0.2684195725534308,0.9540744971046996,0.029706092611729264,0.24159052424495153,1.0961135863259082,152,GAA;CAMK2D;MYL1;MYOZ1;SYNM;TMOD4;MYOF;CSRP3;COL14A1;MYL9;MYBPH;TNNT3;TPM2;MYH2;CKMT2;ACTA1;TPM1;TMOD3;DES;TNNC2;TTN;TCAP;JUP;PAK2;MYL4;MYL3;TPM4;MYH11;ATP1A1;TMOD1;MYH8;IGFBP5;TOMM70;BIN1;AGT;PPP3CA;TPM3;PDLIM5;MAP2K6;CAMK2B;TNNI2;CALD1;TNNI1;ALDOA;MLIP;PGAM2;ACTC1;LMCD1;MYOT;MYH7;CLIC2;NDUFS6;TNNT1;ACACB;MYL6B;SNTB1;EEF2,GO:BP,Training_CR
GOBP_PHOSPHOLIPID_TRANSPORT,0.26649202190997856,0.9540744971046996,0.04065379152997851,-0.38633680424132394,-1.1562101618652003,15,PITPNB;DBI;SCP2;ESYT1;NPC2;SCARB2;PITPNA;APOC1,GO:BP,Training_CR
GOBP_PLACENTA_DEVELOPMENT,0.2680325093125635,0.9540744971046996,0.033273330564857845,0.36751446118312303,1.1517389547375723,23,MAPK1;ANG;RTCB;HSP90AB1;AKT1;MAPK14;PRDX3,GO:BP,Training_CR
GOBP_REGULATION_OF_MONOATOMIC_ION_TRANSMEMBRANE_TRANSPORT,0.26716460787130136,0.9540744971046996,0.045067819390326856,-0.2529788623734522,-1.1008119725849694,69,SCN1B;SLMAP;FXYD1;VAMP2;FKBP1A;OXSR1;YWHAE;PPP3CB;CACNB3;PPP3R1;CALM1;STAC3;G6PD;SRI;UTRN;CAV1,GO:BP,Training_CR
GOBP_REGULATION_OF_NUCLEAR_DIVISION,0.26757904672015104,0.9540744971046996,0.04034978806939103,-0.3933519532742452,-1.1528899765630287,14,PIN1;PDXP;PRMT5;CUL3;LCMT1;UBE2B;SIRT2;CDC42;CAV2,GO:BP,Training_CR
GOBP_CLATHRIN_DEPENDENT_ENDOCYTOSIS,0.26996466431095406,0.9576000695128309,0.03397751919483612,0.4713316604084744,1.1746936891403705,10,AP2M1;CLTC;AP2B1;AP2A2;AP2A1;PICALM;SMAP1,GO:BP,Training_CR
GOBP_NUCLEIC_ACID_CATABOLIC_PROCESS,0.2711943069306931,0.9588278218183024,0.03129745239911515,0.2854390287742266,1.1204169844824587,62,SYNCRIP;APEX1;ANG;PABPC1;GSPT1;AKT1;YBX1;ETF1;DHX9;PPP2R1A;LRPPRC;MAPK14;YBX3;CSDE1;SERBP1;ELOB;LSM2;DCPS;ELOC,GO:BP,Training_CR
GOBP_REGULATION_OF_FATTY_ACID_BIOSYNTHETIC_PROCESS,0.2714186208497794,0.9588278218183024,0.03966238617124075,-0.42391597740588516,-1.1549323942174308,11,ACADL;CD74;FABP5;APOC1;SIRT2,GO:BP,Training_CR
GOBP_DEVELOPMENTAL_CELL_GROWTH,0.2737085582112567,0.959088085554019,0.04179866500358863,-0.2972112856599002,-1.1210217466334305,36,MAP1B;ARIH2;COBL;NRP1;PPP3CB;RTN4;ITGB1;G6PD;S100B;PRKG1;GSK3A;CYFIP1;CLASP2;VCL;CTTN,GO:BP,Training_CR
GOBP_ESTABLISHMENT_OF_CELL_POLARITY,0.2730007520681875,0.959088085554019,0.041279747960056325,-0.32014380059435465,-1.124413102495356,27,MAP1B;RHOA;FLOT2;RAB10;CYTH1;ITGB1;CFL1;CRKL;MAP4,GO:BP,Training_CR
GOBP_REGULATION_OF_LAMELLIPODIUM_ASSEMBLY,0.2733977172958736,0.959088085554019,0.03360185263689799,0.45437426814731074,1.1665452171072717,11,FSCN1;ARPC2;ACTR3;ACTR2;TWF2,GO:BP,Training_CR
GOBP_RESPONSE_TO_REACTIVE_OXYGEN_SPECIES,0.27252564457998335,0.959088085554019,0.04370715086187889,-0.26168870475441963,-1.103200032863615,59,SESN1;SOD1;PRDX1;SOD3;GSTP1;PRKCD;TXN;CRYAB;CD36;CFL1;HBB;HBA1;ENDOG;FXN;CAT;CCS;TXNRD2;MPO;KPNA4;GPX1;PARK7;ROMO1;PRDX2;CYGB,GO:BP,Training_CR
GOBP_MORPHOGENESIS_OF_AN_EPITHELIAL_SHEET,0.274669143255166,0.9605096706559442,0.03939563814668847,-0.42296063853450316,-1.152329633602542,11,DAG1;RHOA;ITGB1;CLASP2;FERMT2,GO:BP,Training_CR
GOBP_AMYLOID_BETA_METABOLIC_PROCESS,0.27618364418938307,0.9615018416238471,0.03993375649784559,-0.37233622676131295,-1.1463127496298144,17,PIN1;RTN4;CD36;RTN2;GSK3A;MME,GO:BP,Training_CR
GOBP_INTRACELLULAR_IRON_ION_HOMEOSTASIS,0.27863566943831664,0.9615018416238471,0.03255520188955747,0.3745574735241586,1.149737935699671,21,FTL;FTH1;CISD1,GO:BP,Training_CR
GOBP_LIPID_MODIFICATION,0.27767985899695563,0.9615018416238471,0.03151572388899316,0.30082065322947676,1.1207163093049715,48,LPCAT3;AGK;BDH2;AUH;AKT1;ECH1;AKT2;MAPK14;HADHA;HADHB;MTM1;CPT2;FABP3;ECI1;ECHDC2;ETFA;PRKAA1;HSD17B10;ETFDH;ACADVL;ACACB;PLIN5;IVD;ECI2;ACADM,GO:BP,Training_CR
GOBP_NEGATIVE_REGULATION_OF_IMMUNE_RESPONSE,0.2778889444722361,0.9615018416238471,0.04081833300443122,-0.3103965267941493,-1.1211326219811404,30,LGALS1;USP5;GNAS;PPP3CB,GO:BP,Training_CR
GOBP_REGULATION_OF_GLUCOSE_METABOLIC_PROCESS,0.27723266256444373,0.9615018416238471,0.03226173823824839,0.349298289541987,1.1426011876795055,27,NNMT;FBP1;AKT1;AKT2;PPP1CA;NLN;PRKAG1;IGF2;DDB1;PHKA1;ACACB;ACADM;USP7;GPLD1;ACTN3;TIGAR;ADIPOQ;MLYCD,GO:BP,Training_CR
GOBP_STRIATED_MUSCLE_CELL_APOPTOTIC_PROCESS,0.2788410886742757,0.9615018416238471,0.0332110228050252,0.4521152931400873,1.1607456006347405,11,CAMK2D;CAPN2,GO:BP,Training_CR
GOBP_TRANSCRIPTION_INITIATION_AT_RNA_POLYMERASE_II_PROMOTER,0.2759695290858726,0.9615018416238471,0.03313661662514599,0.4313341907413328,1.1640779345338392,13,APEX1;PADI2;PPP2R1A;ELOB;ELOC;PPP2CA,GO:BP,Training_CR
GOBP_RESPIRATORY_GASEOUS_EXCHANGE_BY_RESPIRATORY_SYSTEM,0.28013876843018215,0.9640560798263327,0.03287926329228651,0.4394921723007384,1.1597229675898613,12,GAA;COX5B,GO:BP,Training_CR
GOBP_ENDOSOME_ORGANIZATION,0.2845691382765531,0.964085990543162,0.04030969078927509,-0.3018679541972065,-1.1099596796733089,32,RAB5B;RAB7A;PLEKHF1;ATP6V1H;CHMP3;CHMP6;SCARB2;VPS4B;HGS,GO:BP,Training_CR
GOBP_NEGATIVE_REGULATION_OF_INTRACELLULAR_PROTEIN_TRANSPORT,0.2851172509867657,0.964085990543162,0.03856798792293859,-0.4186469229873201,-1.1405771871499022,11,PKIA;TXN;CD36;PARK7;UFM1,GO:BP,Training_CR
GOBP_PROTEIN_TRANSMEMBRANE_IMPORT_INTO_INTRACELLULAR_ORGANELLE,0.2824742268041237,0.964085990543162,0.03253149491102025,0.39691197992254945,1.1501936897268807,17,USP9X;SAMM50;TIMM44;TOMM70;TOMM22;GRPEL1;TIMM50,GO:BP,Training_CR
GOBP_PURINE_RIBONUCLEOSIDE_METABOLIC_PROCESS,0.2840989399293286,0.964085990543162,0.03296452288412716,0.4655035307819777,1.1601683184368528,10,ENPP4;NT5C2,GO:BP,Training_CR
GOBP_REGULATION_OF_AMIDE_METABOLIC_PROCESS,0.28425407641761985,0.964085990543162,0.03968161484343965,-0.3414813817388456,-1.1220958362856421,21,PIN1;PRKCD;PGK1;RTN4;RTN2;GSK3A;SCARB2;RTN3;RELA;PDK2,GO:BP,Training_CR
GOBP_REGULATION_OF_APOPTOTIC_SIGNALING_PATHWAY,0.28372368811147347,0.964085990543162,0.04436101246920242,-0.2368198743918336,-1.0843279640899866,89,SOD1;CTNNA1;ITGA6;ENO1;STX4;PRKRA;HNRNPK;CD74;GSTP1;NRP1;PRKCD;TPT1;RPS7;S100A9;FXN;CAV1;BCAP31;YAP1;EIF5A;P4HB;GCLC;HMGB2;PPIA;GPX1;PARK7;CTTN;S100A8;DEPTOR;PRDX2;EYA3,GO:BP,Training_CR
GOBP_REGULATION_OF_NEUROTRANSMITTER_SECRETION,0.28180212014134276,0.964085990543162,0.033124253868891895,0.46671509429982694,1.1631878822344062,10,MYOF;DYSF;PPP3CA;RAP1A,GO:BP,Training_CR
GOBP_RIBONUCLEOSIDE_METABOLIC_PROCESS,0.2840989399293286,0.964085990543162,0.03296452288412716,0.4655035307819777,1.1601683184368528,10,ENPP4;NT5C2,GO:BP,Training_CR
GOBP_SENSORY_PERCEPTION_OF_MECHANICAL_STIMULUS,0.2851600387972842,0.964085990543162,0.03952844293162763,-0.3359083787033932,-1.1224425004148084,22,SOD1;ATP2B2;TIMM9;STX4,GO:BP,Training_CR
GOBP_INNER_MITOCHONDRIAL_MEMBRANE_ORGANIZATION,0.2868525896414343,0.9653310548691835,0.03157084156053127,0.34319534780304567,1.1338568081999714,28,NDUFA13;AGK;BCS1L;SAMM50;CHCHD3;TMEM11;TOMM70;APOO;SLC25A46;IMMT;TIMM8A;APOOL;MICOS13;GHITM;MICU1,GO:BP,Training_CR
GOBP_POSITIVE_REGULATION_OF_RNA_SPLICING,0.28720132481665483,0.9653310548691835,0.03882076512953083,-0.3977438444366532,-1.1393287243597234,13,RBM3;PRDX6;DAZAP1;PRMT5;NCL,GO:BP,Training_CR
GOBP_REGULATION_OF_NERVOUS_SYSTEM_PROCESS,0.2863720073664825,0.9653310548691835,0.038284100583418294,-0.43054983128605473,-1.1400264149687447,10,DAG1;S100B;FABP5;TYMP;CTSC,GO:BP,Training_CR
GOBP_COLLAGEN_BIOSYNTHETIC_PROCESS,0.2895759717314488,0.9680591489869842,0.03259083838072558,0.463169119752365,1.1543502965751997,10,PCOLCE;COL1A1;GOT1;RCN3;RAP1A,GO:BP,Training_CR
GOBP_GLUCOSE_METABOLIC_PROCESS,0.28868010304591607,0.9680591489869842,0.029744620821285102,0.2719001026480457,1.1022597432067558,74,GAA;PKM;HK1;NNMT;FBP1;AKT1;PFKM;PDHB;AKT2;PPP1CA;GALM;SLC25A11;MDH2;NLN;MAPK14;ENO3;PDHA1;PRKAG1;GOT1;GAPDH;DLAT;HK2;IGF2;DDB1;PRKAA1;SLC25A13;PGAM2;LDHA;GPI;PHKA1;ACACB;PGM1;BCL2L13;ACADM;USP7;GPLD1;DCXR,GO:BP,Training_CR
GOBP_MULTICELLULAR_ORGANISMAL_RESPONSE_TO_STRESS,0.28969072164948456,0.9680591489869842,0.03204279730771802,0.3941370439876564,1.142152325487048,17,AKT1;CAPN2;TSPO;VDAC3;THBS4;PPP3CA,GO:BP,Training_CR
GOBP_2_OXOGLUTARATE_METABOLIC_PROCESS,0.29054640069384213,0.9688700693137232,0.03216912894294298,0.4359963271091284,1.1504982027012742,12,GOT2;IDH2;ADHFE1;DLST;GOT1,GO:BP,Training_CR
GOBP_LIPOPOLYSACCHARIDE_MEDIATED_SIGNALING_PATHWAY,0.2918349429323968,0.9688700693137232,0.03231993570512057,0.44759092147729473,1.1491298809656523,11,MAPK1;AKT1;MAPK14,GO:BP,Training_CR
GOBP_PHAGOCYTOSIS,0.2924330005254861,0.9688700693137232,0.04077703825070863,-0.2768389897491935,-1.096381140320388,44,SOD1;RAB7A;PRKCD;ANXA3;MESD;FCN3;ITGB1;CD36;HMGB1,GO:BP,Training_CR
GOBP_REGULATION_OF_CELL_GROWTH,0.292731973570813,0.9688700693137232,0.04284199351742046,-0.24897717544436043,-1.0833990360227912,69,MAP1B;SESN1;EIF4G2;ENO1;RBBP7;ACSL4;NRP1;CRYAB;EPM2A;RTN4;SDCBP;CFL1;CRKL;S100A9;G6PD;GSK3A;YAP1;CLASP2;CTTN;S100A8;CD38;H3-3A;MTPN;PAK1,GO:BP,Training_CR
GOBP_REGULATION_OF_CYTOKINESIS,0.29122308966169863,0.9688700693137232,0.03851435737650709,-0.39632205953357436,-1.1352560519536097,13,PIN1;RHOA;CALM1;ATXN10;CHMP3;PDXP;CUL3,GO:BP,Training_CR
GOBP_BASEMENT_MEMBRANE_ORGANIZATION,0.2953084067635151,0.9715195232101614,0.038354581030931555,-0.3766149181757562,-1.1271149699546628,15,DAG1;ITGB1;CAV1;COL4A1;CLASP2;LAMB1,GO:BP,Training_CR
GOBP_CD4_POSITIVE_ALPHA_BETA_T_CELL_ACTIVATION,0.29848985370457765,0.9715195232101614,0.03791932210950023,-0.4042048392749826,-1.1262654582231222,12,HLA-DRA;LGALS1;CD81;HMGB1;STAT3;CBFB;PRKCQ,GO:BP,Training_CR
GOBP_GLUTAMATE_METABOLIC_PROCESS,0.29534679543459175,0.9715195232101614,0.03208860228630189,0.4460635926428117,1.1452086682744473,11,GOT2;ALDH5A1;ADHFE1;GOT1,GO:BP,Training_CR
GOBP_INTRACELLULAR_LIPID_TRANSPORT,0.29642772651999055,0.9715195232101614,0.0381266974919746,-0.39413283844443225,-1.1289850750278287,13,SCP2;CES1;CPT1A,GO:BP,Training_CR
GOBP_NUCLEAR_MEMBRANE_REASSEMBLY,0.2982538933459179,0.9715195232101614,0.03793649589498994,-0.4042968387245667,-1.1265218030071875,12,CHMP3;CHMP6;NSFL1C;VPS4B;SIRT2;CHMP2A,GO:BP,Training_CR
GOBP_PROTEIN_K63_LINKED_UBIQUITINATION,0.2985837009519387,0.9715195232101614,0.037563091187972616,-0.4139497902212976,-1.127780144621294,11,ARIH2;UBE2V2;UBE2N;RNF126,GO:BP,Training_CR
GOBP_REGULATION_OF_ALPHA_BETA_T_CELL_ACTIVATION,0.29748502994011977,0.9715195232101614,0.038319300241029176,-0.37262527198550405,-1.1305300617949554,16,HLA-DRA;LGALS1;RHOA;CD81;HMGB1,GO:BP,Training_CR
GOBP_REGULATION_OF_GTPASE_ACTIVITY,0.29736328125,0.9715195232101614,0.038748118963076505,-0.33121129352826045,-1.1195905224818112,23,SOD1;ITGA6;STMN1;RASA4;ITGB1;TMED2;SNX9;PRKG1,GO:BP,Training_CR
GOBP_TRNA_PROCESSING,0.2946627767290201,0.9715195232101614,0.03169288798808296,0.40023816102070303,1.141639630863902,16,RTCB;AKT1;KARS1;SARS1;DDX1;HSD17B10;SSB;GRSF1,GO:BP,Training_CR
GOBP_POSITIVE_REGULATION_OF_CALCIUM_ION_TRANSMEMBRANE_TRANSPORT,0.29985443959243085,0.9738237053180071,0.038425387312664386,-0.34211076591340683,-1.1074593657196514,20,PPP3CB;CACNB3;PPP3R1;STAC3;G6PD;SRI;CAV1,GO:BP,Training_CR
GOBP_ANTIVIRAL_INNATE_IMMUNE_RESPONSE,0.3020292590844738,0.9751969315898635,0.03766401961587815,-0.4031102441900143,-1.1232155080118584,12,PRKRA;UBE2N;RPSA,GO:BP,Training_CR
GOBP_MEMBRANE_PROTEIN_ECTODOMAIN_PROTEOLYSIS,0.3025307638727653,0.9751969315898635,0.037280738373971146,-0.412683801939268,-1.1243310392429997,11,DAG1;ERAP1;SNX9;SPPL2A,GO:BP,Training_CR
GOBP_POSITIVE_REGULATION_OF_MYELOID_CELL_DIFFERENTIATION,0.3017385091688497,0.9751969315898635,0.03788503263553642,-0.37432538562183487,-1.1202629673090347,15,STAT5B;CD74;HMGB1;HMGB2;STAT3;STAT1;GLUL;HSPA1A;PRMT1;PRKDC,GO:BP,Training_CR
GOBP_REGULATION_OF_ERYTHROCYTE_DIFFERENTIATION,0.30179329872581406,0.9751969315898635,0.037680906673163074,-0.40314573172828344,-1.123314389530995,12,STAT5B;HMGB2;STAT3;B2M;STAT1;GLUL;HSPA1A;PRMT1;PRKDC,GO:BP,Training_CR
GOBP_POSITIVE_REGULATION_OF_MACROAUTOPHAGY,0.30593262946204125,0.9801849077217425,0.03876624845838254,-0.3092318440080966,-1.0955323304234752,28,PAFAH1B2;SESN1;PRKAA2;EPM2A;DDRGK1;ATP5IF1;FYCO1;HUWE1,GO:BP,Training_CR
GOBP_POSITIVE_REGULATION_OF_PHOSPHATIDYLINOSITOL_3_KINASE_PROTEIN_KINASE_B_SIGNAL_TRANSDUCTION,0.3052975144363545,0.9801849077217425,0.0387843992887662,-0.316789200016608,-1.1029746488048366,26,UBE3A;AKR1C2;TXN;RTN4;ITGB1;PROS1;CAT;GPX1;PARK7;FERMT2;PTPN11;RAC1,GO:BP,Training_CR
GOBP_REGULATION_OF_DNA_REPLICATION,0.3047703180212014,0.9801849077217425,0.03160401914384526,0.4579897308402997,1.1414417738094387,10,DHX9;RUVBL2;UCHL5;CACYBP,GO:BP,Training_CR
GOBP_VIRAL_LIFE_CYCLE,0.30634317451037707,0.9801849077217425,0.04217653911276424,-0.24479976370833634,-1.0751884301246497,73,DAG1;PC;LGALS1;RAB7A;RAB1B;CD74;NRP1;DEK;CD81;ITGB1;RAD23A;RPSA;HMGB1;KPNA6;CAV1;CHMP3;P4HB;CHMP6;PPIA;VCP;SPCS1;SCARB2;VPS4B;CSNK2B;EPS15;EEF1A1;TRIM28;LTF;IFITM1,GO:BP,Training_CR
GOBP_CELLULAR_RESPONSE_TO_EXTERNAL_STIMULUS,0.30828881612958814,0.9827368686656294,0.030913179318951028,0.4029087948275265,1.1302677264613843,15,CRADD;PLEC;COL1A1;MAP2K4;GOT1,GO:BP,Training_CR
GOBP_CELL_SUBSTRATE_ADHESION,0.30997939358257287,0.9827368686656294,0.042064487219663625,-0.24115084352573096,-1.0716268392874817,77,DAG1;ITGA6;ITGA7;RRAS;RHOA;VWF;NRP1;BCAM;SORBS1;ITGB1;CD36;CFL1;CRKL;UTRN;P4HB;RSU1;CLASP2;VCL;CTTN;DMTN;VAMP3;LAMB1,GO:BP,Training_CR
GOBP_METALLO_SULFUR_CLUSTER_ASSEMBLY,0.30811936155447606,0.9827368686656294,0.031050692468231847,0.41128679503827736,1.1325890996703107,14,NUBP2;ISCA2;NDUFAB1;GLRX5,GO:BP,Training_CR
GOBP_REGULATION_OF_ENDOPLASMIC_RETICULUM_UNFOLDED_PROTEIN_RESPONSE,0.3098939929328622,0.9827368686656294,0.031286630054567735,0.45584346035837076,1.1360926521567043,10,AKT1;AKT2;COPS5;RACK1,GO:BP,Training_CR
GOBP_REGULATION_OF_HYDROLASE_ACTIVITY,0.30963791267305646,0.9827368686656294,0.03977811367938056,-0.2701385966369043,-1.0852908290775596,47,SOD1;ITGA6;ECM1;PSAP;RHOA;PRKCD;STMN1;RASA4;EPM2A;ITGB1;TMED2;HMGB1;SNX9;PRKG1;ATP5IF1;SERPINA5;RSU1,GO:BP,Training_CR
GOBP_CELLULAR_RESPONSE_TO_CORTICOSTEROID_STIMULUS,0.31109516977522716,0.9844711862539639,0.03731368299920106,-0.36088999372106023,-1.11107319482365,17,HMGCS2;GSTP1;ASS1;GSK3A;CBX3;RAN;EIF4E,GO:BP,Training_CR
GOBP_PYRUVATE_METABOLIC_PROCESS,0.3131201764057332,0.9890712141575259,0.028967277439941375,0.28443952580452897,1.0930456131957322,56,PKM;HK1;ME2;FBP1;SLC16A1;PFKM;PDHB;FAHD1;ENO3;PDHA1;PRKAG1;GAPDH;ARL2;DLAT;HK2;PRKAA1;PDHX;PPP2CA;ALDOA;OGDH;PGAM2;LDHA;VDAC1;GPI,GO:BP,Training_CR
GOBP_NADH_METABOLIC_PROCESS,0.3137254901960784,0.9891781849351763,0.038213943370970165,-0.3073759694064607,-1.088957423386247,28,PGAM1;GPD1;MDH1;PC;ENO1;ME1,GO:BP,Training_CR
GOBP_REGULATION_OF_TELOMERE_MAINTENANCE,0.315500913773052,0.992967421347551,0.02980262336664822,0.342088689753998,1.1093723431096623,26,XRCC5;MAPK1;RUVBL2;CCT5;CCT6A;UCHL5;CCT7;CCT8,GO:BP,Training_CR
GOBP_ANIMAL_ORGAN_REGENERATION,0.3187824445493157,0.9959518575212113,0.03651105900735313,-0.3965888419616701,-1.1050444487980753,12,GSTP1;CPT1A;PNPT1;PRMT5,GO:BP,Training_CR
GOBP_ANTIBACTERIAL_HUMORAL_RESPONSE,0.32177793032435215,0.9959518575212113,0.030037194184556325,0.39111041007209074,1.115603627207938,16,ANG;CTSG,GO:BP,Training_CR
GOBP_BRANCHING_MORPHOGENESIS_OF_AN_EPITHELIAL_TUBE,0.3284115265539414,0.9959518575212113,0.036079814407194426,-0.3667214553407873,-1.097506291360631,15,DAG1;NRP1;PPP3R1;COL4A1;GNA13;YAP1,GO:BP,Training_CR
GOBP_CARDIAC_MUSCLE_TISSUE_DEVELOPMENT,0.328521013795316,0.9959518575212113,0.028432641717847533,0.29234186739801055,1.081276807242934,46,CSRP3;COL14A1;TPM1;NDUFV2;PLEC;TTN;TCAP;MAPK14;MYL3;MYH11;NEB;TOMM70;ACTN2;PDLIM5;CACYBP;TNNI1;ACTC1;MYH7,GO:BP,Training_CR
GOBP_CELLULAR_RESPONSE_TO_UNFOLDED_PROTEIN,0.32695563833389774,0.9959518575212113,0.02949616406587,0.3514085169229439,1.1012651765151762,23,AKT1;AKT2;EIF2S1;VAPB;COPS5;MANF;RACK1;OPTN,GO:BP,Training_CR
GOBP_CELL_ACTIVATION_INVOLVED_IN_IMMUNE_RESPONSE,0.31784107946026985,0.9959518575212113,0.03779964608198964,-0.29840178942422585,-1.0879939464278536,31,HLA-DRA;LGALS1;VAMP2;STX4;CD74;ANXA3;CD81;HMGB1;DDRGK1;AP1G1;STAT3;VAMP3,GO:BP,Training_CR
GOBP_ENDODERM_DEVELOPMENT,0.3244454931571496,0.9959518575212113,0.036140655525385396,-0.3938416804212379,-1.0973898320035373,12,PELO;ITGA7,GO:BP,Training_CR
GOBP_ESTABLISHMENT_OR_MAINTENANCE_OF_CELL_POLARITY,0.32161874334398294,0.9959518575212113,0.03893037926026274,-0.26772036917563885,-1.0755755195327243,47,MAP1B;CTNNA1;RHOA;FLOT2;RAB10;CYTH1;ITGB1;WDR1;CFL1;CRKL;MAP4,GO:BP,Training_CR
GOBP_GLYCEROLIPID_CATABOLIC_PROCESS,0.32021178637200737,0.9959518575212113,0.03589878500722382,-0.4173088633178845,-1.1049664703431017,10,LIPE;PRDX6,GO:BP,Training_CR
GOBP_MYELOID_CELL_DEVELOPMENT,0.3231606340193991,0.9959518575212113,0.03627847220783436,-0.383978007462469,-1.0998967791544996,13,G6PD;FBN1;DMTN;PTPN11;RAC1;LTF,GO:BP,Training_CR
GOBP_POSITIVE_REGULATION_OF_D_GLUCOSE_TRANSMEMBRANE_TRANSPORT,0.3185512367491166,0.9959518575212113,0.030766634723500334,0.45294161452782244,1.1288604200145875,10,AKT1;APPL1;AKT2;MAPK14,GO:BP,Training_CR
GOBP_POSITIVE_REGULATION_OF_GLUCOSE_METABOLIC_PROCESS,0.3249479528105482,0.9959518575212113,0.030056929304326217,0.4055572847537418,1.1168113480551394,14,NNMT;AKT1;AKT2;PPP1CA;PRKAG1;IGF2;DDB1;PHKA1;GPLD1;ACTN3,GO:BP,Training_CR
GOBP_POSITIVE_REGULATION_OF_INTERLEUKIN_1_PRODUCTION,0.32226148409893995,0.9959518575212113,0.030549759123592504,0.45165301605180774,1.1256488630054562,10,HK1;S100A13,GO:BP,Training_CR
GOBP_POSITIVE_REGULATION_OF_MUSCLE_CELL_DIFFERENTIATION,0.3302578660988881,0.9959518575212113,0.03582400922041223,-0.38123178247718625,-1.0920302764969447,13,MAPK12;LMOD3,GO:BP,Training_CR
GOBP_PROTEIN_DEACETYLATION,0.32879858657243816,0.9959518575212113,0.03017595620443319,0.4489127439987475,1.1188193190608209,10,NNMT;MAPT;SIRT5;PRKAA1,GO:BP,Training_CR
GOBP_REGULATION_OF_ADAPTIVE_IMMUNE_RESPONSE,0.3300970873786408,0.9959518575212113,0.03690698307873638,-0.31448661222185287,-1.0860637139346294,25,HLA-DRA;LGALS1;USP5;CD81;PPP3CB;HMGB1,GO:BP,Training_CR
GOBP_REGULATION_OF_NUCLEOCYTOPLASMIC_TRANSPORT,0.3239400863163239,0.9959518575212113,0.03773168112305513,-0.28992041584383516,-1.0794295255648656,34,PKIA;PRKCD;YWHAE;TXN;EPM2A;CD36;EMD;KHDRBS1;PARK7;UFM1;RAN;PTPN11;HSP90AA1;TRIM28;TARDBP,GO:BP,Training_CR
GOBP_REGULATION_OF_SPINDLE_ORGANIZATION,0.3294587092297016,0.9959518575212113,0.02980262336664822,0.40412343495271674,1.1128628559693325,14,DRG1;DCTN1;DYNC1H1,GO:BP,Training_CR
GOBP_REGULATION_OF_STRESS_ACTIVATED_PROTEIN_KINASE_SIGNALING_CASCADE,0.324355700023218,0.9959518575212113,0.035809099673656204,-0.404760264106487,-1.1027438592176424,11,PRDX1;GSTP1;MAP3K20,GO:BP,Training_CR
GOBP_REGULATION_OF_TRANSPORTER_ACTIVITY,0.32058242843040474,0.9959518575212113,0.037346699913755436,-0.3193786398641043,-1.092519873984338,24,SCN1B;VAMP2;PRKCD;CACNB3;CALM1;STAC3,GO:BP,Training_CR
GOBP_SMALL_MOLECULE_CATABOLIC_PROCESS,0.3298411625549172,0.9959518575212113,0.04388070831180671,-0.21310606033703067,-1.0505965145426994,141,KYAT1;SORD;PGAM1;ACADL;HADH;ESD;SCP2;CRYL1;ACAA1;SHMT1;ENO1;QDPR;ACSS2;FAH;MPST;HNMT;DERA;ALDH6A1;ALDH2;CPT1A;TKFC;PGK1;NUDT3;HSD17B4;ADH5;TST;GPT2,GO:BP,Training_CR
GOBP_TOR_SIGNALING,0.3191987513007284,0.9959518575212113,0.038585906441477774,-0.2827547341424966,-1.0856036596883358,39,SESN1;UBE3A;EIF4EBP1;UBE2D1;PDCD6;UBE2N;PRKAA2;EPM2A;ENDOG;GSK3A;SAR1A,GO:BP,Training_CR
GOBP_T_CELL_MEDIATED_CYTOTOXICITY,0.32798489853704577,0.9959518575212113,0.03591378596546709,-0.39288437274059357,-1.0947224157115025,12,HLA-DRA;PPP3CB;B2M;HPRT1;CTSC;HLA-B,GO:BP,Training_CR
GOBP_VIRAL_RELEASE_FROM_HOST_CELL,0.327852998065764,0.9959518575212113,0.03643312370047354,-0.3493239300977211,-1.0943789520601859,18,PC;RAB7A;CHMP3;CHMP6;PPIA;VPS4B,GO:BP,Training_CR
GOBP_RESPONSE_TO_PURINE_CONTAINING_COMPOUND,0.33099473816086195,0.9964380726199166,0.03698744477644106,-0.290239326185823,-1.0736779326316188,33,SOD1;CACNA1S;GPD1;HMGCS2,GO:BP,Training_CR
GOBP_POSITIVE_REGULATION_OF_CELL_CYCLE_PHASE_TRANSITION,0.3316565481352992,0.9966970222607691,0.029677269620279202,0.42036359246131527,1.1092468618129983,12,AKT1;CUL4A;TMOD3;DDX3X,GO:BP,Training_CR
GOBP_ALPHA_AMINO_ACID_BIOSYNTHETIC_PROCESS,0.33787661406025826,0.9969656165934114,0.035572587882033116,-0.3528523510132383,-1.086327678135445,17,MTHFD1;SHMT1;ENOPH1;ASS1;APIP;SHMT2,GO:BP,Training_CR
GOBP_GLOMERULUS_DEVELOPMENT,0.33766461808604037,0.9969656165934114,0.0295721176973961,0.4311096821476005,1.106816501314008,11,IQGAP1;PPP3CA;BASP1,GO:BP,Training_CR
GOBP_GLUCAN_BIOSYNTHETIC_PROCESS,0.3339625879526343,0.9969656165934114,0.029354915243756965,0.3869705328578372,1.1037950383351298,16,AKT1;AKT2;AGL;PPP1CA;GYS1;GBE1,GO:BP,Training_CR
GOBP_LONG_CHAIN_FATTY_ACID_TRANSPORT,0.336734693877551,0.9969656165934114,0.029040238666206187,0.36341476311163656,1.1007479358745227,20,EPRS1;AKT1;AKT2;ACSL3;SLC25A20;CPT2;FABP3,GO:BP,Training_CR
GOBP_MACROMOLECULE_DEACYLATION,0.33896260554885405,0.9969656165934114,0.029159670647649214,0.39252561474529696,1.1011401087582153,15,NNMT;MAPT;LYPLA1;SIRT5;PRKAA1,GO:BP,Training_CR
GOBP_MICROTUBULE_POLYMERIZATION,0.33742792679869643,0.9969656165934114,0.036589405686720144,-0.30501511593023417,-1.0712779450183834,27,MAP1B;TUBB4A;PIN1;HDGFL3;STMN1;PRUNE1;MAP4;CLIP1;CLASP2,GO:BP,Training_CR
GOBP_NEGATIVE_REGULATION_OF_LIPID_METABOLIC_PROCESS,0.33350515463917524,0.9969656165934114,0.02940183075304258,0.3815815356011887,1.1057682724780005,17,AKT1;ATP1A1;LPIN1;PRKAA1;ACADVL;ACACB;PLIN5;APOE;APOC2;GPLD1,GO:BP,Training_CR
GOBP_POSITIVE_REGULATION_OF_CELL_SUBSTRATE_JUNCTION_ORGANIZATION,0.3398091934084996,0.9969656165934114,0.029233709196303397,0.4170867489719374,1.100599994143127,12,THY1;ARF6,GO:BP,Training_CR
GOBP_POSITIVE_REGULATION_OF_ERYTHROCYTE_DIFFERENTIATION,0.3374769797421731,0.9969656165934114,0.034815490918796835,-0.41154470669935705,-1.0897039145884988,10,STAT5B;HMGB2;STAT3;STAT1;GLUL;HSPA1A;PRMT1;PRKDC,GO:BP,Training_CR
GOBP_POSITIVE_REGULATION_OF_LIPID_BIOSYNTHETIC_PROCESS,0.3397414086423954,0.9969656165934114,0.02888567755215259,0.35253284878026103,1.0932556060312537,22,MAPK1;AKT1;CAPN2;ACSL3;KPNB1;FABP3;PRKAA1;PLAA;PLIN5;APOE;APOC2;GPLD1,GO:BP,Training_CR
GOBP_REGULATION_OF_ALTERNATIVE_MRNA_SPLICING_VIA_SPLICEOSOME,0.33876843018213354,0.9969656165934114,0.029289512184785507,0.4173941000110175,1.1014110257873717,12,PUF60;TRA2B;RBMX;DDX17,GO:BP,Training_CR
GOBP_RESPONSE_TO_NUTRIENT,0.3327263267429761,0.9969656165934114,0.037680906673163074,-0.27979953670197966,-1.0742575254980238,39,MAP1B;FASN;HMGCS2;GSTP1;CPT1A;ASS1;ENSA;CAT;GCLC;BCKDHB;GPX1;ACSL1,GO:BP,Training_CR
GOBP_RNA_EXPORT_FROM_NUCLEUS,0.33558178752107926,0.9969656165934114,0.03586882897336866,-0.3411340798280559,-1.087344415896835,19,DDX19B;ALYREF;NUP93;HNRNPA2B1;HNRNPA1;KHDRBS1;RAN;EIF4E,GO:BP,Training_CR
GOBP_SPHINGOLIPID_METABOLIC_PROCESS,0.33787661406025826,0.9969656165934114,0.035572587882033116,-0.35289839736146256,-1.0864694411771518,17,ASAH1;PSAP;PRKCD,GO:BP,Training_CR
GOBP_ACUTE_PHASE_RESPONSE,0.3468617272298254,0.9997106442856369,0.034759926370793705,-0.3879062114356232,-1.080851401368112,12,ASS1;CD163;STAT3;TFRC;SERPINA1;SAA4;ORM1;HP;FN1;SERPINA3;SERPINF2;ITIH4,GO:BP,Training_CR
GOBP_NEGATIVE_REGULATION_OF_CALCIUM_ION_TRANSMEMBRANE_TRANSPORT,0.34709768758848514,0.9997106442856369,0.034746068639256986,-0.38782451327462814,-1.0806237598166302,12,YWHAE;PPP3CB;PPP3R1;CALM1,GO:BP,Training_CR
GOBP_NEGATIVE_REGULATION_OF_CALCIUM_ION_TRANSPORT,0.3423231606340194,0.9997106442856369,0.035082382211832845,-0.3781705661326222,-1.0832614878365414,13,YWHAE;PPP3CB;PPP3R1;CALM1,GO:BP,Training_CR
GOBP_NEGATIVE_REGULATION_OF_PROTEASOMAL_UBIQUITIN_DEPENDENT_PROTEIN_CATABOLIC_PROCESS,0.34275374806134756,0.9997106442856369,0.028958185704225457,0.39132685256278155,1.097777257850035,15,USP9X;RPL11;HSP90AB1,GO:BP,Training_CR
GOBP_PALLIUM_DEVELOPMENT,0.3443941679235797,0.9997106442856369,0.036217061511963806,-0.30132409291563667,-1.0675171141687592,28,TACC2;TUBB2B;RHOA;YWHAE;RTN4;CFL1;CRKL,GO:BP,Training_CR
GOBP_POSITIVE_REGULATION_OF_CYTOSKELETON_ORGANIZATION,0.3459648010147455,0.9997106442856369,0.02731251387593694,0.2816584995039748,1.0665880842956512,52,ARPC2;DRG1;ARF6;DCTN1;SYNPO2L;DYNC1H1;RPS3;TPM1;SYNPO2;MAPT;RHOC,GO:BP,Training_CR
GOBP_POSITIVE_REGULATION_OF_PROTEIN_POLYMERIZATION,0.34557235421166305,0.9997106442856369,0.02815621163649068,0.3345132268988308,1.0848055882607355,26,ARPC2;DRG1;ARF6;DCTN1;RPS3;MAPT,GO:BP,Training_CR
GOBP_POSITIVE_REGULATION_OF_TORC1_SIGNALING,0.34553339115351256,0.9997106442856369,0.02893094819770947,0.4156202267056653,1.0967301651407713,12,AKT1;LAMTOR2;LARS1;OTUB1;SEC13;MAT2A,GO:BP,Training_CR
GOBP_REGULATION_OF_LYMPHOCYTE_MEDIATED_IMMUNITY,0.3450336071695295,0.9997106442856369,0.03597394338037907,-0.3109012040735949,-1.0736816870433812,25,HLA-DRA;STAT5B;USP5;CD81;PPP3CB;HMGB1;AP1G1,GO:BP,Training_CR
GOBP_REGULATION_OF_MRNA_CATABOLIC_PROCESS,0.34185251505778935,0.9997106442856369,0.027986382669538755,0.304244018668249,1.0724670388704987,37,SYNCRIP;APEX1;PABPC1;AKT1;YBX1;DHX9;MAPK14;YBX3;CSDE1;SERBP1;DCPS,GO:BP,Training_CR
GOBP_RESPONSE_TO_ENDOPLASMIC_RETICULUM_STRESS,0.3464042392127176,0.9997106442856369,0.02649078279392753,0.261011935678091,1.0654251937618093,77,ERP29;LPCAT3;UFD1;GET4;AKT1;FIS1;AKT2;EIF2S1;VAPB;PPP2CB;COPS5;THBS4;DDX3X;MANF;RACK1;RCN3;STT3B;NPLOC4;ECPAS,GO:BP,Training_CR
GOBP_ACETYL_COA_BIOSYNTHETIC_PROCESS,0.9694985352403929,1,0.012722490784285289,0.19967794847846027,0.5601504453330035,15,PDHB;PDHA1;DLAT;PDHX;PPCS;ACLY,GO:BP,Training_CR
GOBP_ACETYL_COA_METABOLIC_PROCESS,0.8783302222976412,1,0.013929521019702244,0.22764790444625532,0.6987857678069048,21,PMVK;PDHB;DLST;ACACA;PDHA1;DLAT,GO:BP,Training_CR
GOBP_ACTIN_FILAMENT_BUNDLE_ORGANIZATION,0.6681103625280719,1,0.017078113228016112,0.23852489318813952,0.8822254480686418,46,FSCN1;SYNPO2L;MYL9;TPM1;SYNPO2;RHOC;PAK2;DPYSL3;DNM2;PXN;CALD1;SYNPO;PLS3;FHOD1;LIMCH1;RDX,GO:BP,Training_CR
GOBP_ACTIN_FILAMENT_DEPOLYMERIZATION,0.4270676691729323,1,0.02462397074995083,0.32012710664510624,1.025188361052016,25,TMOD4;CAPZB;CAPZA2;TMOD3;TMOD1;ACTN2;TWF2;SVIL;CAPG,GO:BP,Training_CR
GOBP_ACTIN_FILAMENT_SEVERING,0.4139575971731449,1,0.026084442488647535,0.41599831646754265,1.036787124853739,10,CSRP3;GMFB;SVIL;CAPG,GO:BP,Training_CR
GOBP_ACTIN_NUCLEATION,0.5074346265595625,1,0.02220417202951653,0.3251671207651231,0.9694399406900677,19,ARPC2;ARPC4;ACTR3;GMFB;ACTR2,GO:BP,Training_CR
GOBP_ACTIVATION_OF_INNATE_IMMUNE_RESPONSE,0.9939609786311552,1,0.010777293219827207,0.15170030403863966,0.5966245265441251,63,MARCHF5;XRCC5;UFD1;AKT1;APPL1,GO:BP,Training_CR
GOBP_ACYL_COA_METABOLIC_PROCESS,0.7406391220142027,1,0.01566777067870806,0.22845432578505454,0.8364661628590353,44,PMVK;ACOT9;FITM2;PDHB;ACSL3;NUDT19;SUCLA2;DLST;ACACA;PDHA1;DLAT;OXSM;PDHX;OGDH;SUCLG1,GO:BP,Training_CR
GOBP_ADAPTIVE_IMMUNE_RESPONSE_BASED_ON_SOMATIC_RECOMBINATION_OF_IMMUNE_RECEPTORS_BUILT_FROM_IMMUNOGLOBULIN_SUPERFAMILY_DOMAINS,0.6262516914749662,1,0.02629707022525861,-0.22261518907483976,-0.9140290001529301,52,HLA-DRA;LGALS1;CD74;PRKCD;USP5;CD81;PPP3CB;HMGB1;IGHA2;STAT3;B2M;HPRT1;YWHAG;PRKCQ;CTSC;C1QA;HLA-B,GO:BP,Training_CR
GOBP_ADAPTIVE_THERMOGENESIS,0.7685370741482966,1,0.021688623690350583,-0.22265565494393932,-0.8186983613291162,32,ACADL;HADH;ALDH1A1;GNAS;CD36;CKB;LAMA4;S100B;CAV1;FABP4;FABP5;ACSL1;PLCL1,GO:BP,Training_CR
GOBP_ADULT_BEHAVIOR,0.37377218679993107,1,0.027417023428145223,0.38240183668774563,1.0727401836257635,15,ARCN1,GO:BP,Training_CR
GOBP_ADULT_LOCOMOTORY_BEHAVIOR,0.37377218679993107,1,0.027417023428145223,0.38240183668774563,1.0727401836257635,15,ARCN1,GO:BP,Training_CR
GOBP_ALPHA_BETA_T_CELL_ACTIVATION,0.38452207666181465,1,0.03324837429362679,-0.3220005069355509,-1.042359705401708,20,HLA-DRA;LGALS1;RHOA;CD81;HMGB1;STAT3;CBFB;PRKCQ,GO:BP,Training_CR
GOBP_AMEBOIDAL_TYPE_CELL_MIGRATION,0.8389283408650743,1,0.01386828394443188,0.2112925923366667,0.773629929505814,44,ARF6;IQGAP1;AKT1;APPL1;LAMTOR2;PLEC,GO:BP,Training_CR
GOBP_AMINO_ACID_CATABOLIC_PROCESS,0.7246452968996322,1,0.023381111915723417,-0.21482945345167703,-0.8508012594726698,44,KYAT1;SHMT1;QDPR;FAH;HNMT;ALDH6A1;GPT2;BCAT2;HMGCL;ACAD8;BCKDHB;ACADSB;MCCC2;HIBADH;ECHS1;GLUL;BCKDHA;DBT,GO:BP,Training_CR
GOBP_AMINO_ACID_METABOLIC_PROCESS,0.9018485915492958,1,0.011423668529903884,0.18026608122435986,0.7786785853408474,110,DARS2;SMS;NARS1;FH;AUH;EPRS1;FARSA;GOT2;GARS1;CARS2;IARS2;ALDH5A1;ACY1;ADHFE1;HIBCH;DLST;LARS1;KARS1;SARS1;RARS1;GOT1;SEPHS1;FARSB;VARS1;IARS1;CARNS1;ETFA;ADI1,GO:BP,Training_CR
GOBP_AMINO_ACID_TRANSMEMBRANE_TRANSPORT,0.5780386740331491,1,0.024918647930122415,-0.3410214967304428,-0.9029698448228712,10,SLC1A4;EPM2A;ITGB1,GO:BP,Training_CR
GOBP_AMINO_ACID_TRANSPORT,0.4891458235016517,1,0.028216180685671312,-0.34676467916495723,-0.966215745897149,12,SLC1A4;EPM2A;ITGB1;PRKG1,GO:BP,Training_CR
GOBP_AMINO_SUGAR_METABOLIC_PROCESS,0.9924033149171271,1,0.01657509357008807,-0.18450561452608022,-0.4885410676889173,10,ALDH1A1,GO:BP,Training_CR
GOBP_AMP_BIOSYNTHETIC_PROCESS,0.9714418388669608,1,0.017011528044392852,-0.20189144736842105,-0.5500405389485464,11,PFAS;ADSS1;HPRT1;ADK;GART;ATIC;ADSL;ADSS2;APRT;NUDT2;PAICS,GO:BP,Training_CR
GOBP_AMP_METABOLIC_PROCESS,0.9689737470167065,1,0.012573227477355335,0.19280485173375234,0.5682856810651394,18,AK1;PAICS;NUDT2;AK3;APRT;ADSS2;AMPD3,GO:BP,Training_CR
GOBP_AMYLOID_BETA_CLEARANCE,0.8732296261899234,1,0.018583742461182887,-0.2548552887498372,-0.6943371906291773,11,CD36;LRPAP1;MME,GO:BP,Training_CR
GOBP_AMYLOID_BETA_FORMATION,0.47451628126474754,1,0.028759744749294113,-0.350876750321054,-0.9776735100178716,12,PIN1;RTN4;RTN2;GSK3A,GO:BP,Training_CR
GOBP_ANATOMICAL_STRUCTURE_MATURATION,0.6119327731092437,1,0.019068288756591473,0.2844382583320612,0.9008756261287554,24,ARCN1;ANG,GO:BP,Training_CR
GOBP_ANTIGEN_PROCESSING_AND_PRESENTATION_OF_EXOGENOUS_ANTIGEN,0.5261915998112318,1,0.026933847286693978,-0.337313200158665,-0.9398803998062869,12,HLA-DRA;CD74;CTSD,GO:BP,Training_CR
GOBP_ANTIGEN_PROCESSING_AND_PRESENTATION_OF_EXOGENOUS_PEPTIDE_ANTIGEN,0.5389042357274402,1,0.026098992326281868,-0.3510467057783392,-0.9295149792061481,10,HLA-DRA;CD74;CTSD,GO:BP,Training_CR
GOBP_ANTIGEN_PROCESSING_AND_PRESENTATION_OF_PEPTIDE_ANTIGEN,0.5844374849433871,1,0.02549496129410239,-0.2859043504568613,-0.9113029665830311,19,HLA-DRA;CD74;ERAP1;CTSD,GO:BP,Training_CR
GOBP_ANTIGEN_PROCESSING_AND_PRESENTATION_OF_PEPTIDE_ANTIGEN_VIA_MHC_CLASS_I,0.9988390991409334,1,0.016605541607835138,-0.15748355263157895,-0.4290540252898031,11,ERAP1;B2M;HLA-B;SAR1B;AZGP1;CALR;PDIA3;HLA-A;IDE;HLA-C;LNPEP,GO:BP,Training_CR
GOBP_ANTIGEN_PROCESSING_AND_PRESENTATION_OF_PEPTIDE_OR_POLYSACCHARIDE_ANTIGEN_VIA_MHC_CLASS_II,0.3638263292314836,1,0.03347459041996721,-0.3919432212308908,-1.067824632757521,11,HLA-DRA;CD74;CTSD,GO:BP,Training_CR
GOBP_ANTIGEN_RECEPTOR_MEDIATED_SIGNALING_PATHWAY,0.5896069287141905,1,0.01949138015395944,0.2720389918016777,0.9136508534882186,30,THY1;MAPK1;EIF2B3;RPS3,GO:BP,Training_CR
GOBP_ANTIMICROBIAL_HUMORAL_IMMUNE_RESPONSE_MEDIATED_BY_ANTIMICROBIAL_PEPTIDE,0.35128116343490307,1,0.028599590540202308,0.4062877454479829,1.0964829816403827,13,RPL30;ANG,GO:BP,Training_CR
GOBP_APICAL_JUNCTION_ASSEMBLY,0.3857951864086833,1,0.03263849625963399,-0.35847637083005257,-1.0506718253830996,14,CTNNA1;RHOA;WDR1;VCL;ESAM;MYO1C;RAC1,GO:BP,Training_CR
GOBP_APOPTOTIC_CELL_CLEARANCE,0.36337895233600753,1,0.03382086211007419,-0.38326208729474737,-1.0679111391660305,12,FCN3;CD36;HMGB1,GO:BP,Training_CR
GOBP_APPENDAGE_DEVELOPMENT,0.6967116158031701,1,0.022332491929491813,-0.28819797025551475,-0.8255369137876684,13,ITGA6;MAP3K20,GO:BP,Training_CR
GOBP_APPENDAGE_MORPHOGENESIS,0.6904593639575972,1,0.018014813721634007,0.33149098628861495,0.8261706189282586,10,MUSTN1;CRABP2;COL3A1;BAX;LNPK;MBNL1,GO:BP,Training_CR
GOBP_ARTERY_DEVELOPMENT,0.8088133240804997,1,0.015439413426363484,0.2679222704825051,0.7377962209537144,14,GAA,GO:BP,Training_CR
GOBP_ASPARTATE_FAMILY_AMINO_ACID_METABOLIC_PROCESS,0.8280239520958084,1,0.019850298613866838,-0.24283248433165563,-0.7367439735219274,16,MTHFD1;ENOPH1;ASS1;APIP;ADSS1,GO:BP,Training_CR
GOBP_ASSOCIATIVE_LEARNING,0.9647790055248618,1,0.016987083592100466,-0.21290587751746815,-0.5637403771521937,10,ITGB1;PLN;MECP2;COMT;PPT1;PGRMC1;ATP1A2;KRAS;RIC8A;LGMN,GO:BP,Training_CR
GOBP_ASTROCYTE_DIFFERENTIATION,0.9164235455637549,1,0.01347885299433552,0.22729847192468117,0.6483463318996193,16,MAPK1;MAPT;BIN1,GO:BP,Training_CR
GOBP_AUTOPHAGOSOME_MATURATION,0.35389765662362505,1,0.0346219456356085,-0.34878268293839887,-1.073798377826613,17,CALM1;CHMP3;FYCO1;CHMP6;VCP;VPS4B;LAMP2;CHMP2A,GO:BP,Training_CR
GOBP_AUTOPHAGOSOME_ORGANIZATION,0.8843661737830204,1,0.013524958910925089,0.21868260599656228,0.7091740892871718,26,IRGQ;ATG7;STBD1;SCFD1;MTM1;PIP4K2B,GO:BP,Training_CR
GOBP_AXONAL_TRANSPORT,0.4985352403929002,1,0.022615214154593968,0.3474298421759703,0.9746343164069429,15,DCTN1;DYNC1H1;MAPT,GO:BP,Training_CR
GOBP_AXO_DENDRITIC_TRANSPORT,0.8143907024440267,1,0.015123587864004761,0.25103880483173413,0.7484368145658008,19,DCTN1;DYNC1H1;MAPT,GO:BP,Training_CR
GOBP_BIOLOGICAL_PROCESS_INVOLVED_IN_INTERACTION_WITH_SYMBIONT,0.7445229681978799,1,0.01690709224947908,0.315439303025811,0.7861652201554397,10,CTSG;GAPDH;DDB1;HSPD1;APOL1,GO:BP,Training_CR
GOBP_BIOMINERAL_TISSUE_DEVELOPMENT,0.9424256724870221,1,0.017693577460174276,-0.22020694579060904,-0.613578692302719,12,ECM1;ATP2B1,GO:BP,Training_CR
GOBP_BLASTOCYST_DEVELOPMENT,0.9453504510756419,1,0.0131864025565188,0.21865342448578534,0.602121167432906,14,CAPN2;NDUFA2;DAD1;PPP1CC;PSMC4;SBDS;RPL13;MFN2,GO:BP,Training_CR
GOBP_BLOOD_VESSEL_ENDOTHELIAL_CELL_MIGRATION,0.7019883608147429,1,0.02260421885603269,-0.2509041454069442,-0.8383996773825227,22,PACSIN2;RHOA;NRP1;ITGB1;HMGB1,GO:BP,Training_CR
GOBP_BODY_FLUID_SECRETION,0.7332249825864872,1,0.021238080846158407,-0.29446492833372984,-0.802251160181955,11,STAT5B;VAMP2;NME1;CAV1;VAMP3,GO:BP,Training_CR
GOBP_BONE_DEVELOPMENT,0.7322377158034529,1,0.016241482595981384,0.24944810026129832,0.8241324615394804,28,BGN;COL1A1;MAPK14;OGN;PPIB;TGM2;MAP2K6;FBLN5;RAB23;PLS3;OPA3;SBDS;COL3A1;RPL13;ACTN3,GO:BP,Training_CR
GOBP_BONE_MINERALIZATION,0.7969613259668509,1,0.019828377581581156,-0.28367232692610117,-0.7511185056684968,10,ECM1;ATP2B1,GO:BP,Training_CR
GOBP_BRANCHED_CHAIN_AMINO_ACID_METABOLIC_PROCESS,0.44682404477975174,1,0.030427381199525476,-0.3044442849668223,-1.0003932360900656,21,ALDH6A1;BCAT2;HMGCL;ACAD8;BCKDHB;ACADSB;MCCC2;HIBADH;ECHS1;BCKDHA;DBT,GO:BP,Training_CR
GOBP_BROWN_FAT_CELL_DIFFERENTIATION,0.953356890459364,1,0.013327928356846638,0.2304413587580434,0.5743259631984157,10,MAPK14;FABP3;MB,GO:BP,Training_CR
GOBP_B_CELL_MEDIATED_IMMUNITY,0.9761186525892408,1,0.01810975955323248,-0.16913919122911658,-0.5992185343250881,28,CD74;PRKCD;CD81,GO:BP,Training_CR
GOBP_B_CELL_PROLIFERATION,0.6582967515364355,1,0.018631353544616782,0.33219583269127495,0.8528684103285037,11,CTPS1;PCYT1A,GO:BP,Training_CR
GOBP_B_CELL_RECEPTOR_SIGNALING_PATHWAY,0.8407632263660018,1,0.014877219788696628,0.26973690826724284,0.711776244128741,12,MAPK1,GO:BP,Training_CR
GOBP_CALCINEURIN_MEDIATED_SIGNALING,0.9292642536077597,1,0.017939371505987733,-0.22100675148623103,-0.6330691065812256,13,PPP3CB;PPP3R1;CALM1,GO:BP,Training_CR
GOBP_CALCIUM_ION_HOMEOSTASIS,0.9851226993865031,1,0.010767919313149339,0.15726320511693095,0.6276836225969679,68,CAMK2D;THY1;C19orf12;CSRP3,GO:BP,Training_CR
GOBP_CALCIUM_ION_REGULATED_EXOCYTOSIS,0.457182320441989,1,0.0289854798089291,-0.37274261774442363,-0.9869622499768564,10,VAMP2;PPP3CB;VAMP3,GO:BP,Training_CR
GOBP_CALCIUM_ION_TRANSMEMBRANE_IMPORT_INTO_CYTOSOL,0.7596431382839149,1,0.02260421885603269,-0.2142308555119654,-0.8333789657872398,41,CACNA1S;FKBP1A;PPP3CB;CACNB3;PPP3R1;CALM1;SRI;LETM1;CAV1,GO:BP,Training_CR
GOBP_CALCIUM_ION_TRANSMEMBRANE_TRANSPORT,0.6877113866967306,1,0.02539819689771847,-0.20607712496023767,-0.8902711063157452,66,CACNA1S;ATP2B2;FKBP1A;YWHAE;ATP2B1;PPP3CB;CACNB3;PPP3R1;CALM1;STAC3;G6PD;SRI;LETM1;CAV1,GO:BP,Training_CR
GOBP_CALCIUM_ION_TRANSPORT,0.5292045788083358,1,0.030766634723500334,-0.21480131453140938,-0.9643835976039865,81,CACNA1S;ATP2B2;MYLK;FKBP1A;TPT1;YWHAE;ATP2B1;PPP3CB;EPM2A;CACNB3;PPP3R1;CALM1;STAC3;G6PD;SRI;LETM1;CAV1,GO:BP,Training_CR
GOBP_CALCIUM_MEDIATED_SIGNALING,0.5516129032258065,1,0.020013743107807846,0.25897529700689825,0.9445672433434463,43,CAMK2D;MYOZ1;NUDT4;JPT2;MAPT;MCU,GO:BP,Training_CR
GOBP_CANONICAL_NF_KAPPAB_SIGNAL_TRANSDUCTION,0.5961322869955157,1,0.027760589777929074,-0.21900730300386595,-0.9291256222932033,61,LGALS1;PRDX1;ECM1;CD74;GSTP1;RHOA;UBE2N;FKBP1A;FLOT2;CD36;PPM1B;DDRGK1;S100B;CAV1,GO:BP,Training_CR
GOBP_CANONICAL_WNT_SIGNALING_PATHWAY,0.9593333333333334,1,0.012389705943645808,0.18572364137535038,0.6275033341788876,31,PPP1CA;RUVBL2;COL1A1;JUP;MAPK14;VPS35;DDX3X,GO:BP,Training_CR
GOBP_CARBOHYDRATE_BIOSYNTHETIC_PROCESS,0.5005509641873278,1,0.030621663832459747,-0.23221262514186092,-0.9754836512357509,58,SORD;PGAM1;GPD1;PC;PFKFB1;ENO1;ARPP19;SORBS1;PGK1;EPM2A;PPP1R3A;G6PD;PGD;PRKG1;GSK3A,GO:BP,Training_CR
GOBP_CARBOHYDRATE_CATABOLIC_PROCESS,0.6614858563879391,1,0.01676229190456413,0.2275427883192943,0.8906036604033487,61,GAA;PKM;HK1;FBP1;PYGM;PFKM;AGL;PPP1CA;GALM;STBD1;ENO3;PRKAG1;GAPDH;ARL2;PYGB;HK2;PRKAA1;PPP2CA;ALDOA;OGDH;PGAM2;LDHA;GPI;PHKA1;HEXB,GO:BP,Training_CR
GOBP_CARBOHYDRATE_DERIVATIVE_CATABOLIC_PROCESS,0.8681018799272286,1,0.012465939959617606,0.19207820690480365,0.78041715716908,75,ENPP4;PKM;HK1;NUDT4;NT5C2;FBP1;PFKM;GALM;NUDT9;ENO3;PRKAG1;CD44;GAPDH;ARL2;HK2;PRKAA1;PPP2CA;STT3B;ALDOA;OGDH;NAGK;PGAM2;LDHA;GPI,GO:BP,Training_CR
GOBP_CARBOHYDRATE_HOMEOSTASIS,0.7763178977727928,1,0.014883177276615736,0.21956860668433287,0.8180093882542907,48,HK1;CSRP3;SLC16A1;AKT1;FIS1;PFKM;COL1A1;MCU;MUSTN1;TRA2B;IGFBP5;RACK1;HK2;PRKAA1;STXBP3;GPI;RPS6;SERPINF1,GO:BP,Training_CR
GOBP_CARBOHYDRATE_PHOSPHORYLATION,0.8068904593639576,1,0.015737355899145034,0.29599451482476463,0.7377032306369659,10,HK1;PFKM,GO:BP,Training_CR
GOBP_CARBOHYDRATE_TRANSPORT,0.7788689468337284,1,0.015633112654169393,0.25195673045842504,0.7895971778718369,23,AKT1;APPL1;AKT2;MAPK14;DHRS7C;HK2;STXBP3;RAP1A;ACACB;PPBP,GO:BP,Training_CR
GOBP_CARDIAC_CHAMBER_DEVELOPMENT,0.8333618184925654,1,0.014791119132416545,0.24542052293846078,0.7316866989557751,19,TPM1;MYL3;AP2B1;TMEM65;TNNI1;HECTD1;MYH7,GO:BP,Training_CR
GOBP_CARDIAC_CHAMBER_MORPHOGENESIS,0.8784804152902312,1,0.01873514170896808,-0.24573789098411125,-0.6847174291342869,12,NRP1;FKBP1A;GSK3A;RBP4,GO:BP,Training_CR
GOBP_CARDIAC_CONDUCTION,0.42631182525734374,1,0.031906289529290845,-0.2933874339563048,-1.0214960040138443,26,SCN1B;ATP2B2;YWHAE;ATP2B1;CALM1;SRI;CAV1,GO:BP,Training_CR
GOBP_CARDIAC_MUSCLE_CELL_ACTION_POTENTIAL,0.5397865114022319,1,0.026972773043853315,-0.2891862638212286,-0.936135509945795,20,SCN1B;SLMAP;YWHAE;CALM1;CAV1,GO:BP,Training_CR
GOBP_CARDIAC_MUSCLE_CELL_ACTION_POTENTIAL_INVOLVED_IN_CONTRACTION,0.5328534943115858,1,0.02643833789493013,-0.34403077459098974,-0.9372901880563393,11,SCN1B,GO:BP,Training_CR
GOBP_CARDIAC_MUSCLE_CELL_CONTRACTION,0.7918367346938775,1,0.015458037970262545,0.25475375600738315,0.7716243244506479,20,CAMK2D;JUP;ATP1A1;BIN1,GO:BP,Training_CR
GOBP_CARDIAC_MUSCLE_TISSUE_MORPHOGENESIS,0.36804214223002635,1,0.028020170993616672,0.41988185831284025,1.0779905639510319,11,TPM1;TTN;TCAP;MYL3;TNNI1;ACTC1;MYH7,GO:BP,Training_CR
GOBP_CARDIAC_VENTRICLE_DEVELOPMENT,0.42081526452732004,1,0.02549496129410239,0.39226165682222686,1.0350920480337857,12,TPM1;MYL3;AP2B1;TMEM65;TNNI1;HECTD1;MYH7;TNNC1,GO:BP,Training_CR
GOBP_CARTILAGE_DEVELOPMENT,0.5120748299319728,1,0.021982797088754183,0.3187179398653491,0.9653656098863357,20,BGN;COL1A1;MAPK14;MUSTN1;CD44;OGN;PBXIP1;COL3A1;GPLD1;LNPK;MAPK3;EFEMP1,GO:BP,Training_CR
GOBP_CELLULAR_COMPONENT_DISASSEMBLY,0.45129107981220656,1,0.02164789647516786,0.23289378077159872,1.0048579779657156,109,ABCE1;FSCN1;TMOD4;ARF6;CTSG;DCTN1;SET;GSPT1;CAPZB;MRRF;CAPZA2;TMOD3;ETF1;PLIN3;PPP1CA;MCTS1;MAP1S;C1QB;C1QC;TMOD1;CLTC;LPIN1;TRIM54;GCN1;ACTN2;TWF2;RACK1;MTIF2;SVIL;CAPG,GO:BP,Training_CR
GOBP_CELLULAR_HYPEROSMOTIC_RESPONSE,0.7722614840989399,1,0.01637390685270087,0.3071158410139115,0.7654207654147918,10,FBP1;YBX3;AKR1B1;XRCC6;MICU1;RCSD1,GO:BP,Training_CR
GOBP_CELLULAR_PROCESS_INVOLVED_IN_REPRODUCTION_IN_MULTICELLULAR_ORGANISM,0.599373247567211,1,0.0190971483806049,0.26362258397832505,0.9145641654674196,35,DIAPH2;ANG;AKT1;PPP2R1A;VDAC3;TUBA8;IGF2;RAB24;SLIRP;HEXB;DDX6,GO:BP,Training_CR
GOBP_CELLULAR_RESPONSE_TO_ABIOTIC_STIMULUS,0.4978474784747847,1,0.020851076639659922,0.24584743044602658,0.9787036823429333,67,XRCC5;FBP1;CRADD;CUL4A;AKT2;PLEC;BABAM2;RUVBL2;COL1A1;EIF2S1;MAPK14;MAP2K4;TSPO;YBX3;ATP1A1;GOT1;DDX3X,GO:BP,Training_CR
GOBP_CELLULAR_RESPONSE_TO_ACID_CHEMICAL,0.8801219099221131,1,0.01386828394443188,0.22588029856432626,0.7078772849557592,23,CAPN2;LAMTOR2;PLEC;COL1A1;LARS1,GO:BP,Training_CR
GOBP_CELLULAR_RESPONSE_TO_ANGIOTENSIN,0.9106678230702515,1,0.013724521941853618,0.24254950225783395,0.6400346724569556,12,AHCYL1;AGT;PPP3CA;ACTN2,GO:BP,Training_CR
GOBP_CELLULAR_RESPONSE_TO_BIOTIC_STIMULUS,0.4890118834445711,1,0.022019416075025718,0.2780415070326475,0.9801025934236836,37,IL18;MAPK1;CTSG;AKT1;CAPN2;MAPK14;HADHB;TSPO,GO:BP,Training_CR
GOBP_CELLULAR_RESPONSE_TO_CALCIUM_ION,0.3502460546410996,1,0.02829369255600756,0.35475383338670174,1.0889488767690123,21,CAMK2D;IQGAP1;CPNE1;LGMN;CAPN3;CLIC4;PRKAA1;CACYBP;PPIF,GO:BP,Training_CR
GOBP_CELLULAR_RESPONSE_TO_CAMP,0.9390581717451524,1,0.013253003562240458,0.22458898028679833,0.6061172100500143,13,FBP1;ATP5PO;IGFBP5,GO:BP,Training_CR
GOBP_CELLULAR_RESPONSE_TO_CARBOHYDRATE_STIMULUS,0.8964652795186764,1,0.019338903868330204,-0.20320711529295193,-0.7137065985081853,27,STX4;PRKAA2;PPP3CB;SRI;ENDOG;GCLC;GPX1;MPC2;PHPT1;OXCT1;RAC1,GO:BP,Training_CR
GOBP_CELLULAR_RESPONSE_TO_CHEMICAL_STRESS,0.44573643410852715,1,0.03441742715306239,-0.22043000572245167,-1.0030297596117816,87,SOD1;VKORC1L1;PRDX1;MYLK;STX4;PRKRA;SOD3;PRKCD;OXSR1;TXN;PRKAA2;CD36;CFL1;G6PD;LETM1;ENDOG;FXN;CAT;CAV1;CCS;MGST1;RWDD1;PNPT1;MPO;STK24;PPIA;GPX1;PARK7;SLC25A24;ROMO1;PRDX2;CYGB;CUL3,GO:BP,Training_CR
GOBP_CELLULAR_RESPONSE_TO_GLUCOSE_STARVATION,0.3914582350165172,1,0.0323549720388035,-0.37395270199343916,-1.0419717191408768,12,SESN1;PRKAA2;PLIN2;HNRNPA1,GO:BP,Training_CR
GOBP_CELLULAR_RESPONSE_TO_HEAT,0.7787782915551229,1,0.021033377163281866,-0.23973056937227075,-0.7877462377399382,21,RBBP7;PDCD6;EEF1D;YWHAE,GO:BP,Training_CR
GOBP_CELLULAR_RESPONSE_TO_HYDROGEN_PEROXIDE,0.5165172251061821,1,0.027256589839983362,-0.32416573305613106,-0.950109491702605,14,PRKCD;TXN;CFL1;FXN;CAT;PARK7,GO:BP,Training_CR
GOBP_CELLULAR_RESPONSE_TO_INSULIN_STIMULUS,0.3776311655670751,1,0.02564854171854537,0.2717834195968373,1.0484529824168034,57,PKM;LONP1;MAPK1;CSRP3;NAMPT;FBP1;EPRS1;AKT1;APPL1;AKT2,GO:BP,Training_CR
GOBP_CELLULAR_RESPONSE_TO_INTERLEUKIN_1,0.9933241252302025,1,0.01656158398599999,-0.18290176736539251,-0.4842943394454174,10,CFL1;MYLK3;RELA;GBP2;TOLLIP;PTGIS;MAPK3;PYCARD;AKAP12;RBMX,GO:BP,Training_CR
GOBP_CELLULAR_RESPONSE_TO_IONIZING_RADIATION,0.5453912235895054,1,0.026040893178506275,-0.3401538133276316,-0.9267276511555628,11,TNKS1BP1;MAP3K20;EEF1D;CRYAB,GO:BP,Training_CR
GOBP_CELLULAR_RESPONSE_TO_KETONE,0.3623046875,1,0.034567121849770156,-0.31359723256074185,-1.0600498724285605,23,GNG2;AKR1C2;GNAS;PRKAA2;ASS1;GNB1;RWDD1;CBX3;PARK7,GO:BP,Training_CR
GOBP_CELLULAR_RESPONSE_TO_LIGHT_STIMULUS,0.3574838049778384,1,0.02801171564972922,0.36752685861887097,1.0832727977632801,18,CUL4A;AKT2;RUVBL2;EIF2S1;MAPK14,GO:BP,Training_CR
GOBP_CELLULAR_RESPONSE_TO_METAL_ION,0.5266483071440142,1,0.020789329404413723,0.2675302454136617,0.9605916151749083,40,CAMK2D;FBP1;IQGAP1;CPNE1;EIF2S1;TSPO;PPP5C;LGMN;CAPN3;CLIC4;PRKAA1;CACYBP;PPIF,GO:BP,Training_CR
GOBP_CELLULAR_RESPONSE_TO_MOLECULE_OF_BACTERIAL_ORIGIN,0.43869572450507405,1,0.024110525741344244,0.29608177589052365,1.0127201796101442,33,IL18;MAPK1;CTSG;AKT1;CAPN2;MAPK14;HADHB;TSPO,GO:BP,Training_CR
GOBP_CELLULAR_RESPONSE_TO_NUTRIENT_LEVELS,0.775984506132989,1,0.01499385115866567,0.2224893995862542,0.8146260908354385,44,MAPK1;ATG7;PLIN3;COL1A1;EIF2S1;MCU;PAK2;LARS1;PRKAG1;GCN1,GO:BP,Training_CR
GOBP_CELLULAR_RESPONSE_TO_OSMOTIC_STRESS,0.4270408163265306,1,0.024918647930122415,0.3385269375830122,1.0253651353947772,20,FBP1;TSPO;YBX3;ATP1A1;DDX3X;CAPN3;AKR1B1;CAB39;XRCC6;PYCARD;MICU1;CASP3;RCSD1,GO:BP,Training_CR
GOBP_CELLULAR_RESPONSE_TO_OXYGEN_LEVELS,0.8762593645052957,1,0.020138895334878754,-0.19754735574458845,-0.7542909496068273,38,ENO1;PIN1;PGK1;RTN4;S100B;ENDOG;CAV1;P4HB;HP1BP3,GO:BP,Training_CR
GOBP_CELLULAR_RESPONSE_TO_PEPTIDE_HORMONE_STIMULUS,0.6690182245737801,1,0.026581195004536623,-0.20297078565427412,-0.9089119843999492,80,MAP1B;STAT5B;HMGCS2;VAMP2;GSTP1;PRKCD;RAB10;GNAS;ATP2B1;SORBS1;CA2;ASS1;CTSD;CFL1;SGCB;ECHDC3;CAV1;GSK3A;BLVRB;GCLC;STAT3;FBN1;NCL;MYO1C;PAK1;TBC1D4;YWHAG;CUL3;PRKCQ,GO:BP,Training_CR
GOBP_CELLULAR_RESPONSE_TO_RADIATION,0.4256308100929615,1,0.024572305610164144,0.3102752280985772,1.0250945476022817,28,XRCC5;CUL4A;AKT2;BABAM2;RUVBL2;EIF2S1;MAPK14,GO:BP,Training_CR
GOBP_CELLULAR_RESPONSE_TO_REACTIVE_OXYGEN_SPECIES,0.6095213319458896,1,0.026084442488647535,-0.23700822992883627,-0.9099653187675093,39,SOD1;PRDX1;SOD3;PRKCD;TXN;CD36;CFL1;ENDOG;FXN;CAT;CCS;MPO;PARK7;ROMO1;PRDX2;CYGB,GO:BP,Training_CR
GOBP_CELLULAR_RESPONSE_TO_STARVATION,0.70414007527409594,1,0.01660215496409118,0.24277481864551068,0.8503681642844081,36,MAPK1;ATG7;PLIN3;EIF2S1;MCU;PAK2;LARS1;PRKAG1;GCN1,GO:BP,Training_CR
GOBP_CELLULAR_RESPONSE_TO_TOPOLOGICALLY_INCORRECT_PROTEIN,0.4213147410358566,1,0.024741007076975456,0.3113693605643567,1.0287093680051171,28,UFD1;AKT1;AKT2;EIF2S1;VAPB;COPS5;MANF;RACK1;OPTN,GO:BP,Training_CR
GOBP_CELLULAR_RESPONSE_TO_TYPE_II_INTERFERON,0.7700918964076858,1,0.015604822256544668,0.24854001217005006,0.7959348722535204,25,SYNCRIP;EPRS1;ACTR3;ACTR2;GAPDH;MRC1;STXBP3,GO:BP,Training_CR
GOBP_CELLULAR_RESPONSE_TO_UV,0.5812596533379097,1,0.02016137905488695,0.31982845956168837,0.9122789380767953,16,CUL4A;RUVBL2;EIF2S1;MAPK14,GO:BP,Training_CR
GOBP_CELLULAR_RESPONSE_TO_VASCULAR_ENDOTHELIAL_GROWTH_FACTOR_STIMULUS,0.9632199861207494,1,0.012914860264196635,0.20752361917095608,0.5714722471828524,14,AKT1;MAPK14;TNXB;HSPB1,GO:BP,Training_CR
GOBP_CELLULAR_SENESCENCE,0.6450680272108843,1,0.01845766414618504,0.288166601810177,0.872828581355921,20,YBX1;MAPK9;MAPK14;MAP2K4,GO:BP,Training_CR
GOBP_CELL_CELL_ADHESION_VIA_PLASMA_MEMBRANE_ADHESION_MOLECULES,0.9575021682567216,1,0.012998740801217752,0.21699204703048802,0.5725941816169487,12,MAPK14;CDH13;MYOT;RIC8A,GO:BP,Training_CR
GOBP_CELL_CELL_JUNCTION_ASSEMBLY,0.5469255663430421,1,0.027192973763517998,-0.2726219592277827,-0.9414862383082603,25,CTNNA1;RHOA;EPB41L3;WDR1;TLN2;CAV1;VCL;ESAM;MYO1C;CD9,GO:BP,Training_CR
GOBP_CELL_CELL_JUNCTION_ORGANIZATION,0.6913827655310621,1,0.02336941027732292,-0.23485404860439324,-0.8635514997018002,32,CTNNA1;RHOA;EPB41L3;WDR1;TLN2;CAV1;VCL;ESAM;MYLK3;MYO1C;CD9;FERMT2;RAC1;TLN1;CDC42,GO:BP,Training_CR
GOBP_CELL_CELL_RECOGNITION,0.5110691608031577,1,0.02215639648469809,0.33699290946986366,0.9612388278763527,16,VDAC2;CCT5;CCT7;CCT8;ALDOA;CORO1A,GO:BP,Training_CR
GOBP_CELL_CHEMOTAXIS,0.9102937284996031,1,0.019925124403396326,-0.1847310948108442,-0.7341538118688089,45,CD74;GSTP1;NRP1;PRKCD;OXSR1;HMGB1;CRKL;S100A9;DDT;HMGB2;PPIA;S100A8;RHOG;PRKCQ;ITGA1,GO:BP,Training_CR
GOBP_CELL_COMMUNICATION_BY_ELECTRICAL_COUPLING,0.6956371191135734,1,0.017605373325863694,0.30620421609302123,0.8263791256670276,13,CAMK2D,GO:BP,Training_CR
GOBP_CELL_COMMUNICATION_INVOLVED_IN_CARDIAC_CONDUCTION,0.6830197666110979,1,0.02275349304160001,-0.2804369764253184,-0.8392782627646492,15,SCN1B;CALM1;SRI;CAV1,GO:BP,Training_CR
GOBP_CELL_CYCLE_G2_M_PHASE_TRANSITION,0.44646706586826346,1,0.030146099965808835,-0.3310340300087258,-1.0043439093861481,16,PKIA;ARPP19;CALM1;ENSA;PPME1;KHDRBS1;VPS4B;LCMT1,GO:BP,Training_CR
GOBP_CELL_KILLING,0.652653704676826,1,0.02509885276867545,-0.22561082073695798,-0.8934993193419035,44,TUBB4B;HLA-DRA;STAT5B;PRDX1;VAMP2,GO:BP,Training_CR
GOBP_CELL_MATURATION,0.9345360824742268,1,0.01321300972916301,0.21568599800698984,0.6250269239000873,17,ANG;PPP2R1A;AKR1B1;RAB24,GO:BP,Training_CR
GOBP_CELL_RECOGNITION,0.8753129694541812,1,0.019680343616885466,-0.20678669370451877,-0.7399118529384175,29,NRP1;CD81;RTN4;FCN3;CD36,GO:BP,Training_CR
GOBP_CELL_REDOX_HOMEOSTASIS,0.8775510204081632,1,0.013974214767679405,0.22980906619102537,0.6960692875795911,20,APEX1;NNT;PRDX3;GLRX5,GO:BP,Training_CR
GOBP_CELL_SUBSTRATE_JUNCTION_ORGANIZATION,0.8271109997494362,1,0.02055470330041804,-0.2112873581732263,-0.7816121160968533,33,TNS1;ITGA6;RHOA;NRP1;SORBS1;CFL1;CLASP2;VCL;CTTN;DMTN,GO:BP,Training_CR
GOBP_CELL_SURFACE_PATTERN_RECOGNITION_RECEPTOR_SIGNALING_PATHWAY,0.8294198895027625,1,0.01922577267487386,-0.2748640224961477,-0.7277955381707776,10,FCN3;HMGB1;LTF;RELA;TMEM126A;FLOT1;SQSTM1,GO:BP,Training_CR
GOBP_CELL_SURFACE_RECEPTOR_PROTEIN_SERINE_THREONINE_KINASE_SIGNALING_PATHWAY,0.8383539537385691,1,0.021441271912037152,-0.19585688868756296,-0.8001978691915351,51,PELO;NGLY1;UBE2D1;RBBP7;PIN1;FKBP1A;ITGB1;SDCBP;CRKL;NUP93;CAV1,GO:BP,Training_CR
GOBP_CENTRAL_NERVOUS_SYSTEM_NEURON_DEVELOPMENT,0.62665428372417,1,0.02373140120648082,-0.3210615543010512,-0.8747119933275129,11,SCN1B;NRP1;CRKL,GO:BP,Training_CR
GOBP_CENTRAL_NERVOUS_SYSTEM_NEURON_DIFFERENTIATION,0.5856156227673256,1,0.025268056288131197,-0.3010551456706519,-0.900983325649676,15,SCN1B;NRP1;ITGB1;CRKL,GO:BP,Training_CR
GOBP_CENTROSOME_DUPLICATION,0.8736187845303868,1,0.018449826522620616,-0.25976161117961366,-0.6878067922011322,10,CHMP3;VPS4B;CHMP2A;CHORDC1;PDCD6IP;XPO1;NPM1;CHMP5;NUBP1;CHMP4B,GO:BP,Training_CR
GOBP_CHAPERONE_MEDIATED_AUTOPHAGY,0.5517955801104972,1,0.02569780416743062,-0.34730785039046447,-0.919615094003096,10,HSP90AA1;EEF1A1;LAMP2;SNCA;HSPA8;SNRNP70;CLU;EEF1A2;STUB1;BAG3,GO:BP,Training_CR
GOBP_CHAPERONE_MEDIATED_PROTEIN_FOLDING,0.7035611164581328,1,0.016324090843550226,0.2325201453434826,0.8600158527220749,46,PDCL3;HSP90AB1;HSPH1;UNC45B;DNAJB4;CCT5;CCT6A;DNAJB1;PPIB;CCT7;CCT8,GO:BP,Training_CR
GOBP_CHEMOKINE_PRODUCTION,0.7615101289134438,1,0.02052221180519304,-0.29385399160797016,-0.7780779093013207,10,CD74;GSTP1;HMGB1,GO:BP,Training_CR
GOBP_CHOLESTEROL_EFFLUX,0.9475449101796407,1,0.017834508216473657,-0.20006053898039344,-0.6069756146465423,16,CES1;CAV1;NPC2;APOC1,GO:BP,Training_CR
GOBP_CHONDROCYTE_DIFFERENTIATION,0.951009657594381,1,0.013274374645056358,0.2272017515948876,0.583310137086114,11,MAPK14;MUSTN1;COL3A1;GPLD1;LNPK;EFEMP1;TGFBI,GO:BP,Training_CR
GOBP_CHROMOSOME_LOCALIZATION,0.5755862298353567,1,0.019832758656978127,0.28154294824489484,0.9209644498094167,27,DYNC1H1;ACTR3;MAP1S;KPNB1;ACTR2;EML4,GO:BP,Training_CR
GOBP_CILIUM_ORGANIZATION,0.3963344788087056,1,0.025522745779818223,0.29607645365355206,1.0370679784085772,36,USP9X;DCTN1;AKT1;ACTR3;RO60;ACTR2;VDAC3;SYNE2;SEPTIN9,GO:BP,Training_CR
GOBP_CIRCADIAN_RHYTHM,0.5455879954330451,1,0.0203518895016982,0.2673700541398935,0.9490205278548927,38,USP9X;NDUFA9;NAMPT;PPP1CB;ATG7;PPP1CA;MAPK9,GO:BP,Training_CR
GOBP_COLLAGEN_METABOLIC_PROCESS,0.4621432233806187,1,0.023701327139342688,0.3356974617768449,1.0008346682437912,19,PCOLCE;COL1A1;MRC2;GOT1;RCN3;TNXB;RAP1A,GO:BP,Training_CR
GOBP_COMPLEMENT_ACTIVATION,0.9930151338766007,1,0.011852524251506366,0.15930908468446175,0.5211212159306053,27,C1QB;C1QC;C8G;C1QBP;A2M;CFB;PHB2;SERPING1;C1R;C1S;C3;CFI;CFH;CD59;C2,GO:BP,Training_CR
GOBP_COMPLEMENT_ACTIVATION_CLASSICAL_PATHWAY,0.9022389335156383,1,0.013644933050246583,0.22382425536250483,0.6673004710102861,19,C1QB;C1QC;C8G;C1QBP;SERPING1;C1R;C1S;C3;CFI;C2,GO:BP,Training_CR
GOBP_CONNECTIVE_TISSUE_DEVELOPMENT,0.8207390146471372,1,0.014629253941682994,0.2295640138582208,0.7641723046503389,29,NAMPT;BGN;COL1A1;MAPK14;MUSTN1;CD44;OGN,GO:BP,Training_CR
GOBP_COPII_COATED_VESICLE_BUDDING,0.43641322877599725,1,0.024598111373244077,0.345594778707327,1.0186287452011684,18,TRAPPC3;PREB;VAPB;SEC23A;SEC24C;SEC31A,GO:BP,Training_CR
GOBP_CORTICAL_ACTIN_CYTOSKELETON_ORGANIZATION,0.5398931587110115,1,0.021361575608860726,0.33668495937387777,0.9444920251198691,15,ARF6;IQGAP1;PLEC,GO:BP,Training_CR
GOBP_CORTICAL_CYTOSKELETON_ORGANIZATION,0.7610664843616476,1,0.016103858374711708,0.2655093305866172,0.7915786475917203,19,ARF6;IQGAP1;PLEC,GO:BP,Training_CR
GOBP_CYTOCHROME_COMPLEX_ASSEMBLY,0.9747698602113877,1,0.012486324902438143,0.1882390489864863,0.5548281342217529,18,SCO1;BCS1L,GO:BP,Training_CR
GOBP_CYTOKINESIS,0.675930781331935,1,0.024482404638307115,-0.2247025880162406,-0.8790928487269575,42,SEPTIN10;PIN1;RHOA;STMN1;DCTN3;STAMBP;CALM1;CFL1;SNX9;ATXN10;CHMP3;CHMP6;PDXP;VPS4B;CUL3,GO:BP,Training_CR
GOBP_CYTOKINETIC_PROCESS,0.6723367697594502,1,0.017995910584663745,0.2944929116484819,0.8533979969903549,17,ARF6;IQGAP1;PLEC,GO:BP,Training_CR
GOBP_CYTOKINE_PRODUCTION_INVOLVED_IN_IMMUNE_RESPONSE,0.5551700208188758,1,0.021033377163281866,0.3387035324762925,0.9327115130617706,14,IL18;HK1,GO:BP,Training_CR
GOBP_CYTOPLASMIC_MICROTUBULE_ORGANIZATION,0.6852493074792244,1,0.017827051349042042,0.3090434979272162,0.8340417348551112,13,DYNC1H1;MAPT;KPNB1,GO:BP,Training_CR
GOBP_CYTOPLASMIC_PATTERN_RECOGNITION_RECEPTOR_SIGNALING_PATHWAY,0.9913933095160766,1,0.011525190324585564,0.15324496260446807,0.5470050295279743,39,MARCHF5;UFD1;AKT1;DDX3X;MAP2K6;PCBP2;PPP2CA;NPLOC4;NAGK,GO:BP,Training_CR
GOBP_CYTOPLASMIC_TRANSLATIONAL_INITIATION,0.47924966799468793,1,0.02264825928787937,0.2982847913924698,0.985480262678137,28,EIF2B3;EIF2S3;AKT2;MCTS1;EIF5,GO:BP,Training_CR
GOBP_CYTOSKELETON_DEPENDENT_CYTOKINESIS,0.8905310621242485,1,0.019427618696864477,-0.1990139209249663,-0.7317683935940259,32,SEPTIN10;RHOA;STMN1;DCTN3;STAMBP;CFL1;SNX9;CHMP3;CHMP6,GO:BP,Training_CR
GOBP_CYTOSKELETON_DEPENDENT_INTRACELLULAR_TRANSPORT,0.9319849942913064,1,0.01249652627620709,0.192085844516782,0.6818018949174826,38,DCTN1;DYNC1H1;MAPT;LRPPRC;MAP1S;DYNC1I2;SYNE2;PURA;RAB6A;ACTN4;HSPB1;LAMP1;BAG3;COPG1;TMEM230;HNRNPU;ARL8A,GO:BP,Training_CR
GOBP_CYTOSOLIC_TRANSPORT,0.8059932833893051,1,0.02142628923478671,-0.21031163772496075,-0.8030285413591183,38,CES1;EIPR1;RAB7A;SNX12;RNF126;TBC1D17,GO:BP,Training_CR
GOBP_DEFENSE_RESPONSE_TO_BACTERIUM,0.38684594200550787,1,0.025761426189552922,0.29002404301757595,1.041357635997532,40,RPL30;IL18;ANG;CTSG,GO:BP,Training_CR
GOBP_DEFENSE_RESPONSE_TO_GRAM_NEGATIVE_BACTERIUM,0.4082234559333796,1,0.026011943452914618,0.37928212052190197,1.0444555978583467,14,RPL30;CTSG,GO:BP,Training_CR
GOBP_DEFENSE_RESPONSE_TO_VIRUS,0.4426761935693407,1,0.023569864413160484,0.2835807337758282,1.012236128459134,39,NT5C2;ABCF3;ATG7;NDUFAF4;DHX9;VAPB;DHX15;AIMP1;DDX17;DDX1;TOMM70;ILF3,GO:BP,Training_CR
GOBP_DENDRITE_MORPHOGENESIS,0.5346724055475849,1,0.02688729240088818,-0.3051782370407738,-0.9395532287371217,17,CAPRIN1;NRP1;ITGB1;CFL1,GO:BP,Training_CR
GOBP_DENDRITIC_SPINE_DEVELOPMENT,0.9089174184594032,1,0.013754819703677474,0.23590807081693277,0.64963648907484,14,ARF6;PAK2;PDLIM5;CAMK2B,GO:BP,Training_CR
GOBP_DEOXYRIBONUCLEOTIDE_CATABOLIC_PROCESS,0.47859116022099446,1,0.028164761711947144,-0.3672881328747263,-0.9725196549979468,10,DERA;NT5C1A;DCTPP1;NUDT16;TYMP,GO:BP,Training_CR
GOBP_DEVELOPMENTAL_MATURATION,0.7521546095586314,1,0.02268692473860878,-0.2170666197027366,-0.8383510792023744,40,MAP1B;PALM;DAG1,GO:BP,Training_CR
GOBP_DE_NOVO_POST_TRANSLATIONAL_PROTEIN_FOLDING,0.9792345975630685,1,0.012516946905499017,0.18787530730384513,0.5358956675490752,16,HSPH1;DNAJB4;DNAJB1,GO:BP,Training_CR
GOBP_DE_NOVO_PROTEIN_FOLDING,0.9857350096711799,1,0.017391117196105844,-0.17113209368835297,-0.5361309238165676,18,CD74;FKBP1A,GO:BP,Training_CR
GOBP_DICARBOXYLIC_ACID_METABOLIC_PROCESS,0.4314516129032258,1,0.023876784214808666,0.27863424523886304,1.016269829470817,43,ME2;FH;GOT2;FAHD1;IDH2;ALDH5A1;ADHFE1;MDH2;SUCLA2;DLST;FAHD2A;GOT1,GO:BP,Training_CR
GOBP_DICARBOXYLIC_ACID_TRANSPORT,0.6786219915054271,1,0.022709074090615504,-0.3010021000324935,-0.8387041301318744,12,SLC1A4;EPM2A;ITGB1;PRKG1,GO:BP,Training_CR
GOBP_DIGESTION,0.804953560371517,1,0.02019292573832928,-0.25078757788207884,-0.7505449722457596,15,ACO1;AKR1C2;CD36;AKR1C1;RBP4,GO:BP,Training_CR
GOBP_DIGESTIVE_SYSTEM_PROCESS,0.9146426092990978,1,0.013664106309906724,0.2338311944243465,0.6439172498675931,14,LPCAT3;COPA,GO:BP,Training_CR
GOBP_DISRUPTION_OF_ANATOMICAL_STRUCTURE_IN_ANOTHER_ORGANISM,0.5352881009205591,1,0.021326871157211224,0.32237841330224254,0.9501993052392284,18,RPL30;CTSG,GO:BP,Training_CR
GOBP_DNA_BIOSYNTHETIC_PROCESS,0.5129295678802314,1,0.021961921032693284,0.3109000775594367,0.9641463309969911,22,XRCC5;HSP90AB1;CCT5;CCT6A;CCT7;CCT8,GO:BP,Training_CR
GOBP_DNA_DAMAGE_RESPONSE_SIGNAL_TRANSDUCTION_BY_P53_CLASS_MEDIATOR,0.7153512575888985,1,0.01722298907440648,0.30698685462873904,0.8100706417530896,12,MYO6;CRADD,GO:BP,Training_CR
GOBP_DNA_RECOMBINATION,0.7008081807685964,1,0.01678631264741473,0.2474832386501408,0.854163684920214,34,XRCC5;APEX1;PCYT1A;RUVBL2;ACTR2,GO:BP,Training_CR
GOBP_DNA_REPLICATION,0.6877192982456141,1,0.01725145027665743,0.2664746310682279,0.8533694417500005,25,SET;DHX9;RUVBL2;NAP1L1;PURA;UCHL5;CACYBP,GO:BP,Training_CR
GOBP_DNA_TEMPLATED_DNA_REPLICATION,0.9772099447513812,1,0.016800058884020336,-0.2013974517057131,-0.5332679243331563,10,ENDOG;DYNLL1;SSBP1;DNAJA3;PARP1;SAMHD1;RPA1;PCNA;CARM1;PURA,GO:BP,Training_CR
GOBP_DNA_TEMPLATED_TRANSCRIPTION_INITIATION,0.47923487851111496,1,0.023247209411683182,0.35191072865510065,0.9872044102800891,15,APEX1;PADI2;PPP2R1A;ELOB;ELOC;PPP2CA,GO:BP,Training_CR
GOBP_DOUBLE_STRAND_BREAK_REPAIR,0.802695059058393,1,0.014942892048141634,0.23036346473564606,0.787936807934302,33,XRCC5;FH;BABAM2;RUVBL2;ACTR2;OTUB1;DDX1;PPP5C,GO:BP,Training_CR
GOBP_D_GLUCOSE_IMPORT,0.5963083233635276,1,0.01971067567339299,0.30537080086278773,0.9104200030443299,19,AKT1;APPL1;AKT2;MAPK14;DHRS7C;HK2;STXBP3;RAP1A;ACACB,GO:BP,Training_CR
GOBP_EAR_DEVELOPMENT,0.6736170946062382,1,0.018011030813478497,0.30121477023618337,0.8449885877452176,15,MYO6;MAPK1;TCAP,GO:BP,Training_CR
GOBP_EAR_MORPHOGENESIS,0.596113074204947,1,0.02022003055862687,0.3601630910696666,0.8976297280224442,10,MYO6;MAPK1;TCAP,GO:BP,Training_CR
GOBP_EMBRYONIC_ORGAN_MORPHOGENESIS,0.36407185628742517,1,0.034082924463374464,-0.3524388166227685,-1.069285169554951,16,SOD1;MTHFD1;PRKRA;TMED2;YAP1;RBP4;FBN1,GO:BP,Training_CR
GOBP_EMBRYONIC_PLACENTA_DEVELOPMENT,0.8056537102473498,1,0.01575957253143719,0.2966042896065913,0.7392229642941277,10,MAPK1;AKT1,GO:BP,Training_CR
GOBP_EMBRYO_IMPLANTATION,0.4674922600619195,1,0.029196637937507458,-0.32909959321365984,-0.9849133961921319,15,SOD1;H3-3A;LAMB1;TRIM28;ARHGDIB;RPL29;HSPG2,GO:BP,Training_CR
GOBP_ENDOCRINE_PROCESS,0.7517697026899481,1,0.021101231625536766,-0.28352747674164036,-0.7900133112805938,12,CPA3;RHOA,GO:BP,Training_CR
GOBP_ENDOCYTIC_RECYCLING,0.4958924570575056,1,0.02893094819770947,-0.28166057580299064,-0.9727006465056319,25,RAB12;EIPR1;RAB7A;SNX12;EHD1;EHD2,GO:BP,Training_CR
GOBP_ENDODERM_FORMATION,0.8648710865561694,1,0.0185995925513025,-0.263332633419079,-0.6972622823339956,10,ITGA7;LAMB1;LAMB3,GO:BP,Training_CR
GOBP_ENDOPLASMIC_RETICULUM_ORGANIZATION,0.391304347826087,1,0.03348726513146713,-0.2843174808919335,-1.0366415652899132,31,ATL3;CACNA1S;RAB10;ESYT1;RTN4;TMED2;ATL2;RTN2,GO:BP,Training_CR
GOBP_ENDOSOMAL_TRANSPORT,0.9994114184814596,1,0.020120938014510852,-0.12813080708438135,-0.5782391417954356,83,RAB12;EIPR1;RAB7A;SNX12;RAB10;RNF126;TBC1D17;EHD1;SNX9;EHD2;CHMP3;AP1G1;CHMP6;ARFIP1;VCP;VAMP3;SCARB2;VPS4B;YKT6;HGS,GO:BP,Training_CR
GOBP_ENDOTHELIAL_CELL_MIGRATION,0.7242569002123143,1,0.023552045660996383,-0.21466120543373576,-0.8577852575443311,46,PACSIN2;RRAS;PDCD6;RHOA;NRP1;ANXA3;ITGB1;HMGB1;S100A9,GO:BP,Training_CR
GOBP_ENDOTHELIAL_CELL_PROLIFERATION,0.7578947368421053,1,0.015836024971393803,0.251036906318519,0.8039310299254386,25,PDCL3;ANG;SYNJ2BP;AKT1,GO:BP,Training_CR
GOBP_ENERGY_HOMEOSTASIS,0.9677716390423573,1,0.016941809908566526,-0.2097871001810788,-0.5554823584804189,10,PRKAA2;CD36;STAT3,GO:BP,Training_CR
GOBP_ENSHEATHMENT_OF_NEURONS,0.9080459770114943,1,0.0190971483806049,-0.19551847433574737,-0.712874131561199,31,SOD1;DAG1;EPB41L3;PPP3R1;S100B;CD9;NDRG1;TYMP;CTSC;SIRT2;ILK,GO:BP,Training_CR
GOBP_EPIBOLY,0.6459484346224678,1,0.023103295947748025,-0.32300648810947347,-0.8552690116058453,10,RHOA;ITGB1;CLASP2;FERMT2,GO:BP,Training_CR
GOBP_EPIDERMIS_DEVELOPMENT,0.5684183142559833,1,0.02728851658568352,-0.2430157847928347,-0.9330306215144774,39,SOD1;ASAH1;CSTA;FLOT2;STMN1;GNAS,GO:BP,Training_CR
GOBP_EPIGENETIC_REGULATION_OF_GENE_EXPRESSION,0.420166015625,1,0.03164838145301568,-0.30094291846578336,-1.0172746096097682,23,SMYD5;HNRNPK;HMGB1;GSK3A;CBX3;WBP2;PRMT5;GPX1;H3-3A,GO:BP,Training_CR
GOBP_EPITHELIAL_CELL_APOPTOTIC_PROCESS,0.761970853573907,1,0.01630421737077876,0.28249179746869757,0.7779173423973977,14,ARF6;EIF2S1;PRKAA1;MTCH2;BAX;CASP3;CARM1;SRSF6;GSN,GO:BP,Training_CR
GOBP_EPITHELIAL_CELL_DEVELOPMENT,0.8712871287128713,1,0.019960495082401972,-0.20200063447610378,-0.7520872526403665,34,FASN;RAB1B;COL18A1;HSD17B4;GSK3A;YAP1;VCL;GPX1,GO:BP,Training_CR
GOBP_EPITHELIAL_TO_MESENCHYMAL_TRANSITION,0.8082257293161167,1,0.02019292573832928,-0.24750104741330886,-0.7619822778579224,17,PDCD6;RTN4;SDCBP;PPP3R1,GO:BP,Training_CR
GOBP_ERAD_PATHWAY,0.8283718609679028,1,0.014483684866562067,0.23197413814944273,0.7588182756578384,27,UFD1;GET4;RCN3;STT3B;NPLOC4;ECPAS,GO:BP,Training_CR
GOBP_ERBB_SIGNALING_PATHWAY,0.7331890812250332,1,0.016261261210093827,0.24755713026961668,0.82406776040949,29,MAPK1;IQGAP1;AKT1;VPS25;MVP;AGT;CUL5;LGMN,GO:BP,Training_CR
GOBP_ERK1_AND_ERK2_CASCADE,0.45064831966128605,1,0.03184980878521288,-0.2508452265174691,-0.9969029817392937,45,CAVIN3;RRAS;CD74;GSTP1;PIN1;NRP1;CD36;HMGB1;CRKL;APIP;DDT,GO:BP,Training_CR
GOBP_ERYTHROCYTE_HOMEOSTASIS,0.9898451383599899,1,0.01804891137340367,-0.15251880527137252,-0.5726953760680965,35,STAT5B;PRDX1;G6PD;ATP5IF1;HMGB2;SELENOW;STAT3;DMTN;B2M;STAT1;RAC1;GLUL,GO:BP,Training_CR
GOBP_ER_NUCLEUS_SIGNALING_PATHWAY,0.4488202637057599,1,0.024424952497077764,0.3668391897348243,1.0101906325168635,14,AKT1;AKT2;EIF2S1;MANF,GO:BP,Training_CR
GOBP_ESTABLISHMENT_OF_ORGANELLE_LOCALIZATION,0.9447415329768271,1,0.02113042778535695,-0.16546693900577794,-0.758045710271224,90,MAP1B;TACC2;RAB7A;VAMP2;PDCD6;ITGB1;TMED2;SDCBP;CFL1;MAP4;DCTN2;SAR1A;CHMP3;AP1G1;FYCO1;CHMP6;CLASP2;ABRAXAS2;VAMP3;MYO1C;NSFL1C;VPS4B;CUL3;YKT6;HGS;RAN,GO:BP,Training_CR
GOBP_ESTABLISHMENT_OF_PROTEIN_LOCALIZATION_TO_ENDOPLASMIC_RETICULUM,0.7752414398595259,1,0.016228313372841207,0.29801158479296136,0.7651049217648016,11,GET4;SRPRB;CHMP4B;SRP14;SGTA;SRP54,GO:BP,Training_CR
GOBP_ESTABLISHMENT_OF_PROTEIN_LOCALIZATION_TO_MEMBRANE,0.7153374233128834,1,0.015433210910973627,0.21661865036415978,0.8645886307705902,68,NDUFA13;AGK;GET4;BCS1L;AKT2;ACSL3;SAMM50;EMC2;VPS35;VAMP5;LYPLA1;TOMM70;TOMM22;SRPRB;RACK1;ATAD1;OPTN;CHMP4B;SRP14;TIMM8A;RDX;ANK3;MTCH2;BAX;ATP1B1;NCLN;GDI1,GO:BP,Training_CR
GOBP_ESTABLISHMENT_OF_PROTEIN_LOCALIZATION_TO_MITOCHONDRIAL_MEMBRANE,0.41970057842803676,1,0.025213661963863206,0.3315429745148206,1.028162954977657,22,NDUFA13;AGK;BCS1L;SAMM50;TOMM70;TOMM22,GO:BP,Training_CR
GOBP_ESTABLISHMENT_OF_PROTEIN_LOCALIZATION_TO_ORGANELLE,0.4912679255998864,1,0.019837141296745433,0.22062968747335182,0.9873801347351232,138,USP9X;HK1;NDUFA13;AGK;GET4;PMPCA;PMPCB;AKT1;APPL1;VPS25;FIS1;BCS1L;UBE2D3;MAPT;RUVBL2;SAMM50;JUP;MAPK14;KPNA3;TIMM44;SAE1;KPNB1;TSPO;CCT6A;TOMM70;TOMM22;SRPRB;FBXO7;PPP3CA;GRPEL1;CSE1L;VPS36;UBL5;HK2;LMAN1;PRKAA1;TIMM50;SEC13;CHMP4B;RAB23,GO:BP,Training_CR
GOBP_ESTABLISHMENT_OF_PROTEIN_LOCALIZATION_TO_PLASMA_MEMBRANE,0.9011121856866537,1,0.018719117669141902,-0.21567905000322585,-0.6756897892962489,18,RAB7A;VAMP2;RAB10,GO:BP,Training_CR
GOBP_ESTABLISHMENT_OF_PROTEIN_LOCALIZATION_TO_VACUOLE,0.8713534194165471,1,0.01905594096082873,-0.2294883658833872,-0.7065265767772771,17,RAB7A;SCARB2;HGS;LAMP2;VPS13C;VPS37C;SQSTM1;AP3B1;VPS4A;TSG101;HSPA8;STAM;CLU,GO:BP,Training_CR
GOBP_ESTABLISHMENT_OF_RNA_LOCALIZATION,0.9233307946179233,1,0.01908477171082983,-0.18695820457342863,-0.7020124442142656,35,DDX19B;NUTF2;ALYREF;TST;NUP93;HNRNPA2B1;HNRNPA1;PNPT1;KHDRBS1;RTRAF;KHSRP;RAN,GO:BP,Training_CR
GOBP_ESTABLISHMENT_OR_MAINTENANCE_OF_BIPOLAR_CELL_POLARITY,0.8189640035118525,1,0.015433210910973627,0.28455188398839293,0.730548938519347,11,FSCN1,GO:BP,Training_CR
GOBP_ESTROGEN_RECEPTOR_SIGNALING_PATHWAY,0.7076451156205757,1,0.02204563971998494,-0.2791747923113259,-0.8182438579131536,14,DDRGK1;WBP2;UFM1;PAK1;UFSP2;DEFA3,GO:BP,Training_CR
GOBP_EXECUTION_PHASE_OF_APOPTOSIS,0.7037742382271468,1,0.017434402267651385,0.3039619637200025,0.8203277702050339,13,NDUFA13;AKT1,GO:BP,Training_CR
GOBP_EXTERNAL_ENCAPSULATING_STRUCTURE_ORGANIZATION,0.43634057396543524,1,0.023416283634506978,0.2669421392480344,1.0108599790872848,52,FSCN1;LAMA2;COL14A1;COL12A1;CTSG;COL15A1;AEBP1;COL1A1;MYH11;AGT;CAPG;FBLN5;TNXB;PRDX4;PBXIP1,GO:BP,Training_CR
GOBP_EXTRACELLULAR_MATRIX_DISASSEMBLY,0.35145429362880887,1,0.02859075033596515,0.40626832506112437,1.0964305702055663,13,FSCN1;CTSG,GO:BP,Training_CR
GOBP_EXTRINSIC_APOPTOTIC_SIGNALING_PATHWAY,0.40558892661269264,1,0.033653080253058486,-0.26589640256443015,-1.0269406523729483,40,CTNNA1;ITGA6;STX4;GSTP1;NRP1;CAV1;GSK3A;YAP1;GCLC;HMGB2;GPX1;PARK7;CTTN;DEPTOR;PRDX2;EYA3,GO:BP,Training_CR
GOBP_EXTRINSIC_APOPTOTIC_SIGNALING_PATHWAY_VIA_DEATH_DOMAIN_RECEPTORS,0.9630943931866572,1,0.017412741280218805,-0.20336224560572627,-0.5825267973589019,13,STX4;HMGB2;GPX1;PARK7,GO:BP,Training_CR
GOBP_EYE_MORPHOGENESIS,0.6846356453028973,1,0.01804891137340367,0.3245424799953154,0.8332194499709771,11,THY1,GO:BP,Training_CR
GOBP_FATTY_ACID_BETA_OXIDATION,0.566661240436269,1,0.019745432846040765,0.26544317482471724,0.935693187786432,37,BDH2;AUH;AKT1;ECH1;AKT2;HADHA;HADHB;CPT2;ECI1;ECHDC2;ETFA;HSD17B10;ETFDH;ACADVL;ACACB;PLIN5;IVD;ECI2;ACADM,GO:BP,Training_CR
GOBP_FATTY_ACID_CATABOLIC_PROCESS,0.4359677419354839,1,0.023707336098838957,0.27765706990231714,1.0127057528018373,43,BDH2;AUH;AKT1;ECH1;AKT2;NUDT19;HADHA;HADHB;CPT2;LPIN1;ECI1;ECHDC2;ETFA;HSD17B10;ETFDH;ACADVL;ACACB;PLIN5;IVD;ECI2;ACADM,GO:BP,Training_CR
GOBP_FATTY_ACID_TRANSMEMBRANE_TRANSPORT,0.41931518876207197,1,0.025761426189552922,0.4023161162369787,1.0328928684167134,11,AKT1;AKT2;SLC25A20;CPT2,GO:BP,Training_CR
GOBP_FATTY_ACYL_COA_BIOSYNTHETIC_PROCESS,0.3712560947295101,1,0.033074911573599014,-0.3893628744434494,-1.0607946403723139,11,FASN;ACSL4;CBR4,GO:BP,Training_CR
GOBP_FATTY_ACYL_COA_METABOLIC_PROCESS,0.7014226231783484,1,0.017514143965928333,0.30055766963996783,0.8276665931490871,14,FITM2;ACSL3;NUDT19;ACACA,GO:BP,Training_CR
GOBP_FAT_CELL_DIFFERENTIATION,0.6020289373025113,1,0.019155070804049185,0.2765991877295165,0.9047927512766779,27,CTBP1;FITM2;AKT1;AKT2;MAPK14;STEAP4;FABP3;MB,GO:BP,Training_CR
GOBP_FERTILIZATION,0.9140572951365756,1,0.013083052401891702,0.20497525061831806,0.6884153313136667,30,VDAC2;CCT5;SNU13;YBX3;CCT7;CCT8;CLIC4;ALDOA;SLIRP;HEXB,GO:BP,Training_CR
GOBP_FIBROBLAST_MIGRATION,0.477891156462585,1,0.023080425175772513,0.3256744070794687,0.9864360718052665,20,IQGAP1;AKT1;APPL1;LAMTOR2;PLEC,GO:BP,Training_CR
GOBP_FILOPODIUM_ASSEMBLY,0.4469468307406547,1,0.029553088428084306,-0.3656522529688028,-0.9961965447882039,11,PALM;NRP1;PRKCD,GO:BP,Training_CR
GOBP_FOCAL_ADHESION_ASSEMBLY,0.648991784914115,1,0.024298224302293555,-0.25482261045387655,-0.8800170816454984,25,RHOA;NRP1;SORBS1;CFL1;CLASP2;VCL;CTTN;DMTN;FERMT2;RAC1;TLN1,GO:BP,Training_CR
GOBP_FOREBRAIN_DEVELOPMENT,0.4481763316714773,1,0.03179355936419763,-0.2571893888300705,-1.000491858945525,41,TACC2;TUBB2B;RHOA;NRP1;YWHAE;RTN4;CFL1;CRKL;PRKG1;B2M;LAMB1;HPRT1;RAN;RAC1;TUBB2A,GO:BP,Training_CR
GOBP_FORMATION_OF_CYTOPLASMIC_TRANSLATION_INITIATION_COMPLEX,0.9084457061745919,1,0.01827477120498591,-0.22911077309480332,-0.6562829029243361,13,EIF3I;EIF3E,GO:BP,Training_CR
GOBP_FORMATION_OF_PRIMARY_GERM_LAYER,0.8244820195284591,1,0.019828377581581156,-0.2457104251915306,-0.7353503144505207,15,ITGA7;ITGB1;LAMB1;LAMB3,GO:BP,Training_CR
GOBP_GASTRULATION,0.9900219031394499,1,0.017423567151980957,-0.15985007448743802,-0.5252617349120321,21,ITGA7;ITGB1;LAMB1;LAMB3;CUL3,GO:BP,Training_CR
GOBP_GLIAL_CELL_DEVELOPMENT,0.5276206322795342,1,0.021174353166548168,0.2803823582959676,0.9526051778148641,32,MAPK1;EIF2B3;AKT1;AKT2;PLEC;MAPT,GO:BP,Training_CR
GOBP_GLIAL_CELL_DIFFERENTIATION,0.594062007356805,1,0.026695121509486903,-0.23399967958348294,-0.9267221924511875,44,SOD1;DAG1;GSTP1;RHOA;WDR1;PPP3R1;S100A9;S100B;PRMT5;STAT3;S100A8;CNP;CD9;NDRG1;PTPN11;C1QA;SIRT2;RELA;ILK,GO:BP,Training_CR
GOBP_GLIAL_CELL_MIGRATION,0.4443133553563001,1,0.029958544279763417,-0.34189582934381607,-1.0020752951603498,14,RRAS;RTN4;CSPG4;CRKL;VCAN;LAMB1;CD9,GO:BP,Training_CR
GOBP_GLIOGENESIS,0.6021444695259593,1,0.02770268911729112,-0.21739101296075988,-0.9279302628022668,63,SOD1;DAG1;RRAS;GSTP1;RHOA;EPM2A;RTN4;WDR1;PPP3R1;CSPG4;CRKL;S100A9;S100B;VCAN;PRMT5;STAT3;S100A8;LAMB1;CNP;CD9;NDRG1;PTPN11;C1QA;SIRT2;RELA;ILK,GO:BP,Training_CR
GOBP_GLUCOSE_6_PHOSPHATE_METABOLIC_PROCESS,0.5308729595457772,1,0.026825482121188664,-0.3281617313404773,-0.9400122515569718,13,TALDO1;DERA;G6PD;PGD;RPIA,GO:BP,Training_CR
GOBP_GLUCOSE_CATABOLIC_PROCESS,0.6322877599727241,1,0.01879138952877757,0.2995225443565208,0.8828324162146134,18,PKM;HK1;PFKM;ENO3;HK2;PGAM2;LDHA;GPI,GO:BP,Training_CR
GOBP_GLUTAMINE_FAMILY_AMINO_ACID_CATABOLIC_PROCESS,0.7478798586572438,1,0.016841385721899887,0.31457980053225193,0.7840230934115895,10,GOT2;ADHFE1;GOT1;GLUD1;ALDH4A1,GO:BP,Training_CR
GOBP_GLUTAMINE_FAMILY_AMINO_ACID_METABOLIC_PROCESS,0.8924312484789486,1,0.018961682253296683,-0.2118597443988114,-0.6961636849889897,21,FAH;AGMAT;ASS1;PFAS;ADSS1;GCLC,GO:BP,Training_CR
GOBP_GLYCEROLIPID_METABOLIC_PROCESS,0.5319827723719891,1,0.020397689348097936,0.25562119781482706,0.9567105640622213,49,LPCAT3;PCYT1A;AGK;INPP1;FITM2;CAPN2;ACSL3;HADHA;MTM1;LPIN1;PIP4K2B;FABP3,GO:BP,Training_CR
GOBP_GLYCOLYTIC_PROCESS_THROUGH_FRUCTOSE_6_PHOSPHATE,0.6858165700647801,1,0.01758707473449038,0.2863319938337384,0.8439537214096979,18,PKM;HK1;PFKM;ENO3;HK2;PPP2CA;PGAM2;GPI,GO:BP,Training_CR
GOBP_GLYCOLYTIC_PROCESS_THROUGH_GLUCOSE_6_PHOSPHATE,0.5702222988109599,1,0.020517577197727486,0.3283843910802865,0.9212066946084044,15,PKM;HK1;PFKM;ENO3;HK2;PGAM2;GPI,GO:BP,Training_CR
GOBP_GLYCOPROTEIN_METABOLIC_PROCESS,0.8353253652058433,1,0.01433670801793177,0.2276540866646372,0.7521288902417763,28,MOGS;PMM2;DAD1;STT3A;MUSTN1;OSTC;STT3B;POFUT1;HEXB;RPN2,GO:BP,Training_CR
GOBP_GLYCOSYL_COMPOUND_METABOLIC_PROCESS,0.9054100034025179,1,0.013527675286254079,0.21741550212229316,0.674237074234898,22,ENPP4;NT5C2;AKR7A2,GO:BP,Training_CR
GOBP_GMP_BIOSYNTHETIC_PROCESS,0.9366942909760589,1,0.017419957501853534,-0.23028947008624892,-0.6097693226432853,10,PFAS;IMPDH2;HPRT1;ADK,GO:BP,Training_CR
GOBP_GMP_METABOLIC_PROCESS,0.8754129306276546,1,0.018787363350066522,-0.23754192065511032,-0.6962205146236348,14,GMPR2;GUK1;PFAS;IMPDH2;HPRT1,GO:BP,Training_CR
GOBP_GOLGI_ORGANIZATION,0.8449224612306153,1,0.020201954016587753,-0.21233122603729684,-0.7669269583468543,30,RAB2A;RAB1B;SEC23IP;TMED2;CLASP2;HUWE1;PRMT5;NSFL1C;TMED1;RAB2B;CDC42,GO:BP,Training_CR
GOBP_GOLGI_TO_PLASMA_MEMBRANE_PROTEIN_TRANSPORT,0.8263660017346054,1,0.015126619501126036,0.2741112312441363,0.7233191182541259,12,ACSL3;VAMP5;LYPLA1;RACK1;OPTN,GO:BP,Training_CR
GOBP_GOLGI_TO_PLASMA_MEMBRANE_TRANSPORT,0.6271686328938237,1,0.019175823442149305,0.3194391119173178,0.8796617361183392,14,ACSL3;CCDC22;VAMP5;LYPLA1;RACK1;OPTN;CCDC93;ANK3,GO:BP,Training_CR
GOBP_GOLGI_VESICLE_TRANSPORT,0.4523197823787215,1,0.022077182416787237,0.24252951701551012,1.0041357674525175,85,ARCN1;CNIH4;TRAPPC3;COPE;LMAN2;COPA;MYO18A;BCAP29;ACSL3;PREB;CCDC22;NRBP1;VAPB;SCFD1;SEC23A;SEC24C;DNM2;VAMP5;LYPLA1;SEC31A;COPB1;RABGGTA;RACK1;LMAN1;OPTN;RAB6A;TMED7;SEC13;SNX2;CCDC93;AP2A1;GOSR2;LAMP1;GABARAPL2,GO:BP,Training_CR
GOBP_GRANULOCYTE_ACTIVATION,0.4560313075506446,1,0.029031096336337093,-0.3730909242800624,-0.987884509428099,10,VAMP2;STX4;PRKCD;ANXA3,GO:BP,Training_CR
GOBP_GRANULOCYTE_CHEMOTAXIS,0.9309350076361785,1,0.013088336386552126,0.20925221981579817,0.6423185552485635,21,MAPK1;MCU;THBS4;PPIB;DNM1L;PPBP;C1QBP;MPP1;MAPK3;DPP4;SRP54;THBS1,GO:BP,Training_CR
GOBP_GRANULOCYTE_MIGRATION,0.8816746051642016,1,0.01958979412638302,-0.2072785655607582,-0.7280063975946597,27,CD99L2;CD74;RTN4;WDR1;S100A9,GO:BP,Training_CR
GOBP_HEART_GROWTH,0.9117899433670843,1,0.013552144094111226,0.2293283858210554,0.6541364598210354,16,COL14A1;MAPK14;TOMM70;PDLIM5;BASP1,GO:BP,Training_CR
GOBP_HEART_MORPHOGENESIS,0.8209054593874834,1,0.01462632796856388,0.22954206000496236,0.7640992247004003,29,GAA;SYNPO2L;TPM1;TTN;TCAP;MYL3,GO:BP,Training_CR
GOBP_HEART_PROCESS,0.860241331907744,1,0.012706989144920626,0.1937090761317532,0.7791069040113701,71,GAA;CAMK2D;CSRP3;TPM1;DES;TTN;TCAP;JUP;MYL4;MYL3;ATP1A1;HSPB7;BIN1;AGT;MAP2K6;TMEM65;TNNI2;TNNI1;ACTC1;DNM1L;MYH7;CLIC2,GO:BP,Training_CR
GOBP_HEMATOPOIETIC_PROGENITOR_CELL_DIFFERENTIATION,0.7964664310954064,1,0.01592577633851907,0.3001051429373196,0.7479480949391784,10,XRCC5,GO:BP,Training_CR
GOBP_HEMOSTASIS,0.8633034987794955,1,0.021115820990560915,-0.1885934721660802,-0.7843752983807447,55,GNAQ;VWF;PRKCD;GNAS;CD36;PROS1;HBB;PRKG1;CAV1;GNA13;CSRP1;VCL;PPIA;KRT1;CD9;PRDX2;PRKCQ;ANXA5,GO:BP,Training_CR
GOBP_HETEROTYPIC_CELL_CELL_ADHESION,0.7931095406360424,1,0.015987025588065508,0.3014227683161176,0.7512319953157917,10,THY1;JUP;CD44,GO:BP,Training_CR
GOBP_HINDBRAIN_DEVELOPMENT,0.564076858813701,1,0.020210988953326518,0.29112872902264975,0.9323227504528766,25,ARCN1;UQCRQ,GO:BP,Training_CR
GOBP_HIPPOCAMPUS_DEVELOPMENT,0.9117508258612553,1,0.018182403167088353,-0.232636384811008,-0.6482117458279454,12,YWHAE;CFL1;CRKL,GO:BP,Training_CR
GOBP_HIPPO_SIGNALING,0.5497989117577479,1,0.026223346254918074,-0.3234482930736654,-0.9265107085840537,13,SLMAP;YWHAE;YAP1;VCP,GO:BP,Training_CR
GOBP_HOMEOSTASIS_OF_NUMBER_OF_CELLS,0.9409387628225054,1,0.011649142844392628,0.17923242426592015,0.7015166434991742,61,LPCAT3;RPS24;COL14A1;FH;SFXN1;AKT1;TMOD3;PPP2R1A;MAPK14,GO:BP,Training_CR
GOBP_HOMOTYPIC_CELL_CELL_ADHESION,0.9682341170585292,1,0.018155590613591684,-0.17223957773330761,-0.622118460497888,30,PRKCD;GNAS;HBB;PRKG1;CSRP1;VCL;PPIA;CD9;PRKCQ;TLN1;ILK,GO:BP,Training_CR
GOBP_HUMORAL_IMMUNE_RESPONSE,0.9493610223642173,1,0.011921615398680516,0.1809867186348626,0.6792870859612209,50,RPL30;ANG;CTSG,GO:BP,Training_CR
GOBP_HUMORAL_IMMUNE_RESPONSE_MEDIATED_BY_CIRCULATING_IMMUNOGLOBULIN,0.9968461911693353,1,0.0172764060824857,-0.14568716467189435,-0.4716092887350662,20,CD81;IGHA2;C1QA;C7;C4A;CLU;IGHG2;IGHG1;IGHG3;IGHA1;C2;CFI;C3;C1S;C1R;SERPING1;C1QBP;C8G;C1QC;C1QB,GO:BP,Training_CR
GOBP_HYPEROSMOTIC_RESPONSE,0.8700614574187884,1,0.014559195819947508,0.2666055435406835,0.6844741075232684,11,FBP1;YBX3;AKR1B1;XRCC6,GO:BP,Training_CR
GOBP_ICOSANOID_BIOSYNTHETIC_PROCESS,0.37366039533222195,1,0.03344927511933871,-0.35242768777388217,-1.054728592910054,15,GGT5;CD74;LTA4H;FABP5;PTGES3,GO:BP,Training_CR
GOBP_IMMUNE_RESPONSE_REGULATING_CELL_SURFACE_RECEPTOR_SIGNALING_PATHWAY,0.4436102236421725,1,0.02327039249309116,0.2682503248993441,1.0068085817758243,50,THY1;MAPK1;EIF2B3;AKT1;APPL1;RPS3;MAPK9;PAK2;MAP2K4;STOML2,GO:BP,Training_CR
GOBP_IMMUNE_SYSTEM_DEVELOPMENT,0.3765162542455119,1,0.03366591620288568,-0.32411161101979163,-1.0491936382183478,20,SOD1;CD248;STAT5B,GO:BP,Training_CR
GOBP_IMMUNOGLOBULIN_PRODUCTION,0.9453906935908691,1,0.013360147696813093,0.23092118581930127,0.5928592874429915,11,PCYT1A,GO:BP,Training_CR
GOBP_IMPORT_INTO_NUCLEUS,0.5668264110756124,1,0.027744020218822277,-0.2342882881034811,-0.9412610178794886,47,RPL23;PKIA;NUTF2;PRKCD;EPM2A;CD36;PPP3R1;CFL1;KPNA6;NUP93;ELAVL1;HNRNPA1;KPNA4;STAT3;UFM1;RAN;KPNA1;HSP90AA1;TRIM28;TNPO1;TARDBP;HSPA12A,GO:BP,Training_CR
GOBP_IMPORT_INTO_THE_MITOCHONDRION,0.6258823529411764,1,0.018731133757227555,0.28159482564854704,0.8918698783993999,24,SFXN1;SAMM50;MCU;TIMM44;TOMM70;TOMM22;GRPEL1;TIMM50;VDAC1,GO:BP,Training_CR
GOBP_IMP_METABOLIC_PROCESS,0.9912114423574013,1,0.01239985150566196,0.17551860960823884,0.49237699047619293,15,NT5C2;PAICS;APRT;ADSS2;AMPD3,GO:BP,Training_CR
GOBP_INCLUSION_BODY_ASSEMBLY,0.7520248147509909,1,0.01639721939516807,0.28210202282546937,0.7913721816511639,15,MAPT;PPP2CB;DNAJB1;DNAJA4;PSMC5,GO:BP,Training_CR
GOBP_INFLAMMASOME_MEDIATED_SIGNALING_PATHWAY,0.839332748024583,1,0.015078192867734048,0.2781579338138397,0.7141333258462079,11,MARCHF5;DDX3X;PPP2CA,GO:BP,Training_CR
GOBP_INNATE_IMMUNE_RESPONSE_ACTIVATING_CELL_SURFACE_RECEPTOR_SIGNALING_PATHWAY,0.9642671292281007,1,0.012896568014404612,0.2127276784143076,0.5613414528127831,12,APPL1;PAK2,GO:BP,Training_CR
GOBP_INORGANIC_ANION_TRANSMEMBRANE_TRANSPORT,0.4954724866496401,1,0.02770268911729112,-0.35322224745587577,-0.9623317772580207,11,FXYD1;SLC1A4;CLCC1,GO:BP,Training_CR
GOBP_INORGANIC_ANION_TRANSPORT,0.4100991033506371,1,0.03146082771043816,-0.3512348344802028,-1.0294473351952043,14,FXYD1;SLC1A4;CA2;CLCC1,GO:BP,Training_CR
GOBP_INTEGRATED_STRESS_RESPONSE_SIGNALING,0.6992098331870061,1,0.017737911826041296,0.31979097258067113,0.821020589610324,11,AKT1;AKT2;EIF2S1;GCN1,GO:BP,Training_CR
GOBP_INTERFERON_BETA_PRODUCTION,0.965134431916739,1,0.012883514451267088,0.2119996593568586,0.5594203709938583,12,DHX9;DDX3X;TOMM70,GO:BP,Training_CR
GOBP_INTERLEUKIN_1_BETA_PRODUCTION,0.4065371024734982,1,0.026393556891438748,0.41898659754179374,1.0442347784152632,10,SERPINB1;HK1,GO:BP,Training_CR
GOBP_INTERLEUKIN_2_PRODUCTION,0.7635819521178637,1,0.020480563390904802,-0.29326952888230656,-0.7765303464005738,10,STAT5B,GO:BP,Training_CR
GOBP_INTERLEUKIN_6_PRODUCTION,0.8337724550898203,1,0.019745432846040765,-0.24119129278923895,-0.7317646645073261,16,CD74;CD36;HMGB1;STAT3;HLA-B;MAPKAPK2;RELA,GO:BP,Training_CR
GOBP_INTERLEUKIN_8_PRODUCTION,0.5159281437125749,1,0.02753867655250953,-0.3149707974035391,-0.9556087088641748,16,CD74;HMGB1;PARK7;STAT3;RELA;CD58;HSPA1A;ARRB1,GO:BP,Training_CR
GOBP_INTERMEDIATE_FILAMENT_BASED_PROCESS,0.6396971847646085,1,0.023701327139342688,-0.30183353305746763,-0.8645956914164699,13,SOD1;KRT19,GO:BP,Training_CR
GOBP_INTERMEDIATE_FILAMENT_ORGANIZATION,0.856713780918728,1,0.014871264832049048,0.2789999979738109,0.6953480201308352,10,PLEC;DES;MTM1,GO:BP,Training_CR
GOBP_INTRACELLULAR_GLUCOSE_HOMEOSTASIS,0.9774236387782205,1,0.01205806374792041,0.17479361882687666,0.5774872416117464,28,HK1;FIS1;COL1A1;TRA2B;RACK1;HK2;PRKAA1;STXBP3,GO:BP,Training_CR
GOBP_INTRACELLULAR_RECEPTOR_SIGNALING_PATHWAY,0.541798333812123,1,0.029929169741782165,-0.21974671759200526,-0.9562056505117429,69,UBE3A;RHOA;FLOT2;YWHAE;TKFC;RTN4;CD36;PGRMC2;HMGB1;CRKL;DDRGK1;CAV1;RWDD1;NEK7;WBP2;HUWE1;FABP5;PARK7;STAT3;UFM1;PAK1;UFSP2;LYPLAL1;DEFA3,GO:BP,Training_CR
GOBP_INTRINSIC_APOPTOTIC_SIGNALING_PATHWAY,0.3878982753580824,1,0.03689094257971497,-0.23529175022214094,-1.0309880806867715,72,SOD1;ENO1;PRKRA;HNRNPK;CD74;PRKCD;CUL2;TPT1;RPS7;S100A9;HINT1;CRIP1;CAV1;BCAP31;EIF5A;P4HB;ATP2A3;STK24;PPIA;GPX1;PARK7;S100A8,GO:BP,Training_CR
GOBP_INTRINSIC_APOPTOTIC_SIGNALING_PATHWAY_IN_RESPONSE_TO_DNA_DAMAGE,0.43568665377176014,1,0.03077704964527839,-0.32276360424157086,-1.0111694749175824,18,HNRNPK;CD74;TPT1;CRIP1,GO:BP,Training_CR
GOBP_INTRINSIC_APOPTOTIC_SIGNALING_PATHWAY_IN_RESPONSE_TO_ENDOPLASMIC_RETICULUM_STRESS,0.7815096952908587,1,0.015906492941593863,0.28276716939260277,0.7631275924006621,13,ERP29,GO:BP,Training_CR
GOBP_INTRINSIC_APOPTOTIC_SIGNALING_PATHWAY_IN_RESPONSE_TO_OXIDATIVE_STRESS,0.6721629485935985,1,0.023299432846569944,-0.25676660919627226,-0.8579891813409668,22,SOD1;PRKCD;P4HB;STK24;PPIA;GPX1;PARK7,GO:BP,Training_CR
GOBP_IN_UTERO_EMBRYONIC_DEVELOPMENT,0.6131791541264058,1,0.018155590613591684,0.23965115536617204,0.9131011104010531,54,MAPK1;RTCB;AKT1;CAPN2;YBX1;CUL4A;NDUFA2;SLC25A20;DAD1;YBX3;SEC24C;CPT2;PPP1CC,GO:BP,Training_CR
GOBP_IRES_DEPENDENT_VIRAL_TRANSLATIONAL_INITIATION,0.47597173144876326,1,0.023761548652064018,0.3954125304810895,0.9854814415832288,10,MCTS1;CSDE1;PCBP2;EIF3B;SSB,GO:BP,Training_CR
GOBP_JNK_CASCADE,0.48235009671179885,1,0.028903767077449988,-0.31163724997379694,-0.9763122925871004,18,GSTP1;MAP3K20;SDCBP;HMGB1;CRKL,GO:BP,Training_CR
GOBP_KERATINOCYTE_DIFFERENTIATION,0.5072533849129593,1,0.02800326581878029,-0.3063427401705663,-0.959725395466966,18,ASAH1;CSTA,GO:BP,Training_CR
GOBP_KETONE_BIOSYNTHETIC_PROCESS,0.8702591384932212,1,0.014225310240983747,0.24413221720324188,0.6963629195654789,16,NDUFA9;FDXR;COQ7;SIRT5,GO:BP,Training_CR
GOBP_KIDNEY_EPITHELIUM_DEVELOPMENT,0.8940443213296398,1,0.013963028796065272,0.24495862757153525,0.6610904939847886,13,IQGAP1;AGT;BASP1,GO:BP,Training_CR
GOBP_LACTATE_METABOLIC_PROCESS,0.8284990791896869,1,0.019242467475837712,-0.27538018906699546,-0.7291622638841115,10,LDHB;PARK7;PFKFB2;D2HGDH;LDHD;HAGH;TIGAR;ACTN3;MTCH2;LDHA,GO:BP,Training_CR
GOBP_LATE_ENDOSOME_TO_VACUOLE_TRANSPORT,0.9945083233224644,1,0.012291088094034201,0.16975690152451584,0.4842147133067187,16,VPS25;VPS36;CHMP4B;CHMP5;VTA1;SNF8;VPS28;STAM;TSG101;VPS4A;VPS37C;CHMP2A;HGS;VPS4B;CHMP6;CHMP3,GO:BP,Training_CR
GOBP_LATE_ENDOSOME_TO_VACUOLE_TRANSPORT_VIA_MULTIVESICULAR_BODY_SORTING_PATHWAY,0.8796183868169991,1,0.014225310240983747,0.25569120038277365,0.6747127170483759,12,VPS25;VPS36;CHMP4B,GO:BP,Training_CR
GOBP_LEUKOCYTE_APOPTOTIC_PROCESS,0.4643603436266543,1,0.028858589941033696,-0.3612964261633183,-0.9843293688632965,11,CD74;PLEKHO2;CRKL,GO:BP,Training_CR
GOBP_LEUKOCYTE_CELL_CELL_ADHESION,0.8063360881542699,1,0.022429621373137136,-0.1967980081436317,-0.8267131876339393,58,HLA-DRA;STAT5B;LGALS1;CD74;RHOA;FLOT2;CD81;ITGB1;ASS1;HMGB1;S100A9;CAV1;S100A8;B2M;PRDX2;CBFB;YWHAG;PRKCQ;NT5E,GO:BP,Training_CR
GOBP_LEUKOCYTE_CHEMOTAXIS,0.810159986805212,1,0.014684962161133738,0.22677809702838425,0.782701956195078,34,MAPK1;CTSG;PLEC;PADI2;MCU;THBS4;LGMN;PPIB;CORO1A;DNM1L;SBDS;PPBP;C1QBP;MPP1;MAPK3;DPP4;SRP54,GO:BP,Training_CR
GOBP_LEUKOCYTE_DEGRANULATION,0.572788483863478,1,0.025213661963863206,-0.3336495539249927,-0.9090072058671594,11,VAMP2;STX4;ANXA3;AP1G1;VAMP3,GO:BP,Training_CR
GOBP_LEUKOCYTE_PROLIFERATION,0.7646868947708199,1,0.015205676757685112,0.22414507386696736,0.8206882019719794,44,IL18;CTPS1;MAPK1;PCYT1A;RPS3;GPNMB,GO:BP,Training_CR
GOBP_LIMBIC_SYSTEM_DEVELOPMENT,0.627054060490593,1,0.02413538867413396,-0.2913265396457927,-0.87186802256895,15,NRP1;YWHAE;CFL1;CRKL,GO:BP,Training_CR
GOBP_LIPID_DROPLET_ORGANIZATION,0.8167587476979742,1,0.019457332936639846,-0.2782988145979105,-0.7368903129015891,10,PRKAA2;PLIN2;RAB18;FITM1;PPIA,GO:BP,Training_CR
GOBP_LIPID_HOMEOSTASIS,0.7720845117284978,1,0.015504711399028865,0.23637122618239526,0.8084857972569558,33,IL18;FITM2;ACACA;TSPO;GOT1;DDX3X;FABP3;RCN3;SLC25A46;PRKAA1;FUNDC2;ACACB;APOE;APOC2;MTCH2;CNBP,GO:BP,Training_CR
GOBP_LIPID_LOCALIZATION,0.67281245277316,1,0.016107118504353462,0.21579421514754565,0.8934446103941114,85,LPCAT3;PLTP;VDAC2;EPRS1;AKT1;GOT2;FIS1;AKT2;ACSL3;PLIN3;SLC25A20;SLC25A11;VAPB;TSPO;STOML2;OSBPL1A;CPT2;CRABP2;LYPLA1;AGT;FABP3,GO:BP,Training_CR
GOBP_LIPID_OXIDATION,0.5430923176242737,1,0.020260800577263295,0.2597426187249516,0.9510255972138444,44,BDH2;AUH;AKT1;ECH1;AKT2;MAPK14;HADHA;HADHB;CPT2;FABP3;ECI1;ECHDC2;ETFA;PRKAA1;HSD17B10;ETFDH;ACADVL;ACACB;PLIN5;IVD;ECI2;ACADM,GO:BP,Training_CR
GOBP_LIPOPROTEIN_METABOLIC_PROCESS,0.4071566731141199,1,0.03206568076771773,-0.32963981338821974,-1.0327115964606188,18,HHATL;DBI;CTSD;PPM1B,GO:BP,Training_CR
GOBP_LOCOMOTORY_BEHAVIOR,0.5383466135458167,1,0.020827290793206988,0.2857965173051749,0.9442212109829704,28,ARCN1;GAA,GO:BP,Training_CR
GOBP_LONG_TERM_SYNAPTIC_POTENTIATION,0.7287759972724174,1,0.01669731696312736,0.27646587763384967,0.814873682636275,18,CAMK2D;MAPK1,GO:BP,Training_CR
GOBP_LUNG_EPITHELIUM_DEVELOPMENT,0.9185047596935222,1,0.017834508216473657,-0.23620928339578434,-0.6435373228395083,11,LTA4H;PPP3R1;YAP1,GO:BP,Training_CR
GOBP_LUNG_MORPHOGENESIS,0.9183138842581567,1,0.018213116681002752,-0.21810296823877082,-0.6527280482785972,15,DAG1,GO:BP,Training_CR
GOBP_LYMPHOCYTE_HOMEOSTASIS,0.6109013685700803,1,0.024412221339853497,-0.31691021523460355,-0.8830300731109534,12,STAT5B;CD74;PPP3CB,GO:BP,Training_CR
GOBP_LYMPHOCYTE_MIGRATION,0.36982035928143714,1,0.033769024976844496,-0.35045319736858627,-1.063260880740157,16,CD99L2;ECM1;RHOA;OXSR1;CRKL;P4HB,GO:BP,Training_CR
GOBP_LYTIC_VACUOLE_ORGANIZATION,0.9071290009699321,1,0.01866319599765303,-0.20614478494508226,-0.68883565439594,22,RAB7A;PPP3CB;TPP1;ATP6V1H;CHMP3;CHMP6;SCARB2,GO:BP,Training_CR
GOBP_L_AMINO_ACID_CATABOLIC_PROCESS,0.3602811950790861,1,0.035253515402217855,-0.30517234537073,-1.0625278906054336,26,KYAT1;SHMT1;QDPR;FAH;HNMT,GO:BP,Training_CR
GOBP_L_AMINO_ACID_TRANSPORT,0.5780386740331491,1,0.024918647930122415,-0.3410214967304428,-0.9029698448228712,10,SLC1A4;EPM2A;ITGB1,GO:BP,Training_CR
GOBP_MACROAUTOPHAGY,0.9963375329622033,1,0.009896195078185935,0.14286927745239847,0.618566467555611,111,GAA;IRGQ;SLC25A4;AKT1;VPS25;ATG7;STBD1;EIF2S1;VPS26A;FUNDC1;TSPO;VPS35;SCFD1;MTM1;LYPLA1;GAPDH;PIP4K2B;FBXO7;VPS36;SLC25A5;HK2;OPTN;CHMP4B;RAB23;ATP6V1E1;VDAC1;DNM1L;PLAA;SNX5;GABARAPL2;CDC37,GO:BP,Training_CR
GOBP_MACROMOLECULE_METHYLATION,0.5440230274297325,1,0.02097070485781765,0.3012415865057521,0.9440490282986328,23,SNRPB;GSPT1;AKT1;ETF1,GO:BP,Training_CR
GOBP_MACROPHAGE_ACTIVATION,0.4847328244274809,1,0.023172164446044335,0.3563319892325306,0.9812562225126699,14,MYO18A;DYSF;MAPT;KARS1,GO:BP,Training_CR
GOBP_MACROPHAGE_MIGRATION,0.6661249129324356,1,0.02274793187652419,-0.3107838905685252,-0.8467111454844913,11,CD81;RTN4;DDT;CD9,GO:BP,Training_CR
GOBP_MAINTENANCE_OF_LOCATION,0.5758003766478342,1,0.018953519710354413,0.241355391645909,0.9338475312765034,58,GAA;CAMK2D;THY1;HK1,GO:BP,Training_CR
GOBP_MAINTENANCE_OF_PROTEIN_LOCALIZATION_IN_ORGANELLE,0.45602493074792244,1,0.024129168263775296,0.37263543865170956,1.0056626649843419,13,HK1;AKT1;TSPO;ARL2;HK2,GO:BP,Training_CR
GOBP_MAINTENANCE_OF_PROTEIN_LOCATION,0.7836685987043982,1,0.01564255599873694,0.26193142147191,0.7720338720992181,18,HK1;AKT1;TSPO;ARL2;HK2,GO:BP,Training_CR
GOBP_MAMMARY_GLAND_DEVELOPMENT,0.718036725587781,1,0.017011528044392852,0.28529735654918553,0.8137823939292272,16,MAPK1;MT-CO2;AKT1;AKT2,GO:BP,Training_CR
GOBP_MATERNAL_PROCESS_INVOLVED_IN_FEMALE_PREGNANCY,0.8662544169611307,1,0.014711426792385626,0.27563142299053517,0.6869525650688502,10,AKT1;PRDX3,GO:BP,Training_CR
GOBP_MEMBRANE_DEPOLARIZATION,0.8431077694235589,1,0.01429662101591908,0.23201881638403477,0.7430267077185463,25,CAMK2D;FHL1;YWHAH;TSPO;GOT1;RACK1;PPIF,GO:BP,Training_CR
GOBP_MEMBRANE_DOCKING,0.5412509126308104,1,0.026980572442754022,-0.2860397118396348,-0.9399164546928722,21,RAB7A;STX4;ESYT1;CALM1,GO:BP,Training_CR
GOBP_MEMBRANE_FISSION,0.8642857142857143,1,0.014194043339407937,0.23347523172137813,0.7071737460379022,20,VPS25;DNM2;VPS36;SLC25A46;CHMP4B;DNM1L,GO:BP,Training_CR
GOBP_MEMBRANE_LIPID_BIOSYNTHETIC_PROCESS,0.7014925373134329,1,0.017689889955603267,0.3190454933504175,0.8191066713022933,11,SCCPDH;AGK,GO:BP,Training_CR
GOBP_MEMBRANE_LIPID_METABOLIC_PROCESS,0.5336063599132739,1,0.027050981946814268,-0.29546998332111024,-0.941792847525747,19,ASAH1;PSAP;PRKCD,GO:BP,Training_CR
GOBP_MEMBRANE_PROTEIN_PROTEOLYSIS,0.8336224843858432,1,0.015002863323945346,0.2608470067005297,0.7183125741811218,14,CLPP,GO:BP,Training_CR
GOBP_MEMBRANE_RAFT_ORGANIZATION,0.8310523831996225,1,0.019568332686778826,-0.26276247424347704,-0.7321542685844523,12,PACSIN2;CAV1;ILK;CAV2;FLOT1,GO:BP,Training_CR
GOBP_MEMORY,0.8328302762944044,1,0.01929268795571947,-0.26806156723723396,-0.7303168650106119,11,ACSS2;PPP3CB;S100B,GO:BP,Training_CR
GOBP_MESENCHYMAL_CELL_DIFFERENTIATION,0.5440622646246548,1,0.027433177525934792,-0.27174181285751564,-0.9461317828587421,26,PDCD6;NRP1;RTN4;RPS7;SDCBP;PPP3R1;CFL1,GO:BP,Training_CR
GOBP_MESENCHYME_DEVELOPMENT,0.9015492253873063,1,0.01920493590704799,-0.1971851594217749,-0.7189509828015969,31,PDCD6;NRP1;RTN4;RPS7;SDCBP;PPP3R1;CFL1,GO:BP,Training_CR
GOBP_MESODERM_DEVELOPMENT,0.7083333333333334,1,0.021642815094964542,-0.30802222566269455,-0.8155931047610401,10,MESD;ITGB1;YAP1,GO:BP,Training_CR
GOBP_METABOLIC_COMPOUND_SALVAGE,0.6620359281437126,1,0.023346040280905204,-0.28226056931360527,-0.8563671947639755,16,ENOPH1;NAPRT;APIP;ADSS1;HPRT1;PDXK;ADK,GO:BP,Training_CR
GOBP_METANEPHROS_DEVELOPMENT,0.9159507778035756,1,0.017875600212551655,-0.23766447368421054,-0.6475018971736454,11,YAP1;FBN1;STAT1;ACAT1;AQP1;CD34;LAMB2;ADIPOQ;CTSH;AKR1B1;BASP1,GO:BP,Training_CR
GOBP_METAPHASE_CHROMOSOME_ALIGNMENT,0.9358279715543515,1,0.012980355397778295,0.20470905124667965,0.6415295549164584,23,DYNC1H1;MAP1S;KPNB1;EML4,GO:BP,Training_CR
GOBP_METENCEPHALON_DEVELOPMENT,0.4901794784964443,1,0.02260421885603269,0.31371649126993684,0.98314363624222,23,ARCN1;UQCRQ,GO:BP,Training_CR
GOBP_METHYLATION,0.434135166093929,1,0.02401156992071776,0.28917956779599374,1.0129102333891704,36,NDUFAF5;NNMT;SNRPB;GSPT1;AKT1;ETF1,GO:BP,Training_CR
GOBP_MICROTUBULE_BASED_MOVEMENT,0.5298044825941821,1,0.020406869914848285,0.252783240456225,0.9601129780453347,53,DYNLT1;PLTP;DCTN1;DYNC1H1;FNTA;ACTR3;MAPT;LRPPRC;MAP1S;KPNB1;ACTR2;DYNC1LI1;VDAC3;DYNC1I2;SYNE2;PURA,GO:BP,Training_CR
GOBP_MICROTUBULE_BASED_TRANSPORT,0.8519381134586591,1,0.014083720784007056,0.22037970874664048,0.7537882990368545,33,DCTN1;DYNC1H1;MAPT;LRPPRC;MAP1S;DYNC1I2;SYNE2;PURA;RAB6A;HSPB1;LAMP1;BAG3;COPG1;TMEM230;HNRNPU;ARL8A;MAP2K1,GO:BP,Training_CR
GOBP_MICROTUBULE_CYTOSKELETON_ORGANIZATION_INVOLVED_IN_MITOSIS,0.6233090530697191,1,0.025704857426621194,-0.2351038415471905,-0.9026536427920304,39,TACC2;RHOA;PTPA;STMN1;ITGB1;MAP4;DCTN2;CHMP3;CHMP6;CLASP2;ABRAXAS2;VCP;NSFL1C;VPS4B;RAN,GO:BP,Training_CR
GOBP_MICROTUBULE_ORGANIZING_CENTER_ORGANIZATION,0.6853051483123083,1,0.017598050710178528,0.28645226953330005,0.8443082299048231,18,DCTN1;SLC16A1;DNM2;ARL2,GO:BP,Training_CR
GOBP_MICROTUBULE_POLYMERIZATION_OR_DEPOLYMERIZATION,0.42453773113443277,1,0.03189497479340069,-0.27812286929101626,-1.0140555749871267,31,MAP1B;TUBB4A;PIN1;HDGFL3;STMN1;CRYAB;PRUNE1;MAP4;CLIP1;CLASP2,GO:BP,Training_CR
GOBP_MIDBRAIN_DEVELOPMENT,0.5043160690571049,1,0.02184256986013989,0.2928749584828743,0.9676071303206166,28,NDUFS3;UQCRQ;PADI2;YWHAH;ATP5PF;ATP5PB;UCHL5;BASP1;NDRG2;COX6B1;LDHA;GLUD1;YWHAQ,GO:BP,Training_CR
GOBP_MIRNA_METABOLIC_PROCESS,0.5715539947322212,1,0.02077039280567467,0.35603609555001314,0.9140750995317417,11,DDX17;AGT;ELOB;ELOC,GO:BP,Training_CR
GOBP_MITOCHONDRIAL_CALCIUM_ION_HOMEOSTASIS,0.5,1,0.022966704938482067,0.3876912358179245,0.9662377605944478,10,C19orf12;MCU;TGM2;IMMT,GO:BP,Training_CR
GOBP_MITOCHONDRIAL_CALCIUM_ION_TRANSMEMBRANE_TRANSPORT,0.8369257950530036,1,0.015208726499038079,0.2853818161968543,0.711253341630675,10,PMPCB;MCU,GO:BP,Training_CR
GOBP_MITOCHONDRIAL_DEPOLARIZATION,0.59479618386817,1,0.019973785428850442,0.3416945530657597,0.9016566074800336,12,TSPO;GOT1;RACK1;PPIF,GO:BP,Training_CR
GOBP_MITOCHONDRIAL_FUSION,0.3961369622475856,1,0.02673332465952722,0.40960412249893574,1.0516038506248375,11,CHCHD3;FUNDC1;STOML2;MTCH2;BAX;MFN2,GO:BP,Training_CR
GOBP_MITOCHONDRIAL_OUTER_MEMBRANE_PERMEABILIZATION,0.4553116769095698,1,0.024386798092477215,0.39065785032063927,1.0029618285276733,11,SLC25A4;VDAC2;SLC25A6,GO:BP,Training_CR
GOBP_MITOCHONDRIAL_RNA_METABOLIC_PROCESS,0.46613820437704634,1,0.023695321101383195,0.35512815003489384,0.9962301441302619,15,DARS2;MRPL12;GARS1;LRPPRC;PRKAA1;HSD17B10;SLIRP;GRSF1,GO:BP,Training_CR
GOBP_MITOCHONDRION_LOCALIZATION,0.7623178348369188,1,0.016297599569138767,0.28239831824095885,0.7776599221357708,14,MAPT;LRPPRC;MAP1S;MTM1,GO:BP,Training_CR
GOBP_MITOTIC_CELL_CYCLE_PHASE_TRANSITION,0.5311501597444089,1,0.020443661191028067,0.2555982330699313,0.9593222100965044,50,FHL1;GSPT1;AKT1;APPL1;CUL4A;GPNMB;TMOD3;BABAM2;DYNC1LI1;DNM2;DDX3X;FBXO7;PPP3CA;CUL5;CUL1;DDB1;PPP2CA;CHMP4B,GO:BP,Training_CR
GOBP_MITOTIC_CYTOKINESIS,0.6572265625,1,0.023773628252804647,-0.2566828805164102,-0.8676628059634188,23,RHOA;STMN1;STAMBP;CFL1;SNX9;CHMP3;CHMP6,GO:BP,Training_CR
GOBP_MITOTIC_CYTOKINETIC_PROCESS,0.7067174515235457,1,0.017373125212004428,0.30308856437627835,0.8179706537837313,13,ARF6;IQGAP1,GO:BP,Training_CR
GOBP_MITOTIC_METAPHASE_CHROMOSOME_ALIGNMENT,0.9920958083832335,1,0.017159182620751817,-0.16184290845473018,-0.49102486345456275,16,DCTN2;CHMP3;CHMP6;VPS4B;CUL3,GO:BP,Training_CR
GOBP_MITOTIC_NUCLEAR_DIVISION,0.6452968996321597,1,0.02528851520082796,-0.22662612024373563,-0.8975202675183728,44,RPL24;PIN1;RHOA;DCTN2;CHMP3;CHMP6;CLASP2;ABRAXAS2;PDXP;PRMT5;NSFL1C;VPS4B;CUL3;RAN;LCMT1;SIRT2;CDC42;CHMP2A;HSPA1A;RANBP1;CAV2;NUDC,GO:BP,Training_CR
GOBP_MITOTIC_SISTER_CHROMATID_SEGREGATION,0.6843770819453697,1,0.0172764060824857,0.2561684156565931,0.8603490626520093,30,DRG1;PPP2R1A;TTN;KPNB1;EML4;DYNC1LI1;PPP1CC,GO:BP,Training_CR
GOBP_MITOTIC_SPINDLE_ASSEMBLY,0.8383233532934131,1,0.019663044577077543,-0.23966099495266097,-0.7271218025282318,16,RHOA;CHMP3;CHMP6;CLASP2;ABRAXAS2;VPS4B,GO:BP,Training_CR
GOBP_MITOTIC_SPINDLE_ORGANIZATION,0.6509266311246509,1,0.024572305610164144,-0.23888615584468514,-0.8894191501378745,34,TACC2;RHOA;PTPA;STMN1;MAP4;DCTN2;CHMP3;CHMP6;CLASP2;ABRAXAS2;VCP;VPS4B;RAN,GO:BP,Training_CR
GOBP_MONOATOMIC_ANION_TRANSPORT,0.7768375241779497,1,0.02097070485781765,-0.24974934038764413,-0.7824268475815357,18,FXYD1;SLC1A4;CA2;CLCC1,GO:BP,Training_CR
GOBP_MONOCARBOXYLIC_ACID_CATABOLIC_PROCESS,0.6022635408245756,1,0.026895039772577976,-0.22460791754639958,-0.926525364300204,53,SORD;ACADL;HADH;SCP2;CRYL1;ACAA1,GO:BP,Training_CR
GOBP_MONONUCLEAR_CELL_MIGRATION,0.43767668979696733,1,0.03184980878521288,-0.26694365015379357,-1.006858256689961,36,CD99L2;ECM1;RHOA;CD81;OXSR1;RTN4;HMGB1;CRKL;DDT;P4HB,GO:BP,Training_CR
GOBP_MONOSACCHARIDE_CATABOLIC_PROCESS,0.6589908567558416,1,0.018075496075947602,0.27730208497643366,0.8690259764721707,23,PKM;HK1;PFKM;GALM;ENO3;HK2;PGAM2;LDHA;GPI;PGM1;BCL2L13,GO:BP,Training_CR
GOBP_MONOSACCHARIDE_METABOLIC_PROCESS,0.4659261483038127,1,0.021506409820865033,0.23796163111064844,0.9973016656767248,91,GAA;PKM;HK1;NNMT;FBP1;AKT1;PFKM;PDHB;AKT2;PPP1CA;GALM;PMM2;SLC25A11;MDH2;NLN;MAPK14;ENO3;PDHA1;PRKAG1;GOT1;GAPDH;DLAT;HK2;IGF2;AKR1B1;DDB1;PRKAA1;ALDOA;SLC25A13;PGAM2;POFUT1;LDHA;GPI,GO:BP,Training_CR
GOBP_MONOSACCHARIDE_TRANSMEMBRANE_TRANSPORT,0.7591017352841103,1,0.0160745533459288,0.25775723389378546,0.7993426482793856,22,AKT1;APPL1;AKT2;MAPK14;DHRS7C;HK2;STXBP3;RAP1A;ACACB;PPBP,GO:BP,Training_CR
GOBP_MRNA_CATABOLIC_PROCESS,0.46884984025559107,1,0.022386357686788916,0.26445480465230164,0.9925630730016594,50,SYNCRIP;APEX1;PABPC1;GSPT1;AKT1;YBX1;ETF1;DHX9;MAPK14;YBX3;CSDE1;SERBP1;LSM2;DCPS,GO:BP,Training_CR
GOBP_MRNA_TRANSPORT,0.8975646497614863,1,0.01934311392425888,-0.20180837834337545,-0.7026424045311163,26,DDX19B;NUTF2;ALYREF;NUP93;HNRNPA2B1;HNRNPA1,GO:BP,Training_CR
GOBP_MULTICELLULAR_ORGANISMAL_LEVEL_CHEMICAL_HOMEOSTASIS,0.8859072022160664,1,0.014094998014915736,0.24781095971853184,0.6687883231519446,13,RCN3;AKR1B1;CTSH;FECH;PICALM,GO:BP,Training_CR
GOBP_MULTIVESICULAR_BODY_ORGANIZATION,0.9911353562904875,1,0.012243238871805655,0.16989690721649486,0.5007653010812932,18,VPS25;VPS36;CHMP4B;CHMP5;VTA1;SNF8;IST1;VPS28;PDCD6IP;STAM;TSG101;VPS4A;VPS37C;CHMP2A;HGS;VPS4B;CHMP6;CHMP3,GO:BP,Training_CR
GOBP_MULTIVESICULAR_BODY_SORTING_PATHWAY,0.9911353562904875,1,0.012243238871805655,0.16989690721649486,0.5007653010812932,18,VPS25;VPS36;CHMP4B;CHMP5;UBXN6;VTA1;SNF8;VPS28;STAM;TSG101;VPS4A;VPS37C;CHMP2A;HGS;VPS4B;VCP;CHMP6;CHMP3,GO:BP,Training_CR
GOBP_MULTI_MULTICELLULAR_ORGANISM_PROCESS,0.4265041888804265,1,0.03211156197609521,-0.26939271335383286,-1.0115471401029672,35,SOD1;STAT5B;ACSL4;GNAS;TMED2;KPNA6;DAZAP1;CD38;H3-3A;LAMB1,GO:BP,Training_CR
GOBP_MUSCLE_ADAPTATION,0.6077565046637211,1,0.0187712717045537,0.26009241499551006,0.9110265665854725,36,CAMK2D;MYOZ1;TCAP;IGFBP5;TOMM70;AGT;PPP3CA;CAMK2B;TNNI1;MLIP;LMCD1;MYH7;TNNT1;ACACB,GO:BP,Training_CR
GOBP_MUSCLE_CELL_CELLULAR_HOMEOSTASIS,0.5869188063844553,1,0.020179395783589592,0.3293073793985689,0.9068366717514073,14,GAA;CSRP3;PFKM;MTM1;CAPN3;ALDOA,GO:BP,Training_CR
GOBP_MUSCLE_CELL_MIGRATION,0.8282208588957055,1,0.019619903224749123,-0.2500295119676475,-0.7328208638421938,14,GSTP1;NRP1;PRKG1,GO:BP,Training_CR
GOBP_MUSCLE_CELL_PROLIFERATION,0.4992636229749632,1,0.02177562188514494,0.2776706147921427,0.9725977854453388,36,IL18;XRCC5;ANG;AKT1;TPM1;MAPK14;OGN;IGFBP5,GO:BP,Training_CR
GOBP_MUSCLE_CONTRACTION,0.35164994912051173,1,0.025543624542536014,0.2398226985970123,1.0557299837233203,124,GAA;CAMK2D;MYL1;SYNM;TMOD4;MYOF;CSRP3;MYL9;MYBPH;TNNT3;TPM2;MYH2;CKMT2;ACTA1;TPM1;TMOD3;DES;TNNC2;TTN;TCAP;JUP;MYL4;MYL3;TPM4;MYH11;ATP1A1;TMOD1;MYH8,GO:BP,Training_CR
GOBP_MUSCLE_ORGAN_DEVELOPMENT,0.8425418456524959,1,0.012562981060480828,0.19059976990356803,0.8077520131728405,97,MYOZ1;LAMA2;FHL1;CSRP3;ACTA1;TPM1;PLEC;DES;TTN;TCAP;NLN;MAPK14;UNC45B;MYL3;COL6A3;YBX3;MUSTN1;MTM1;VAMP5;DDX17;NEB;PPP3CA;MYOM1;SVIL;CAPN3;IGF2;BASP1;PRKAA1;PPIF;TNNI1,GO:BP,Training_CR
GOBP_MUSCLE_ORGAN_MORPHOGENESIS,0.6623407267579047,1,0.023097574267436277,-0.2897628534892135,-0.849276803095231,14,MYLK;SMTNL1;FKBP1A;MYLK2,GO:BP,Training_CR
GOBP_MUSCLE_TISSUE_DEVELOPMENT,0.670861711578324,1,0.015852007757704106,0.21119488503137185,0.8962058211288566,98,MYOZ1;CSRP3;COL14A1;ACTA1;TPM1;NDUFV2;PLEC;TTN;TCAP;NLN;MAPK14;MYL3;YBX3;MYH11;MTM1;VAMP5;DDX17;IGFBP5;NEB;TOMM70;PPP3CA;MYOM1;ACTN2;PDLIM5;SVIL;IGF2;PRKAA1;CACYBP;PPIF;TNNI1,GO:BP,Training_CR
GOBP_MYELOID_CELL_ACTIVATION_INVOLVED_IN_IMMUNE_RESPONSE,0.738791882963662,1,0.021371509285737108,-0.2874866689264268,-0.801045097560516,12,VAMP2;STX4;ANXA3;HMGB1,GO:BP,Training_CR
GOBP_MYELOID_CELL_DIFFERENTIATION,0.5091901206203331,1,0.031082625402896386,-0.22405912080264534,-0.9715340723202607,68,STAT5B;FASN;PRXL2A;GLO1;CD74;CD81;WDR1;HMGB1;G6PD;ATP5IF1;BLVRB;HMGB2;SELENOW;STAT3;FBN1;DMTN;B2M;CBFB;PTPN11;STAT1;RAC1;GLUL;LTF,GO:BP,Training_CR
GOBP_MYELOID_CELL_HOMEOSTASIS,0.4667014886393314,1,0.030934244512807494,-0.25591683201814,-0.9883977214104815,40,SOD1;MTHFD1;STAT5B;PRDX1;HMGB1;G6PD;ATP5IF1;HMGB2;SELENOW;STAT3;DMTN;B2M,GO:BP,Training_CR
GOBP_MYELOID_LEUKOCYTE_ACTIVATION,0.4860093271152565,1,0.022478476205097492,0.2927440749579184,0.9831894765067707,30,IL18;S100A13;CTSG;MYO18A;DYSF;MAPT,GO:BP,Training_CR
GOBP_MYELOID_LEUKOCYTE_MEDIATED_IMMUNITY,0.5608478209097404,1,0.025997493428678697,-0.307326771234716,-0.9197527442734709,15,VAMP2;STX4;ANXA3;WDR1,GO:BP,Training_CR
GOBP_MYELOID_LEUKOCYTE_MIGRATION,0.46436004162330907,1,0.030955342541650964,-0.2574991463948329,-0.9886377907716151,39,CD99L2;STAT5B;CD74;CD81;RTN4;WDR1;HMGB1;S100A9;DDT;PPIA;S100A8;CD9,GO:BP,Training_CR
GOBP_MYOBLAST_DIFFERENTIATION,0.6605864302761677,1,0.01814029492869372,0.2923662649968801,0.8617395284930858,18,IL18;CSRP3;PLEC;MAPK14;MUSTN1;DDX17,GO:BP,Training_CR
GOBP_MYOTUBE_CELL_DEVELOPMENT,0.43935818782444547,1,0.030165996717412494,-0.34327921047992865,-1.0061298987597849,14,CACNA1S;LMOD3;PPP3CB;STAC3,GO:BP,Training_CR
GOBP_MYOTUBE_DIFFERENTIATION,0.3911513323278029,1,0.03361464215059928,-0.2918960064059793,-1.0341157236409175,28,CACNA1S;LMOD3;CD81;PPP3CB;ITGB1;EHD1;STAC3;EHD2,GO:BP,Training_CR
GOBP_NAD_METABOLIC_PROCESS,0.5416164053075995,1,0.021312027922152418,0.33605855456553124,0.9427347908582606,15,NAMPT;NADK2;GOT2;SLC25A11;MDH2;GOT1,GO:BP,Training_CR
GOBP_NEGATIVE_REGULATION_OF_ACTIN_FILAMENT_POLYMERIZATION,0.4979681679647816,1,0.022354009833045668,0.3117620451618692,0.9770186753077572,23,TMOD4;CAPZB;CAPZA2;TMOD3;TMOD1;TWF2;SVIL;CAPG;CAPZA1;RDX,GO:BP,Training_CR
GOBP_NEGATIVE_REGULATION_OF_APOPTOTIC_SIGNALING_PATHWAY,0.5625513276758828,1,0.028371668973619917,-0.22621627573273356,-0.9421067913398213,56,CTNNA1;ITGA6;ENO1;CD74;GSTP1;NRP1;TPT1;FXN;YAP1;GCLC;HMGB2;PPIA;GPX1;PARK7;CTTN;PRDX2;EYA3,GO:BP,Training_CR
GOBP_NEGATIVE_REGULATION_OF_AUTOPHAGY,0.5511904761904762,1,0.020836799580840695,0.30901357598442325,0.9359720364953092,20,AKT1;TSPO;SCFD1;MTM1;LYPLA1,GO:BP,Training_CR
GOBP_NEGATIVE_REGULATION_OF_BINDING,0.9350828729281768,1,0.01744524664536421,-0.2306704420529467,-0.6107780748801651,10,PIN1;LRPAP1;XIRP1;PLN;DNAJB2;PEX19,GO:BP,Training_CR
GOBP_NEGATIVE_REGULATION_OF_CANONICAL_NF_KAPPAB_SIGNAL_TRANSDUCTION,0.9546398891966759,1,0.013014516132116231,0.21580806412649492,0.5824194115294916,13,CCDC22;ANXA4;PPP2CB;OPTN,GO:BP,Training_CR
GOBP_NEGATIVE_REGULATION_OF_CANONICAL_WNT_SIGNALING_PATHWAY,0.9298815881123752,1,0.01765307405921312,-0.23179494503131465,-0.6315107358555471,11,EMD;CAV1;GSK3A;PPP2R3A,GO:BP,Training_CR
GOBP_NEGATIVE_REGULATION_OF_CARBOHYDRATE_METABOLIC_PROCESS,0.9445683885361249,1,0.01304084218047109,0.21429792148074278,0.6112635520567506,16,FBP1;CLTC;PPP2CA;AP2A1;USP7;MTCH2;ACTN3;GSK3B;TIGAR;ADIPOQ,GO:BP,Training_CR
GOBP_NEGATIVE_REGULATION_OF_CATABOLIC_PROCESS,0.41078963230861965,1,0.023569864413160484,0.24490214440302074,1.0238358094355637,90,SYNCRIP;USP9X;PDCL3;RPL11;HSP90AB1;FBP1;PABPC1;AKT1;YBX1;DHX9;LRPPRC;MAPK14;TSPO;VPS35;SCFD1;YBX3;MTM1;LYPLA1;CSDE1;RPL5;UCHL5,GO:BP,Training_CR
GOBP_NEGATIVE_REGULATION_OF_CATALYTIC_ACTIVITY,0.6742811501597444,1,0.016882845539557264,0.23435820659113432,0.8796032351277967,50,THY1;SERPINB1;ABCE1;RPL11;VPS25;PAK2;PRDX3;GAPDH;MVP;ARL2;AGT;RPL5,GO:BP,Training_CR
GOBP_NEGATIVE_REGULATION_OF_CELLULAR_RESPONSE_TO_GROWTH_FACTOR_STIMULUS,0.4829347573717205,1,0.02815621163649068,-0.3568808489584314,-0.9722994067366056,11,UBE2D1;PDCD6;CAV1;FBN1;HGS,GO:BP,Training_CR
GOBP_NEGATIVE_REGULATION_OF_CELLULAR_RESPONSE_TO_INSULIN_STIMULUS,0.9332232184992921,1,0.0178382383085665,-0.22366877722608344,-0.6232246460101493,12,PRKCD;GSK3A;BLVRB;NCL;PRKCQ;RELA,GO:BP,Training_CR
GOBP_NEGATIVE_REGULATION_OF_CELL_ADHESION,0.4403238443457822,1,0.03204279730771802,-0.2594205066631181,-1.0019295552033234,40,LGALS1;CD74;RHOA;PRKCD;ASS1;HMGB1;CFL1;PRKG1;CLASP2;DMTN;LAMB1;CD9;PRDX2;CBFB,GO:BP,Training_CR
GOBP_NEGATIVE_REGULATION_OF_CELL_CELL_ADHESION,0.4378084896347483,1,0.031071972736078927,-0.2955271925375769,-1.0109296328880344,24,LGALS1;CD74;PRKCD;ASS1;HMGB1;PRKG1;CD9;PRDX2;CBFB;PTPN11,GO:BP,Training_CR
GOBP_NEGATIVE_REGULATION_OF_CELL_DEVELOPMENT,0.7586608927381745,1,0.015775464138211306,0.24117710689558153,0.8100003168575501,30,THY1;DYNLT1;CUL4A;IDH2;YWHAH;TSPO;C1QC;FBXO7;PPP3CA,GO:BP,Training_CR
GOBP_NEGATIVE_REGULATION_OF_CELL_PROJECTION_ORGANIZATION,0.6892990179478496,1,0.017412741280218805,0.2702277651730365,0.84685604696895,23,THY1;ARF6;AKT1;YWHAH;DPYSL3;PPP3CA,GO:BP,Training_CR
GOBP_NEGATIVE_REGULATION_OF_CELL_SUBSTRATE_ADHESION,0.9633977900552486,1,0.01700803312616366,-0.21390133210346413,-0.5663761801196399,10,RHOA;CLASP2;DMTN,GO:BP,Training_CR
GOBP_NEGATIVE_REGULATION_OF_COLD_INDUCED_THERMOGENESIS,0.9833187006145742,1,0.012789829075767745,0.20137754837268762,0.517009946106336,11,LNPEP;ACOT13;MAP2K6;ACTN3;PCTP;NRDC;ADIPOQ,GO:BP,Training_CR
GOBP_NEGATIVE_REGULATION_OF_CYTOKINE_PRODUCTION,0.860707877997064,1,0.013650408679882684,0.2110062835941361,0.7489593226189484,38,SERPINB1;UFD1;GPNMB;ANXA4;TSPO;SARS1,GO:BP,Training_CR
GOBP_NEGATIVE_REGULATION_OF_CYTOSKELETON_ORGANIZATION,0.5945945945945946,1,0.026657032601263855,-0.23701919157921542,-0.9220278203061265,41,MAP1B;TUBB4A;LMOD3;HDGFL3;PRKCD;STMN1,GO:BP,Training_CR
GOBP_NEGATIVE_REGULATION_OF_DEFENSE_RESPONSE,0.8603265094584089,1,0.02046671202383313,-0.2015741576943137,-0.7653470782156049,37,SOD1;GSTP1;PRKCD;GNAS;PPM1B,GO:BP,Training_CR
GOBP_NEGATIVE_REGULATION_OF_DNA_METABOLIC_PROCESS,0.38757807078417766,1,0.02690279184763602,0.38521691914105605,1.0607986662619087,14,XRCC5;RPS3;OTUB1,GO:BP,Training_CR
GOBP_NEGATIVE_REGULATION_OF_ENDOCYTOSIS,0.9048023078228407,1,0.013500532880474281,0.21961001329854923,0.6741127362195477,21,ARF6;APPL1;DYSF,GO:BP,Training_CR
GOBP_NEGATIVE_REGULATION_OF_ENDOTHELIAL_CELL_MIGRATION,0.8808326105810929,1,0.014205405405021408,0.2549593428431055,0.6727815063209726,12,SYNJ2BP;JUP;DNAJA4;APOE;SERPINF1,GO:BP,Training_CR
GOBP_NEGATIVE_REGULATION_OF_ENDOTHELIAL_CELL_PROLIFERATION,0.942756183745583,1,0.013489689166087377,0.23827651279865067,0.5938534144139092,10,SYNJ2BP;AIMP1,GO:BP,Training_CR
GOBP_NEGATIVE_REGULATION_OF_EPITHELIAL_CELL_PROLIFERATION,0.9859472588480223,1,0.012575790029683637,0.18493078303556132,0.5092567803935426,14,SYNJ2BP;AIMP1;APOE;SERPINF1;PHB2;ATP5F1A;THBS1,GO:BP,Training_CR
GOBP_NEGATIVE_REGULATION_OF_ERBB_SIGNALING_PATHWAY,0.9677269561179476,1,0.017067576738030367,-0.2070861239311606,-0.5641931082300898,11,RAB7A;RNF126;CHMP6,GO:BP,Training_CR
GOBP_NEGATIVE_REGULATION_OF_ERK1_AND_ERK2_CASCADE,0.5665285451197053,1,0.025254435547871677,-0.3439131020847389,-0.9106263487767015,10,GSTP1;PIN1,GO:BP,Training_CR
GOBP_NEGATIVE_REGULATION_OF_ESTABLISHMENT_OF_PROTEIN_LOCALIZATION,0.9171256885327992,1,0.018978023522324017,-0.19568552028173603,-0.7001902942157907,29,HADH;PKIA;SNX12;TXN;CD36;PARK7;DMTN;UFM1;LYPLAL1;PTPN11,GO:BP,Training_CR
GOBP_NEGATIVE_REGULATION_OF_HEMOPOIESIS,0.5272683972374375,1,0.027058829202920173,-0.3147740521276997,-0.9420406074855755,15,LGALS1;CD74;HMGB1;FBN1;PRDX2;CBFB,GO:BP,Training_CR
GOBP_NEGATIVE_REGULATION_OF_HYDROLASE_ACTIVITY,0.7278993623987593,1,0.016872468062634455,0.28816974488040786,0.8083937768604982,15,SERPINB1;ABCE1,GO:BP,Training_CR
GOBP_NEGATIVE_REGULATION_OF_IMMUNE_EFFECTOR_PROCESS,0.4806312769010043,1,0.02876869992951477,-0.3179685860990438,-0.9789309178898604,17,LGALS1;USP5;PPP3CB,GO:BP,Training_CR
GOBP_NEGATIVE_REGULATION_OF_INFLAMMATORY_RESPONSE,0.39616690926734593,1,0.03266238657403983,-0.3196172709643406,-1.0346448444268128,20,SOD1;GSTP1;PRKCD;GNAS;GPX1;STAT3;KRT1;NT5E,GO:BP,Training_CR
GOBP_NEGATIVE_REGULATION_OF_INNATE_IMMUNE_RESPONSE,0.5003572279114075,1,0.02797794933819362,-0.32166392092257,-0.9626602746441074,15,HLA-B;GRB2;DNAJA3;YWHAZ;PARP1;SAMHD1;BANF1;TTLL12;USP15;RPS19;SERPING1;A2M;HLA-A;NLRX1;CRK,GO:BP,Training_CR
GOBP_NEGATIVE_REGULATION_OF_INTRINSIC_APOPTOTIC_SIGNALING_PATHWAY,0.8650398406374502,1,0.013832215207606422,0.2202837813393057,0.7277787033143139,28,AKT1;YBX3;TRAP1;DDX3X;CD44;FBXO7;RACK1;PPIF;HSPB1,GO:BP,Training_CR
GOBP_NEGATIVE_REGULATION_OF_KINASE_ACTIVITY,0.5540128682695564,1,0.020690237756346905,0.2990690470122152,0.9372405931764962,23,THY1;VPS25;PAK2;PRDX3;MVP;AGT,GO:BP,Training_CR
GOBP_NEGATIVE_REGULATION_OF_LEUKOCYTE_CELL_CELL_ADHESION,0.7615973218555715,1,0.021106092813141693,-0.2584686979701476,-0.7957484192193116,17,LGALS1;CD74;ASS1;HMGB1;PRDX2;CBFB;PTPN11,GO:BP,Training_CR
GOBP_NEGATIVE_REGULATION_OF_LIPID_BIOSYNTHETIC_PROCESS,0.7824407374890254,1,0.016094082810150647,0.296270222743944,0.7606342073957504,11,ATP1A1;LPIN1;PRKAA1;ACADVL;APOE,GO:BP,Training_CR
GOBP_NEGATIVE_REGULATION_OF_LIPID_LOCALIZATION,0.7073213046495489,1,0.017391117196105844,0.29853066565684294,0.8220846910701208,14,AKT1;FIS1;AKT2;TSPO,GO:BP,Training_CR
GOBP_NEGATIVE_REGULATION_OF_LIPID_TRANSPORT,0.4355594102341717,1,0.024918647930122415,0.38737340668671205,1.022193033419251,12,AKT1;FIS1;AKT2;TSPO,GO:BP,Training_CR
GOBP_NEGATIVE_REGULATION_OF_LOCOMOTION,0.5594677016911561,1,0.02869722939175702,-0.22432707703168658,-0.9456947673221104,59,CTNNA1;DAG1;RBBP7;RRAS;CD74;GSTP1;PIN1;RHOA;NRP1,GO:BP,Training_CR
GOBP_NEGATIVE_REGULATION_OF_LYMPHOCYTE_ACTIVATION,0.8404790419161676,1,0.01962421055147061,-0.23897497208930413,-0.7250404368012884,16,LGALS1;CD74;HMGB1;PRDX2;CBFB;PTPN11,GO:BP,Training_CR
GOBP_NEGATIVE_REGULATION_OF_MOLECULAR_FUNCTION,0.8915521777258112,1,0.021780758743787626,-0.17915030223416595,-0.7868485218188548,73,CNRIP1;ECM1;COMMD6;RPL23;PKIA;PIN1;STMN1;RASA4;EPM2A;TMED2;RPS7;CALM1;LRPAP1;ATP5IF1;GSK3A;SERPINA5;CHMP6,GO:BP,Training_CR
GOBP_NEGATIVE_REGULATION_OF_MONOATOMIC_ION_TRANSMEMBRANE_TRANSPORT,0.8977891156462585,1,0.013644933050246583,0.222945430735578,0.6752800040196989,20,CAMK2D;BIN1;AGT;PPP3CA;PPIF;CAB39;VDAC1;YWHAQ;ANK3,GO:BP,Training_CR
GOBP_NEGATIVE_REGULATION_OF_MONOATOMIC_ION_TRANSPORT,0.9163025210084034,1,0.013178428994869618,0.21199634579118926,0.671436894149055,24,CAMK2D;BIN1;AGT;PPP3CA;ACTN2;PPIF;CAB39;VDAC1;YWHAQ;ANK3,GO:BP,Training_CR
GOBP_NEGATIVE_REGULATION_OF_MUSCLE_HYPERTROPHY,0.990791896869245,1,0.01659876920375459,-0.18701191944101933,-0.49517735830935944,10,G6PD;GSK3A;PAK1;LMNA;GLRX3;ATP2B4;STUB1;MLIP;TOMM70;IGFBP5,GO:BP,Training_CR
GOBP_NEGATIVE_REGULATION_OF_NERVOUS_SYSTEM_DEVELOPMENT,0.42116218560277535,1,0.0254810920647875,0.39210311964332273,1.0346737033642333,12,THY1;DYNLT1;IDH2;YWHAH;TSPO;PPP3CA,GO:BP,Training_CR
GOBP_NEGATIVE_REGULATION_OF_NEURON_APOPTOTIC_PROCESS,0.8957132113311607,1,0.01935153835526496,-0.20337629065401913,-0.714300778349401,27,SOD1;RHOA;NRP1,GO:BP,Training_CR
GOBP_NEGATIVE_REGULATION_OF_NEURON_PROJECTION_DEVELOPMENT,0.5026023594725885,1,0.022593233401796992,0.3508217183530333,0.9660822057204006,14,THY1;ARF6,GO:BP,Training_CR
GOBP_NEGATIVE_REGULATION_OF_NUCLEOTIDE_METABOLIC_PROCESS,0.7982653946227233,1,0.015626820766358934,0.28352078208295906,0.7481488488164713,12,FBP1;FIS1;TSPO,GO:BP,Training_CR
GOBP_NEGATIVE_REGULATION_OF_ORGANELLE_ORGANIZATION,0.8602296766394681,1,0.01255018155410254,0.19116706262414113,0.7841907965136383,79,TMOD4;SLC25A4;AKT1;CAPZB;CAPZA2;TMOD3;SLC25A6;MAPT;GMFB;NAA10;PAK2;SCFD1;DYNC1LI1;TMOD1;MTM1;TRIM54;TWF2;SLC25A5;SVIL;CAPG,GO:BP,Training_CR
GOBP_NEGATIVE_REGULATION_OF_OXIDATIVE_STRESS_INDUCED_INTRINSIC_APOPTOTIC_SIGNALING_PATHWAY,0.5380745880312229,1,0.021516461905381135,0.35836085879465146,0.9456353146262537,12,AKT1;TRAP1;FBXO7;RACK1;HSPB1,GO:BP,Training_CR
GOBP_NEGATIVE_REGULATION_OF_PHOSPHORUS_METABOLIC_PROCESS,0.8095390014356356,1,0.014213932737180352,0.21347581829457782,0.7989735291131767,49,THY1;FBP1;IQGAP1;VPS25;FIS1;PAK2;PRDX3;TSPO;LPIN1;MVP;AGT,GO:BP,Training_CR
GOBP_NEGATIVE_REGULATION_OF_PHOSPHORYLATION,0.8834110592938041,1,0.01357665162461913,0.21438790976983557,0.7200280204007046,30,THY1;VPS25;PAK2;PRDX3;MVP;AGT,GO:BP,Training_CR
GOBP_NEGATIVE_REGULATION_OF_POST_TRANSLATIONAL_PROTEIN_MODIFICATION,0.9612892507060974,1,0.01231379789677717,0.18797834809246333,0.6096020906952028,26,RPL11;AKT1;RPS3;TSPO;RPL5;CAPN3;PLAA;KLHL40;U2AF2,GO:BP,Training_CR
GOBP_NEGATIVE_REGULATION_OF_PROTEASOMAL_PROTEIN_CATABOLIC_PROCESS,0.4848639455782313,1,0.02284842019333119,0.3243667911777155,0.9824754305466465,20,USP9X;RPL11;HSP90AB1,GO:BP,Training_CR
GOBP_NEGATIVE_REGULATION_OF_PROTEIN_CATABOLIC_PROCESS,0.8391666666666666,1,0.014328108634023916,0.22472322463093905,0.7592709882225102,31,USP9X;RPL11;HSP90AB1,GO:BP,Training_CR
GOBP_NEGATIVE_REGULATION_OF_PROTEIN_CONTAINING_COMPLEX_ASSEMBLY,0.936612309310889,1,0.01940220631471135,-0.18084547996900877,-0.7116914229988063,43,TUBB4A;LMOD3;PRKCD;STMN1;CRYAB;HMGB1;CFL1;PFN1;PARK7;DMTN;MTPN,GO:BP,Training_CR
GOBP_NEGATIVE_REGULATION_OF_PROTEIN_CONTAINING_COMPLEX_DISASSEMBLY,0.7100840336134454,1,0.016869010761999887,0.263946339638474,0.8359734213693892,24,TMOD4;CAPZB;CAPZA2;TMOD3;TMOD1;TRIM54;TWF2;SVIL;CAPG,GO:BP,Training_CR
GOBP_NEGATIVE_REGULATION_OF_PROTEIN_LOCALIZATION,0.9884504331087585,1,0.011387529382470358,0.15695078534671986,0.5805095437901249,46,ERP29;ARF6;AKT1;IDH2;MAPT;AP2M1;VPS35;CLTC;LYPLA1,GO:BP,Training_CR
GOBP_NEGATIVE_REGULATION_OF_PROTEIN_MODIFICATION_PROCESS,0.9460055096418732,1,0.019951642845709643,-0.17089825347068252,-0.7179129566428631,58,HHATL;DBI;FXYD1;RPL23;PKIA;PRKAA2;RPS7;CAV1;NXN;CHMP6;GCLC;NIBAN1;PPIA;PARK7;RTRAF;DMTN;DEPTOR;YWHAG,GO:BP,Training_CR
GOBP_NEGATIVE_REGULATION_OF_PROTEIN_POLYMERIZATION,0.8869840213049268,1,0.013508670627180575,0.2147275810786678,0.7147848120752048,29,TMOD4;CAPZB;CAPZA2;TMOD3;TMOD1;TWF2;SVIL;CAPG,GO:BP,Training_CR
GOBP_NEGATIVE_REGULATION_OF_PROTEIN_UBIQUITINATION,0.9414766927526369,1,0.012961990531112685,0.2015480375439897,0.6250297601824553,22,RPL11;AKT1;RPS3;TSPO;RPL5;PLAA;KLHL40;U2AF2,GO:BP,Training_CR
GOBP_NEGATIVE_REGULATION_OF_PROTEOLYSIS,0.48803516197297736,1,0.022050891196118947,0.2781371464411253,0.9804397244991224,37,USP9X;SERPINB1;PDCL3;RPL11;HSP90AB1;AKT1,GO:BP,Training_CR
GOBP_NEGATIVE_REGULATION_OF_PROTEOLYSIS_INVOLVED_IN_PROTEIN_CATABOLIC_PROCESS,0.45012531328320804,1,0.023761548652064018,0.31488364250761786,1.008396473411879,25,USP9X;PDCL3;RPL11;HSP90AB1,GO:BP,Training_CR
GOBP_NEGATIVE_REGULATION_OF_REACTIVE_OXYGEN_SPECIES_METABOLIC_PROCESS,0.5236961181233627,1,0.02717711894409603,-0.315901309260925,-0.94541420828716,15,RHOA;CRYAB;NDUFC2;G6PD;PARK7;STAT3,GO:BP,Training_CR
GOBP_NEGATIVE_REGULATION_OF_RECEPTOR_MEDIATED_ENDOCYTOSIS,0.9102209944751382,1,0.017841969507226205,-0.24393387699069496,-0.6458975084126016,10,SDCBP;LRPAP1;B2M;APOC1;RAC1,GO:BP,Training_CR
GOBP_NEGATIVE_REGULATION_OF_RELEASE_OF_CYTOCHROME_C_FROM_MITOCHONDRIA,0.9837455830388693,1,0.012873078973789958,0.2008272278213613,0.5005190547243513,10,AKT1,GO:BP,Training_CR
GOBP_NEGATIVE_REGULATION_OF_REPRODUCTIVE_PROCESS,0.6306013466449966,1,0.023629446733127734,-0.3198466655269408,-0.871402105341744,11,SOD1,GO:BP,Training_CR
GOBP_NEGATIVE_REGULATION_OF_RESPONSE_TO_BIOTIC_STIMULUS,0.9979831932773109,1,0.011933979313896425,0.14257510637079346,0.451565267539415,24,NT5C2;PCBP2;CRK;NLRX1;C1QBP;HLA-A;A2M;MAPK3;SERPING1,GO:BP,Training_CR
GOBP_NEGATIVE_REGULATION_OF_RESPONSE_TO_CYTOKINE_STIMULUS,0.7322962618992338,1,0.02125775637770599,-0.2947940171781103,-0.8031477420217724,11,ECM1;GSTP1;CAV1,GO:BP,Training_CR
GOBP_NEGATIVE_REGULATION_OF_RESPONSE_TO_ENDOPLASMIC_RETICULUM_STRESS,0.42107057620184113,1,0.025193324844986327,0.3497421474711931,1.0308529722442545,18,LPCAT3;AKT1;AKT2,GO:BP,Training_CR
GOBP_NEGATIVE_REGULATION_OF_RESPONSE_TO_EXTERNAL_STIMULUS,0.654015401540154,1,0.02583249623719289,-0.2152997499960869,-0.9005837478073749,57,SOD1;GSTP1;NRP1;PRKCD;GNAS;PROS1;PPM1B;PRKG1;DDT;CLASP2;GPX1;STAT3;KRT1;CD9;PRDX2;NT5E,GO:BP,Training_CR
GOBP_NEGATIVE_REGULATION_OF_RESPONSE_TO_WOUNDING,0.4184600669536107,1,0.031329971144254044,-0.3324270058782206,-1.0234441017842522,17,PRKCD;PROS1;PRKG1;CLASP2;STAT3;KRT1;CD9,GO:BP,Training_CR
GOBP_NEGATIVE_REGULATION_OF_RNA_SPLICING,0.7980565371024735,1,0.015896861707612907,0.2995856664057366,0.7466534104217448,10,RPS13;SRSF7;RBMX,GO:BP,Training_CR
GOBP_NEGATIVE_REGULATION_OF_SECRETION,0.363037109375,1,0.03452614089072251,-0.3132695435029825,-1.0589421880876064,23,HADH;RAB7A;ACSL4;CD74,GO:BP,Training_CR
GOBP_NEGATIVE_REGULATION_OF_SMALL_MOLECULE_METABOLIC_PROCESS,0.9379068602904357,1,0.018643284894152207,-0.18828758059162137,-0.6737194262601328,29,ACADL;PFKFB1;PGK1;PRKG1;ATP5IF1;GSK3A,GO:BP,Training_CR
GOBP_NEGATIVE_REGULATION_OF_SMOOTH_MUSCLE_CELL_PROLIFERATION,0.5765093684941013,1,0.020452876315307605,0.3326566526413377,0.9160597988061534,14,ANG;TPM1;OGN;IGFBP5;NDRG2;APOE;CNN1;MFN2;APOD;ADIPOQ,GO:BP,Training_CR
GOBP_NEGATIVE_REGULATION_OF_TRANSFERASE_ACTIVITY,0.6818333333333333,1,0.017340803704148273,0.25530313574733543,0.862591147370432,31,THY1;RPL11;VPS25;PAK2;PRDX3;MVP;AGT;RPL5,GO:BP,Training_CR
GOBP_NEGATIVE_REGULATION_OF_TRANSFORMING_GROWTH_FACTOR_BETA_RECEPTOR_SIGNALING_PATHWAY,0.5146463443677066,1,0.027481761924623697,-0.31786372529065254,-0.9512872323699518,15,RBBP7;PIN1;FKBP1A,GO:BP,Training_CR
GOBP_NEGATIVE_REGULATION_OF_TRANSMEMBRANE_RECEPTOR_PROTEIN_SERINE_THREONINE_KINASE_SIGNALING_PATHWAY,0.40496471160866393,1,0.03229662732836582,-0.3124807761374855,-1.0268008640404642,21,UBE2D1;RBBP7;PIN1;FKBP1A;CRKL;CAV1,GO:BP,Training_CR
GOBP_NEGATIVE_REGULATION_OF_TRANSMEMBRANE_TRANSPORT,0.7312416998671979,1,0.016261261210093827,0.24960396262765472,0.8246474032668862,28,CAMK2D;AKT1;AKT2;BIN1;AGT;PPP3CA;PPIF;STXBP3;CAB39;VDAC1;YWHAQ;ANK3,GO:BP,Training_CR
GOBP_NEGATIVE_REGULATION_OF_TRANSPORT,0.48229291716686673,1,0.03297674538363878,-0.21422943180924278,-0.9864887394483755,93,MAP1B;HADH;PACSIN2;RAB7A;PKIA;ACSL4;CD74;SNX12;OXSR1;YWHAE;TXN;PPP3CB;CRYAB;CD36;SDCBP;PPP3R1;CALM1;HMGB1;LRPAP1;PRKG1;CAV1;GSK3A;ARFIP1;FABP5;PARK7;VAMP3;B2M;VPS4B;UFM1;TBC1D4;LYPLAL1;APOC1,GO:BP,Training_CR
GOBP_NEGATIVE_REGULATION_OF_UBIQUITIN_DEPENDENT_PROTEIN_CATABOLIC_PROCESS,0.35160359748854575,1,0.028224770331413764,0.35441076258986925,1.0878957900263082,21,USP9X;PDCL3;RPL11;HSP90AB1,GO:BP,Training_CR
GOBP_NEGATIVE_REGULATION_OF_VASCULATURE_DEVELOPMENT,0.9530612244897959,1,0.012779451834213022,0.197235209738927,0.5974062477346581,20,SYNJ2BP;SARS1;THBS4;FBLN5,GO:BP,Training_CR
GOBP_NEGATIVE_REGULATION_OF_VIRAL_PROCESS,0.7578268876611418,1,0.020596605259753507,-0.29442328981623367,-0.7795853190092195,10,PPIA;CSNK2B;STAT1;TRIM28;LTF;IFITM1,GO:BP,Training_CR
GOBP_NEGATIVE_REGULATION_OF_WNT_SIGNALING_PATHWAY,0.8810759792354884,1,0.01869112532300147,-0.23600521844954087,-0.6917165365576402,14,EMD;CAV1;GSK3A;NXN;PPP2R3A,GO:BP,Training_CR
GOBP_NEGATIVE_REGULATION_OF_WOUND_HEALING,0.5756132412479161,1,0.025557563014659224,-0.3034371010011398,-0.9081119267251738,15,PRKCD;PROS1;PRKG1;CLASP2;KRT1;CD9,GO:BP,Training_CR
GOBP_NEPHRON_DEVELOPMENT,0.5704479148790115,1,0.020448267885915226,0.3225913850405459,0.920159908786193,16,IQGAP1;AGT;PPP3CA;BASP1,GO:BP,Training_CR
GOBP_NEPHRON_EPITHELIUM_DEVELOPMENT,0.6992194275802255,1,0.01755785196057374,0.3125933155276186,0.824864856260455,12,IQGAP1;AGT;BASP1,GO:BP,Training_CR
GOBP_NEURAL_NUCLEUS_DEVELOPMENT,0.7620867253696627,1,0.01567408173818754,0.24704684529087834,0.8011575530757195,26,NDUFS3;PADI2;YWHAH;ATP5PF;ATP5PB;BASP1;NDRG2;COX6B1;LDHA;GLUD1;YWHAQ,GO:BP,Training_CR
GOBP_NEUROMUSCULAR_JUNCTION_DEVELOPMENT,0.5675419919564703,1,0.025683709494435294,-0.3187306590032703,-0.9129971468216282,13,CACNA1S;MESD;CRKL;COL4A1,GO:BP,Training_CR
GOBP_NEURON_APOPTOTIC_PROCESS,0.5376827896512936,1,0.02034731892636863,0.25907718213170833,0.9533952353540409,45,FAM162A;SET;AKT1;FIS1;AKT2;AIMP2;GBE1;MAP2K4;COL6A3;GAPDH;FBXO7;LGMN,GO:BP,Training_CR
GOBP_NEURON_CELLULAR_HOMEOSTASIS,0.6748614958448753,1,0.018052705735318725,0.31207975587807973,0.8422359400909135,13,DCTN1;PRKAA1;IMMT;ATP6V1E1;HEXB;ATP6V1A,GO:BP,Training_CR
GOBP_NEURON_PROJECTION_EXTENSION,0.535525985438112,1,0.027710944757090832,-0.2733509522900164,-0.9517343728471239,26,MAP1B;NRP1;PPP3CB;RTN4;ITGB1;S100B;CYFIP1;CLASP2;VCL;CTTN;PAK1,GO:BP,Training_CR
GOBP_NEURON_PROJECTION_ORGANIZATION,0.8350853007065311,1,0.01488019821605687,0.25824321701029673,0.7244418029873212,15,DCTN1;VPS35;LGMN;PDLIM5;CAMK2B,GO:BP,Training_CR
GOBP_NEUROTRANSMITTER_SECRETION,0.6281233844563157,1,0.01905182777036344,0.3142098248295976,0.8814432171777353,15,MYOF;DYSF;AP2B1;PPP3CA;STXBP3;RAP1A,GO:BP,Training_CR
GOBP_NEUROTRANSMITTER_TRANSPORT,0.7564289180009705,1,0.02143627564622129,-0.2483046764928552,-0.803796217285965,20,VAMP2;STX4;NAPA;ITGB1,GO:BP,Training_CR
GOBP_NEUTRAL_LIPID_METABOLIC_PROCESS,0.56640625,1,0.02625278438302249,-0.2734647045285208,-0.9243902530071699,23,LIPE;CPT1A;CAT;CAV1;GPX1;ACSL1;ABHD16A;APOC1;PTPN11;SLC27A1,GO:BP,Training_CR
GOBP_NEUTROPHIL_CHEMOTAXIS,0.9940219990435198,1,0.0171062530194721,-0.1537011131333851,-0.47320011579222615,17,CD74;S100A9;PPIA;S100A8;ITGA1;RAC1,GO:BP,Training_CR
GOBP_NEUTROPHIL_MIGRATION,0.4990234375,1,0.02846761177077695,-0.28555913560526824,-0.9652729483527638,23,CD99L2;CD74;RTN4;WDR1;S100A9;PPIA;S100A8;ITGA1;RAC1,GO:BP,Training_CR
GOBP_NON_CANONICAL_NF_KAPPAB_SIGNAL_TRANSDUCTION,0.8106480366176825,1,0.020260800577263295,-0.2382323363863857,-0.7593512814268186,19,PRDX1;RHOA;NDUFC2;PPM1B;HMGB1,GO:BP,Training_CR
GOBP_NOTCH_SIGNALING_PATHWAY,0.38202637057598887,1,0.027153373433666566,0.3869435662713051,1.0655534547508392,14,CTBP1;SYNJ2BP;AKT1;ANXA4;GOT1;PGAM2;POFUT1,GO:BP,Training_CR
GOBP_NUCLEAR_CHROMOSOME_SEGREGATION,0.37281835811247577,1,0.026348933355547877,0.2904700650908236,1.0535289654275524,42,DRG1;DYNC1H1;ACTR3;PPP2R1A;TTN;MAP1S;KPNB1;ACTR2;EML4;DYNC1LI1;PPP1CC,GO:BP,Training_CR
GOBP_NUCLEAR_ENVELOPE_ORGANIZATION,0.9701745877788555,1,0.01766778753235466,-0.17808031382646844,-0.5950578354061635,22,EMD;NUP93;CHMP3;CHMP6;NSFL1C;VPS4B;SIRT2;TARDBP;CHMP2A;LMNA,GO:BP,Training_CR
GOBP_NUCLEAR_EXPORT,0.3838887431120441,1,0.03485730526820534,-0.26779102013256095,-1.0417332408623032,41,DDX19B;NUTF2;YWHAE;TXN;ALYREF;EMD;NUP93;HNRNPA2B1;HNRNPA1;KHDRBS1;PARK7;RAN;PTPN11;EIF4E,GO:BP,Training_CR
GOBP_NUCLEAR_MEMBRANE_ORGANIZATION,0.8063346228239845,1,0.020397689348097936,-0.2426861082270872,-0.7602988112690342,18,EMD;CHMP3;CHMP6;NSFL1C;VPS4B;SIRT2;TARDBP;CHMP2A,GO:BP,Training_CR
GOBP_NUCLEAR_MIGRATION,0.7410008779631255,1,0.016886306558847004,0.3080624939981187,0.7909092880830423,11,DCTN1;DYNC1H1;SYNE2;LMNB2;FHOD1,GO:BP,Training_CR
GOBP_NUCLEAR_TRANSCRIBED_MRNA_CATABOLIC_PROCESS,0.46607417535464024,1,0.023563921969872396,0.3348640826644178,0.9983500658786362,19,SYNCRIP;PABPC1;GSPT1;YBX1;ETF1;DHX9,GO:BP,Training_CR
GOBP_NUCLEAR_TRANSCRIBED_MRNA_CATABOLIC_PROCESS_DEADENYLATION_DEPENDENT_DECAY,0.43850823937554206,1,0.024806505371284805,0.38664304817297,1.020265778290844,12,SYNCRIP;PABPC1;YBX1;DHX9;CSDE1;DCPS,GO:BP,Training_CR
GOBP_NUCLEAR_TRANSPORT,0.40288404944084755,1,0.03623239027385118,-0.2267469186889415,-1.0232819620117357,83,DDX19B;RPL23;PKIA;NUTF2;PRKCD;YWHAE;TXN;EPM2A;CD36;ALYREF;EMD;PPP3R1;CFL1;KPNA6;NUP93;ELAVL1;HNRNPA2B1;HNRNPA1;KPNA4;KHDRBS1;PARK7;STAT3;UFM1;ANP32A;RAN;KPNA1;PTPN11;HSP90AA1;EIF4E;TRIM28;TNPO1;TARDBP;HSPA12A;RPS15;AGFG1;RANBP1;LMNA,GO:BP,Training_CR
GOBP_NUCLEOBASE_CONTAINING_COMPOUND_TRANSPORT,0.5948610213316096,1,0.01890465725648319,0.25394047869519176,0.9210369051842602,42,G3BP2;SLC25A42;SLC25A4;YBX1;SLC25A6;DHX9;LRPPRC;KPNB1;SRSF7;MVP;SLC25A5;DDX19A,GO:BP,Training_CR
GOBP_NUCLEOBASE_METABOLIC_PROCESS,0.6870620406768074,1,0.017598050710178528,0.2831247071659914,0.8440964101076819,19,CTPS1;MAPK1;NT5C2,GO:BP,Training_CR
GOBP_NUCLEOSIDE_DIPHOSPHATE_CATABOLIC_PROCESS,0.5153522947640594,1,0.021086659648670264,0.26583578988848133,0.9641809547818896,42,PKM;HK1;FBP1;PFKM;NUDT9;ENO3;PRKAG1;GAPDH;ARL2;HK2;PRKAA1;PPP2CA;ALDOA;OGDH;PGAM2;LDHA;GPI,GO:BP,Training_CR
GOBP_NUCLEOSIDE_DIPHOSPHATE_METABOLIC_PROCESS,0.5559100334981656,1,0.01972804196458525,0.2522854748125002,0.9442259913335415,49,PKM;HK1;FBP1;PFKM;NUDT9;ENO3;AK1;PRKAG1;GAPDH;ARL2;HK2;AK3;PRKAA1;PPP2CA;ALDOA;OGDH;PGAM2;LDHA;GPI,GO:BP,Training_CR
GOBP_NUCLEOSIDE_METABOLIC_PROCESS,0.6762019645011201,1,0.017954423700814327,0.30054066800155144,0.8430975493516125,15,ENPP4;NT5C2,GO:BP,Training_CR
GOBP_NUCLEOSIDE_MONOPHOSPHATE_BIOSYNTHETIC_PROCESS,0.47292069632495165,1,0.029261581188186534,-0.3141088271829858,-0.9840553695511414,18,SHMT1;CMPK1;PFAS;ADSS1;IMPDH2;HPRT1;PRPS1,GO:BP,Training_CR
GOBP_NUCLEOSIDE_MONOPHOSPHATE_METABOLIC_PROCESS,0.5712143928035982,1,0.02650580690551533,-0.2541325943376833,-0.9265853424100062,31,SHMT1;GMPR2;CMPK1;NT5C1A;GUK1;PFAS;ADSS1;IMPDH2;HPRT1;NT5E;TYMP;PRPS1,GO:BP,Training_CR
GOBP_NUCLEOSIDE_PHOSPHATE_CATABOLIC_PROCESS,0.656980319803198,1,0.016704141076757575,0.2249712019871371,0.895596685336377,67,PKM;HK1;NUDT4;NT5C2;FBP1;FITM2;PFKM;NUDT19;NUDT9;SUCLA2;ENO3;PRKAG1;GAPDH;ARL2;HK2;PRKAA1;PPP2CA;ALDOA;OGDH;SUCLG1;PGAM2;LDHA;GPI,GO:BP,Training_CR
GOBP_NUCLEOSOME_ORGANIZATION,0.39618386816999135,1,0.026520848801229232,0.39933067208817474,1.0537456211321325,12,NAP1L4;SET;NAP1L1,GO:BP,Training_CR
GOBP_NUCLEOTIDE_EXCISION_REPAIR,0.6111878453038674,1,0.023999255846687453,-0.33227306146396574,-0.8798054012005447,10,RAD23B;RAD23A;HMGB1,GO:BP,Training_CR
GOBP_NUCLEOTIDE_SUGAR_BIOSYNTHETIC_PROCESS,0.4903047091412742,1,0.022955390549681265,0.3635397842429842,0.9811154558258355,13,HK1;PMM2;NANS;NAGK,GO:BP,Training_CR
GOBP_NUCLEOTIDE_SUGAR_METABOLIC_PROCESS,0.8362793890509697,1,0.014800001687396366,0.2542580427208603,0.7252458318711054,16,HK1;PMM2;NANS,GO:BP,Training_CR
GOBP_NUCLEUS_LOCALIZATION,0.7410008779631255,1,0.016886306558847004,0.3080624939981187,0.7909092880830423,11,DCTN1;DYNC1H1;SYNE2;LMNB2;FHOD1,GO:BP,Training_CR
GOBP_NUCLEUS_ORGANIZATION,0.8834878476572288,1,0.019551190465516375,-0.20038096758899215,-0.7412662710012226,33,PITPNB;RTN4;EMD;NUP93;CHMP3;CHMP6;HMGB2;H3-3A;NSFL1C;VPS4B;SIRT2;TARDBP;CHMP2A;AGFG1;LMNA,GO:BP,Training_CR
GOBP_ONE_CARBON_METABOLIC_PROCESS,0.5042953331785466,1,0.027392830278792798,-0.35139083825527107,-0.9573422181812675,11,MTHFD1;SHMT1,GO:BP,Training_CR
GOBP_ORGANELLE_DISASSEMBLY,0.7142857142857143,1,0.016955723278457895,0.2741765124485218,0.8304539627364471,20,ABCE1;MRRF;PLIN3;MCTS1;GCN1;RACK1;MTIF2;PRKAA1,GO:BP,Training_CR
GOBP_ORGANELLE_TRANSPORT_ALONG_MICROTUBULE,0.8472022955523673,1,0.019478601404715447,-0.23622890421771023,-0.7272786940214482,17,MAP1B,GO:BP,Training_CR
GOBP_ORGANIC_ACID_CATABOLIC_PROCESS,0.4474483596597813,1,0.03471839310481661,-0.2161116280801277,-0.9999756498476855,96,KYAT1;SORD;ACADL;HADH;SCP2;CRYL1;ACAA1;SHMT1;QDPR;FAH;MPST;HNMT;ALDH6A1,GO:BP,Training_CR
GOBP_ORGANIC_ACID_TRANSMEMBRANE_TRANSPORT,0.6201563279560951,1,0.01871111340734928,0.27344665358521736,0.8944803925697412,27,SLC16A1;SFXN1;AKT1;AKT2;SLC25A20;SLC25A11,GO:BP,Training_CR
GOBP_ORGANIC_ACID_TRANSPORT,0.5089829964709657,1,0.02116457832376569,0.262800494688877,0.9720129462407145,46,EPRS1;SLC16A1;SFXN1;AKT1;GOT2;FIS1;AKT2;ACSL3;SLC25A20;SLC25A11;CPT2;CRABP2;LYPLA1;FABP3,GO:BP,Training_CR
GOBP_ORGANIC_HYDROXY_COMPOUND_TRANSPORT,0.8763269639065817,1,0.020550056372713784,-0.1920136204515132,-0.7672856049523317,46,SCP2;CES1;CD36;CAV1;AKR1C1;KPNA4;NPC2;PARK7;RBP4;SNCG;VPS4B;SLC16A3;APOC1;PTPN11,GO:BP,Training_CR
GOBP_ORGANOPHOSPHATE_CATABOLIC_PROCESS,0.9148097620130362,1,0.011695516069916706,0.18221473782045294,0.7422705376898353,76,PKM;HK1;NUDT4;NT5C2;FBP1;FITM2;PFKM;NUDT19;GALM;NUDT9;SUCLA2;ENO3;PRKAG1;GAPDH;ARL2;HK2;PRKAA1;PPP2CA;ALDOA;OGDH;SUCLG1;PGAM2;LDHA;GPI,GO:BP,Training_CR
GOBP_ORGANOPHOSPHATE_ESTER_TRANSPORT,0.6483237385709448,1,0.0183173360456645,0.2800785756634643,0.8777271102219141,23,SLC25A42;SLC25A4;PLTP;VDAC2;SLC25A6,GO:BP,Training_CR
GOBP_ORGAN_GROWTH,0.3940837302582101,1,0.033411387204391386,-0.29355494113210995,-1.0310273742561982,27,SOD1;UBE3A;ECM1;PSAP;G6PD;PRKG1;FXN;GSK3A;YAP1,GO:BP,Training_CR
GOBP_OSSIFICATION,0.693248683803035,1,0.016025855440453315,0.2222671332466613,0.874157925918409,63,SYNCRIP;MAPK1;AKT1;ASPN;BCAP29;DHX9;COL1A1;MAPK14;MRC2;TPM4;CLTC;RBMX;IGFBP5;PPP3CA;MAP2K6;IARS1;IGF2,GO:BP,Training_CR
GOBP_PATTERN_SPECIFICATION_PROCESS,0.9239598278335724,1,0.018182403167088353,-0.2100554892074089,-0.6466985162916722,17,COBL;NRP1;TMED2;CRKL;PPP2R3A,GO:BP,Training_CR
GOBP_PEPTIDE_CROSS_LINKING,0.9019337016574586,1,0.01797703589986206,-0.24813027701928814,-0.657008897926057,10,CSTA,GO:BP,Training_CR
GOBP_PEPTIDE_METABOLIC_PROCESS,0.5315227934044617,1,0.02723269681365396,-0.2834183879056939,-0.9470464690769193,22,GGT5;THOP1;ERAP1;TPP1;LTA4H;MME;GCLC;LANCL2,GO:BP,Training_CR
GOBP_PEPTIDYL_AMINO_ACID_MODIFICATION,0.874120406567631,1,0.01281580023954243,0.19578510323640755,0.7605792755172307,59,IL18;PDCL3;MAPK1;AKT1;VPS25;NDUFAB1;UBE2K;SAE1;THBS4;GAPDH;MVP;SIRT5;CAPN3;RAB6A,GO:BP,Training_CR
GOBP_PEPTIDYL_LYSINE_MODIFICATION,0.8834387284224919,1,0.013949058099256154,0.23174146848453459,0.6909045260617044,19,NDUFAB1;SAE1;SIRT5;CAPN3;RANGAP1;SETD7,GO:BP,Training_CR
GOBP_PEPTIDYL_SERINE_MODIFICATION,0.9791519434628976,1,0.01294102714431553,0.20671531804659032,0.515193864438325,10,AKT1,GO:BP,Training_CR
GOBP_PEPTIDYL_THREONINE_MODIFICATION,0.5713780918727915,1,0.020870138683574242,0.36713814618455876,0.9150135660140809,10,MAPK1;AKT1;UBE2K,GO:BP,Training_CR
GOBP_PEPTIDYL_THREONINE_PHOSPHORYLATION,0.5713780918727915,1,0.020870138683574242,0.36713814618455876,0.9150135660140809,10,MAPK1;AKT1;UBE2K,GO:BP,Training_CR
GOBP_PERIPHERAL_NERVOUS_SYSTEM_AXON_ENSHEATHMENT,0.5044832468145352,1,0.027669719275624307,-0.3429535326351568,-0.95559647003583,12,SOD1;DAG1,GO:BP,Training_CR
GOBP_PERIPHERAL_NERVOUS_SYSTEM_DEVELOPMENT,0.4083982390789028,1,0.025592476967451525,0.33213911786556394,1.0408775731068043,23,MAPK1;LAMA2;AKT1;AKT2;PLEC,GO:BP,Training_CR
GOBP_PHOSPHOLIPID_METABOLIC_PROCESS,0.7740292807129217,1,0.014826683034878623,0.2185371341371915,0.8241289368919293,51,LPCAT3;PCYT1A;PMVK;INPP1;FITM2;CAPN2;ACSL3;HADHA;MTM1;LPIN1;PIP4K2B;FABP3,GO:BP,Training_CR
GOBP_PIGMENT_BIOSYNTHETIC_PROCESS,0.7222746578574799,1,0.02172437157930597,-0.290880204667087,-0.8105007539866159,12,UROD;FXN;DDT;ATP5IF1,GO:BP,Training_CR
GOBP_PIGMENT_METABOLIC_PROCESS,0.7861450973634327,1,0.015753221163638583,0.2729798435182602,0.7657820108772893,15,BDH2;APPL1;TSPO,GO:BP,Training_CR
GOBP_PLASMA_LIPOPROTEIN_PARTICLE_CLEARANCE,0.40099361249112847,1,0.03194028971624304,-0.36183063892366296,-1.0364561162801773,13,HNRNPK;CD36;EHD1;LRPAP1;KHSRP;APOC1,GO:BP,Training_CR
GOBP_PLASMA_MEMBRANE_ORGANIZATION,0.7857715109758051,1,0.014708483835211273,0.2179634100825255,0.8120291804727654,48,MYOF;CSRP3;VDAC2;IQGAP1;AKT1;AKT2;PLEC,GO:BP,Training_CR
GOBP_PLASMA_MEMBRANE_REPAIR,0.9486472514216785,1,0.013038207666760964,0.21377678434741923,0.5997014786386476,15,MYOF,GO:BP,Training_CR
GOBP_PLATELET_ACTIVATION,0.44589178356713427,1,0.031008231868681565,-0.2729359408502808,-1.0035775088587204,32,GNAQ;VWF;PRKCD;GNAS;HBB;PRKG1;GNA13;CSRP1;VCL;PPIA;CD9;PRKCQ,GO:BP,Training_CR
GOBP_PLATELET_AGGREGATION,0.5581279561862086,1,0.02684090664845136,-0.27075073971611907,-0.9350240757441168,25,PRKCD;GNAS;HBB;PRKG1;CSRP1;VCL;PPIA;CD9;PRKCQ;TLN1;ILK,GO:BP,Training_CR
GOBP_PLATELET_DERIVED_GROWTH_FACTOR_RECEPTOR_SIGNALING_PATHWAY,0.48779926335174956,1,0.027827081366026293,-0.3647564597971988,-0.9658161935801929,10,NRP1;CSPG4;CLASP2;HGS;PTPN11,GO:BP,Training_CR
GOBP_POLYSACCHARIDE_BIOSYNTHETIC_PROCESS,0.3598704398227071,1,0.027893916731726576,0.36658763954402696,1.0805044817856606,18,AKT1;AKT2;AGL;PPP1CA;GYS1;GBE1;CLTC,GO:BP,Training_CR
GOBP_PORPHYRIN_CONTAINING_COMPOUND_METABOLIC_PROCESS,0.7220680083275504,1,0.01708865839876162,0.29433909904511274,0.8105420820871462,14,BDH2;SUCLA2;TSPO,GO:BP,Training_CR
GOBP_POSITIVE_REGULATION_BY_HOST_OF_VIRAL_PROCESS,0.4026243093922652,1,0.031340828003971435,-0.3888924828888166,-1.0297244845079825,10,PC;PAIP1;CFL1,GO:BP,Training_CR
GOBP_POSITIVE_REGULATION_OF_ACTIN_FILAMENT_BUNDLE_ASSEMBLY,0.6714285714285714,1,0.017864379978427235,0.28290774618673076,0.8569000196678743,20,SYNPO2L;TPM1;SYNPO2;RHOC;PXN;SYNPO;FHOD1;LIMCH1,GO:BP,Training_CR
GOBP_POSITIVE_REGULATION_OF_ACTIN_FILAMENT_POLYMERIZATION,0.47163920208152643,1,0.023611541820896337,0.3767546728116406,0.994172535358553,12,ARPC2;ARF6,GO:BP,Training_CR
GOBP_POSITIVE_REGULATION_OF_ADAPTIVE_IMMUNE_RESPONSE,0.9730651210364815,1,0.012511839508133157,0.1902344222376571,0.5607094283739698,18,IL18,GO:BP,Training_CR
GOBP_POSITIVE_REGULATION_OF_ALPHA_BETA_T_CELL_ACTIVATION,0.6001892595221197,1,0.0247475414425366,-0.3112769159639099,-0.8916460595137462,13,HLA-DRA;RHOA;CD81,GO:BP,Training_CR
GOBP_POSITIVE_REGULATION_OF_APOPTOTIC_SIGNALING_PATHWAY,0.6076171385617639,1,0.02550190165621878,-0.2451536232313616,-0.9068930762321215,33,SOD1;CTNNA1;PRKRA;PRKCD;RPS7;S100A9;CAV1;BCAP31;EIF5A;PARK7;S100A8,GO:BP,Training_CR
GOBP_POSITIVE_REGULATION_OF_AUTOPHAGY_OF_MITOCHONDRION,0.5355575065847235,1,0.021780758743787626,0.36655862321007265,0.9410902832123056,11,SLC25A4;FBXO7;SLC25A5;HK2;VDAC1;CDC37,GO:BP,Training_CR
GOBP_POSITIVE_REGULATION_OF_AXONOGENESIS,0.4814289093920038,1,0.02854663882700978,-0.34099014298193664,-0.976758961972381,13,MAP1B;NRP1,GO:BP,Training_CR
GOBP_POSITIVE_REGULATION_OF_BINDING,0.6883736788271394,1,0.017532337291498137,0.2856851496228782,0.8420471703057903,18,USP9X;RPL11,GO:BP,Training_CR
GOBP_POSITIVE_REGULATION_OF_BLOOD_VESSEL_ENDOTHELIAL_CELL_MIGRATION,0.9021201413427562,1,0.014126054856552592,0.2616596733555308,0.6521309574809678,10,AKT1;MAPK14;HSPB1;ATP5F1B,GO:BP,Training_CR
GOBP_POSITIVE_REGULATION_OF_CANONICAL_NF_KAPPAB_SIGNAL_TRANSDUCTION,0.3596189468113257,1,0.03638655840851316,-0.26497503486713236,-1.0530573214919106,45,LGALS1;ECM1;CD74;RHOA;UBE2N;FKBP1A;FLOT2;CD36;DDRGK1;S100B;CAV1;HUWE1;S100A4;STAT3,GO:BP,Training_CR
GOBP_POSITIVE_REGULATION_OF_CANONICAL_WNT_SIGNALING_PATHWAY,0.8810708769521195,1,0.014047128995454423,0.24068440643569608,0.6865283815446379,16,COL1A1;JUP;VPS35;DDX3X;RPS12,GO:BP,Training_CR
GOBP_POSITIVE_REGULATION_OF_CARBOHYDRATE_METABOLIC_PROCESS,0.648436164758161,1,0.018453744717466268,0.2933668072753195,0.8746317880363157,19,NNMT;AKT1;AKT2;PPP1CA;PRKAG1;IGF2;DDB1;PRKAA1,GO:BP,Training_CR
GOBP_POSITIVE_REGULATION_OF_CATALYTIC_ACTIVITY,0.9118710036141229,1,0.02065269871524348,-0.17900302648701089,-0.7570850207587645,60,DBI;ITGA6;STX4;PSAP;CD74;RHOA;PRKCD;GNAS;ITGB1,GO:BP,Training_CR
GOBP_POSITIVE_REGULATION_OF_CELL_ACTIVATION,0.8676667559603536,1,0.020846315767801618,-0.19242137888296948,-0.7782840016538453,49,HLA-DRA;STAT5B;LGALS1;CD74;RHOA;FLOT2;CD81;HMGB1;DDRGK1;CAV1;CD38;B2M;CBFB;YWHAG;PRKCQ;PTPN11;CTSC,GO:BP,Training_CR
GOBP_POSITIVE_REGULATION_OF_CELL_CELL_ADHESION,0.8839573918657199,1,0.013112135630293207,0.2018789825919769,0.7391627947963506,44,IL18;THY1;CTSG;AKT1;HSPH1;RPS3,GO:BP,Training_CR
GOBP_POSITIVE_REGULATION_OF_CELL_CYCLE,0.8843350072898105,1,0.013159839372622696,0.20459197007957433,0.73460602813964615,40,ARF6;DYNC1H1;AKT1;CUL4A;TMOD3;RPS15A;DYNC1LI1;DDX3X;LGMN;SVIL;IGF2,GO:BP,Training_CR
GOBP_POSITIVE_REGULATION_OF_CELL_CYCLE_PROCESS,0.5768974700399467,1,0.01981086890055345,0.27598518519021364,0.9186990219922211,29,ARF6;DYNC1H1;AKT1;CUL4A;TMOD3;DYNC1LI1;DDX3X;SVIL;IGF2,GO:BP,Training_CR
GOBP_POSITIVE_REGULATION_OF_CELL_DIVISION,0.741325468424705,1,0.016704141076757575,0.2885870639685733,0.7947023023830506,14,ARF6;YBX1;THBS4;SVIL;IGF2,GO:BP,Training_CR
GOBP_POSITIVE_REGULATION_OF_CELL_JUNCTION_ASSEMBLY,0.834314404432133,1,0.014960856357256917,0.2668838751641061,0.7202620075804002,13,THY1,GO:BP,Training_CR
GOBP_POSITIVE_REGULATION_OF_CELL_SUBSTRATE_ADHESION,0.594689378757515,1,0.025861036835466387,-0.24916996906657027,-0.9161907224794713,32,DAG1;RRAS;NRP1;CD36;CFL1;CRKL;UTRN;P4HB;RSU1,GO:BP,Training_CR
GOBP_POSITIVE_REGULATION_OF_CHEMOTAXIS,0.7263056092843327,1,0.022019416075025718,-0.26177789879960783,-0.8201104988160706,18,STX4;CD74;NRP1;OXSR1;HMGB1,GO:BP,Training_CR
GOBP_POSITIVE_REGULATION_OF_CHROMOSOME_ORGANIZATION,0.3672153402341761,1,0.027457446786596337,0.3501701475384753,1.0748788397852336,21,MAPK1;RUVBL2;CCT5;CCT6A;UCHL5;CCT7;CCT8,GO:BP,Training_CR
GOBP_POSITIVE_REGULATION_OF_COLD_INDUCED_THERMOGENESIS,0.6683405069344811,1,0.023166410661450115,-0.27766242396493407,-0.8548402057266432,17,ACADL;HADH;GNAS;CD36;CAV1;FABP4;FABP5;ACSL1,GO:BP,Training_CR
GOBP_POSITIVE_REGULATION_OF_CYTOKINE_PRODUCTION_INVOLVED_IN_IMMUNE_RESPONSE,0.5316828254847645,1,0.021673335089030698,0.35196635304360896,0.9498812616088566,13,IL18;HK1,GO:BP,Training_CR
GOBP_POSITIVE_REGULATION_OF_DEVELOPMENTAL_GROWTH,0.5873015873015873,1,0.019598389203236078,0.286516000636866,0.9175507572175701,25,AKT1;MAPT;MAPK14;YBX3;MTM1;CRABP2;TWF2;PPIB;CAPN3;IGF2;BASP1,GO:BP,Training_CR
GOBP_POSITIVE_REGULATION_OF_DNA_BINDING_TRANSCRIPTION_FACTOR_ACTIVITY,0.7502539790044023,1,0.01617576792717861,0.2584410105882574,0.8099180055065284,23,IL18;RPS3;DHX9;PRDX3;COPS5,GO:BP,Training_CR
GOBP_POSITIVE_REGULATION_OF_DNA_BIOSYNTHETIC_PROCESS,0.5676939058171745,1,0.02065738480034786,0.34217147349418725,0.9234469946306186,13,CCT5;CCT6A;CCT7;CCT8,GO:BP,Training_CR
GOBP_POSITIVE_REGULATION_OF_DNA_METABOLIC_PROCESS,0.590778097982709,1,0.018868136637168686,0.24943485305375093,0.9253830368640985,47,MAPK1;FH;AKT1;RPS3;BABAM2;DHX9;RUVBL2;ACTR2;CCT5;CCT6A;UCHL5;CCT7;CCT8;CACYBP,GO:BP,Training_CR
GOBP_POSITIVE_REGULATION_OF_DNA_RECOMBINATION,0.8853380158033363,1,0.014308063173528613,0.26065586810307334,0.6691991108704329,11,RUVBL2;ACTR2,GO:BP,Training_CR
GOBP_POSITIVE_REGULATION_OF_DNA_REPAIR,0.5044232732221844,1,0.022225465565119215,0.3129017270969673,0.970353737160095,22,FH;RPS3;BABAM2;DHX9;RUVBL2;ACTR2,GO:BP,Training_CR
GOBP_POSITIVE_REGULATION_OF_DOUBLE_STRAND_BREAK_REPAIR,0.5973503666903242,1,0.024826222135110515,-0.3118990591516323,-0.8934281753512415,13,UBE2V2;UBE2N;RNF126,GO:BP,Training_CR
GOBP_POSITIVE_REGULATION_OF_ENDOCYTOSIS,0.7720038973692758,1,0.015156972528839241,0.22764367476455732,0.8125698419062594,39,LMAN2;APPL1;MYO18A;AP2M1;AP2B1;BIN1;PPP3CA;ATAD1;AP2A1;RAP1A;APOE,GO:BP,Training_CR
GOBP_POSITIVE_REGULATION_OF_ENDOTHELIAL_CELL_MIGRATION,0.5972256023363349,1,0.025302173054863424,-0.2752311852485074,-0.904400015633943,21,RRAS;PDCD6;NRP1;ANXA3;HMGB1,GO:BP,Training_CR
GOBP_POSITIVE_REGULATION_OF_ENDOTHELIAL_CELL_PROLIFERATION,0.7744270205066345,1,0.01597087996562732,0.2766154879804214,0.7759809731566506,15,PDCL3;ANG;AKT1,GO:BP,Training_CR
GOBP_POSITIVE_REGULATION_OF_EPITHELIAL_CELL_PROLIFERATION,0.554931640625,1,0.02660389886190827,-0.2755779720171152,-0.9315337118744544,23,ECM1;PDCD6;NRP1;RTN4;HMGB1;NME1;YAP1;HMGB2;STAT3;LAMB1,GO:BP,Training_CR
GOBP_POSITIVE_REGULATION_OF_ERK1_AND_ERK2_CASCADE,0.44263118252573436,1,0.03118961441732041,-0.2907470899154808,-1.0123030373944044,26,CAVIN3;CD74;NRP1;CD36;HMGB1;CRKL;DDT,GO:BP,Training_CR
GOBP_POSITIVE_REGULATION_OF_ESTABLISHMENT_OF_PROTEIN_LOCALIZATION,0.9341308298001212,1,0.011370685472945402,0.17672416263884105,0.7289911908551092,83,ANG;ARF6;PFKM;MYO18A;AKT2;UBE2D3;ACSL3;TTN;JUP;MCU;MAPK14;SAE1;VPS35;CCT6A,GO:BP,Training_CR
GOBP_POSITIVE_REGULATION_OF_ESTABLISHMENT_OF_PROTEIN_LOCALIZATION_TO_MITOCHONDRION,0.8704118559365845,1,0.014282330951271908,0.24616061139442502,0.6905468387807769,15,UBE2D3;SAE1;TOMM70;UBL5;PRKAA1,GO:BP,Training_CR
GOBP_POSITIVE_REGULATION_OF_EXTRINSIC_APOPTOTIC_SIGNALING_PATHWAY,0.6805970149253732,1,0.01813647392844131,0.3256983922661927,0.8361871002661526,11,PPP1CA;PPP2R1A;PAK2;AGT,GO:BP,Training_CR
GOBP_POSITIVE_REGULATION_OF_GLIOGENESIS,0.856353591160221,1,0.018747173343972964,-0.26604609271114793,-0.7044470842874906,10,DAG1,GO:BP,Training_CR
GOBP_POSITIVE_REGULATION_OF_GROWTH,0.6114030478192328,1,0.026201312477048783,-0.23111405217115485,-0.91529407867381,44,MAP1B;STAT5B;EIF4G2;ACSL4;NRP1;SDCBP;CFL1;S100A9;YAP1;S100A8;CD38;H3-3A;MTPN;PAK1,GO:BP,Training_CR
GOBP_POSITIVE_REGULATION_OF_GTPASE_ACTIVITY,0.9134930208512838,1,0.013584829443150235,0.23173859674104802,0.6500892019097748,15,THY1;LARS1;RACK1;TGM2;RAP1A;RANGAP1,GO:BP,Training_CR
GOBP_POSITIVE_REGULATION_OF_HORMONE_SECRETION,0.4886731391585761,1,0.029196637937507458,-0.28263454565067814,-0.9760642024375252,25,STX4;ACSL4;PPP3CB;RBP4;CD38;MPC2;PTPN11;PHPT1;OXCT1;RAC1;PFKFB2;TARDBP;DYNLL1,GO:BP,Training_CR
GOBP_POSITIVE_REGULATION_OF_HYDROLASE_ACTIVITY,0.9136870114751372,1,0.013067210745136072,0.20779853406738963,0.6797366575564621,27,THY1;AKT1;RPS3;RHOC;LARS1;RACK1;TGM2;RCN3;RAP1A;RANGAP1;PLIN5,GO:BP,Training_CR
GOBP_POSITIVE_REGULATION_OF_IMMUNE_EFFECTOR_PROCESS,0.3877551020408163,1,0.034336429712643037,-0.2719869177827539,-1.0385219772834522,38,HLA-DRA;STAT5B;STX4;CD74;CD81;RTN4;FCN3;CD36;DDRGK1;AP1G1;RBP4;VAMP3;B2M,GO:BP,Training_CR
GOBP_POSITIVE_REGULATION_OF_INFLAMMATORY_RESPONSE,0.49417758369723436,1,0.028529035859604573,-0.29844207143479695,-0.9660978258103009,20,STAT5B;LGALS1;CD81;S100A9;DDT;FABP4;PARK7;S100A8,GO:BP,Training_CR
GOBP_POSITIVE_REGULATION_OF_INSULIN_SECRETION,0.3798828125,1,0.03361464215059928,-0.31010405660327217,-1.0482419215169752,23,STX4;ACSL4;PPP3CB;RBP4;CD38;MPC2;PHPT1;OXCT1;RAC1;PFKFB2;TARDBP;DYNLL1,GO:BP,Training_CR
GOBP_POSITIVE_REGULATION_OF_INTERLEUKIN_6_PRODUCTION,0.4735267034990792,1,0.02835430047567093,-0.36860671851148574,-0.9760110567987884,10,CD74;CD36;HMGB1;STAT3,GO:BP,Training_CR
GOBP_POSITIVE_REGULATION_OF_KINASE_ACTIVITY,0.646629350206863,1,0.023986954007109432,-0.266515680886118,-0.8757611741651402,21,CD74;RHOA;PRKCD;SNX9;PPIA;FBN1,GO:BP,Training_CR
GOBP_POSITIVE_REGULATION_OF_LEUKOCYTE_CELL_CELL_ADHESION,0.7320449203447376,1,0.023120476971314738,-0.2204378347158799,-0.8513713296138028,40,HLA-DRA;STAT5B;LGALS1;CD74;RHOA;FLOT2;CD81,GO:BP,Training_CR
GOBP_POSITIVE_REGULATION_OF_LEUKOCYTE_CHEMOTAXIS,0.8897160664819944,1,0.014033079238002663,0.24610343119376796,0.6641800720071687,13,MAPK1;MCU;THBS4;LGMN,GO:BP,Training_CR
GOBP_POSITIVE_REGULATION_OF_LEUKOCYTE_MEDIATED_IMMUNITY,0.4979313701630567,1,0.028450115021239585,-0.2940189425823411,-0.966135926886529,21,HLA-DRA;STAT5B;STX4;CD81,GO:BP,Training_CR
GOBP_POSITIVE_REGULATION_OF_LEUKOCYTE_MIGRATION,0.652099609375,1,0.023901181764579487,-0.25744218210093706,-0.8702294662022224,23,CD99L2;CD74;RHOA;OXSR1;RTN4;HMGB1,GO:BP,Training_CR
GOBP_POSITIVE_REGULATION_OF_LEUKOCYTE_PROLIFERATION,0.8938367761598375,1,0.013644933050246583,0.22108533732291819,0.6928505466053606,23,IL18;MAPK1;RPS3,GO:BP,Training_CR
GOBP_POSITIVE_REGULATION_OF_LIPID_METABOLIC_PROCESS,0.7146426786606697,1,0.02279807326179926,-0.23168501211401415,-0.8447398762068107,31,SCP2;CES1;CD74;PRKCD;CPT1A;SORBS1,GO:BP,Training_CR
GOBP_POSITIVE_REGULATION_OF_MAPK_CASCADE,0.6729424421732114,1,0.024978427906915714,-0.21805814523900888,-0.8909038857370218,51,SOD1;CAVIN3;CD74;NRP1;CD81;CD36;SDCBP;CSPG4;HMGB1;CRKL;DDT,GO:BP,Training_CR
GOBP_POSITIVE_REGULATION_OF_MEMBRANE_PERMEABILITY,0.7358262967430639,1,0.01671438400095976,0.28634418477983015,0.8032725889120399,15,SLC25A4;VDAC2;SLC25A6,GO:BP,Training_CR
GOBP_POSITIVE_REGULATION_OF_MICROTUBULE_POLYMERIZATION_OR_DEPOLYMERIZATION,0.44856895056374674,1,0.02443132297010355,0.3835072149669821,1.0119910056766308,12,DRG1;DCTN1;RPS3;MAPT,GO:BP,Training_CR
GOBP_POSITIVE_REGULATION_OF_MITOCHONDRIAL_MEMBRANE_PERMEABILITY,0.6545801526717557,1,0.018536313145709988,0.31211171738114224,0.859483779323291,14,SLC25A4;VDAC2;SLC25A6;SLC25A5;PPIF,GO:BP,Training_CR
GOBP_POSITIVE_REGULATION_OF_MITOTIC_CELL_CYCLE,0.8593590180702353,1,0.014310925119337061,0.24089952513331686,0.7100430797130715,18,AKT1;CUL4A;TMOD3;DDX3X;LGMN,GO:BP,Training_CR
GOBP_POSITIVE_REGULATION_OF_MRNA_CATABOLIC_PROCESS,0.7291061357032986,1,0.016728053864217315,0.2740031876360538,0.8169018852390578,19,SYNCRIP;PABPC1;YBX1;DHX9;CSDE1;DCPS,GO:BP,Training_CR
GOBP_POSITIVE_REGULATION_OF_MRNA_METABOLIC_PROCESS,0.5410615923885829,1,0.027481761924623697,-0.2644181305889563,-0.9461252339289751,29,RBM3;CAPRIN1;PAIP1;TNKS1BP1;PRDX6;ELAVL1;DAZAP1;PNPT1;PRMT5;NCL;KHSRP,GO:BP,Training_CR
GOBP_POSITIVE_REGULATION_OF_NERVOUS_SYSTEM_DEVELOPMENT,0.6813158571061424,1,0.024023896252328328,-0.2313088516585135,-0.8724508974222476,36,MAP1B;CAPRIN1;DAG1,GO:BP,Training_CR
GOBP_POSITIVE_REGULATION_OF_NEUROGENESIS,0.6813158571061424,1,0.024023896252328328,-0.2313088516585135,-0.8724508974222476,36,MAP1B;CAPRIN1;DAG1,GO:BP,Training_CR
GOBP_POSITIVE_REGULATION_OF_NF_KAPPAB_TRANSCRIPTION_FACTOR_ACTIVITY,0.5974489795918367,1,0.01960699029383211,0.29924740555277146,0.9063912570795396,20,IL18;RPS3;DHX9;PRDX3,GO:BP,Training_CR
GOBP_POSITIVE_REGULATION_OF_NITRIC_OXIDE_METABOLIC_PROCESS,0.7897658282740676,1,0.015781826065538195,0.28615800271470165,0.7551078927539839,12,HSP90AB1;AKT1,GO:BP,Training_CR
GOBP_POSITIVE_REGULATION_OF_NON_CANONICAL_NF_KAPPAB_SIGNAL_TRANSDUCTION,0.7273046532045654,1,0.017159182620751817,0.31196791866893137,0.8009359440578305,11,IL18;RPS3;DDX3X;ACTN4,GO:BP,Training_CR
GOBP_POSITIVE_REGULATION_OF_NUCLEOCYTOPLASMIC_TRANSPORT,0.8072753553360636,1,0.02032449160724166,-0.23898314565149795,-0.7617444409206896,19,PRKCD;YWHAE;EMD;KHDRBS1;RAN;HSP90AA1;TRIM28;TARDBP,GO:BP,Training_CR
GOBP_POSITIVE_REGULATION_OF_ORGANELLE_ASSEMBLY,0.6558131605864302,1,0.01824775988333999,0.29396722327770813,0.8664582980613619,18,FSCN1;DYNC1H1;MAPK9;PIP4K2B;SEPTIN9;CAPG,GO:BP,Training_CR
GOBP_POSITIVE_REGULATION_OF_PATTERN_RECOGNITION_RECEPTOR_SIGNALING_PATHWAY,0.9311009395326427,1,0.01817856927969545,-0.20176002220675915,-0.6430979678380944,19,RTN4;CD36;HMGB1;CAV1;NEK7,GO:BP,Training_CR
GOBP_POSITIVE_REGULATION_OF_PEPTIDE_SECRETION,0.47000248941996514,1,0.02990962262418281,-0.2860418625193481,-0.987831200042909,25,STX4;ACSL4;PPP3CB;RBP4;S100A8;CD38;MPC2;PHPT1;OXCT1;RAC1;PFKFB2;TARDBP;DYNLL1,GO:BP,Training_CR
GOBP_POSITIVE_REGULATION_OF_PHAGOCYTOSIS,0.5564229950319376,1,0.02601917466808258,-0.3217119761271489,-0.9215370658754891,13,SOD1;FCN3;CD36,GO:BP,Training_CR
GOBP_POSITIVE_REGULATION_OF_PHOSPHORUS_METABOLIC_PROCESS,0.7105627945661215,1,0.024578752036109798,-0.2076829452306424,-0.8755281670206957,59,GPD1;ENO1;CD74;PIN1;RHOA;NRP1;PRKCD;PRKAA2;NDUFC2;SDCBP;CSPG4;SNX9;DDRGK1;NIBAN1;PPIA;VCP;STAT3;FBN1,GO:BP,Training_CR
GOBP_POSITIVE_REGULATION_OF_PHOSPHORYLATION,0.8329567462879277,1,0.013971417489001998,0.21250224903059586,0.7780589850278341,44,IL18;XRCC5;MAPK1;ANG;AKT1,GO:BP,Training_CR
GOBP_POSITIVE_REGULATION_OF_PLASMA_MEMBRANE_BOUNDED_CELL_PROJECTION_ASSEMBLY,0.8318343797726115,1,0.01471437036143101,0.24115548683601418,0.7402485098180929,21,FSCN1;ARPC2;ACTR3;ACTR2;DPYSL3;SEPTIN9;TWF2,GO:BP,Training_CR
GOBP_POSITIVE_REGULATION_OF_PRODUCTION_OF_MOLECULAR_MEDIATOR_OF_IMMUNE_RESPONSE,0.6586364731390026,1,0.023522404802882566,-0.2711744391388582,-0.8643522578577136,19,STX4;CD74;CD81;RTN4;CD36;RBP4;VAMP3;B2M,GO:BP,Training_CR
GOBP_POSITIVE_REGULATION_OF_PROTEASOMAL_PROTEIN_CATABOLIC_PROCESS,0.5988829652195988,1,0.02596864288204683,-0.24596195808348886,-0.9157637241527546,34,USP5;RAD23A;PSMC6;PSMC3;DDRGK1;CAV1;GSK3A;BCAP31;GCLC;VCP;SUMO2,GO:BP,Training_CR
GOBP_POSITIVE_REGULATION_OF_PROTEASOMAL_UBIQUITIN_DEPENDENT_PROTEIN_CATABOLIC_PROCESS,0.8991270611057226,1,0.018795417016250503,-0.20852142976842644,-0.6967772459942486,22,USP5;RAD23A;DDRGK1;GSK3A;GCLC;VCP;SUMO2,GO:BP,Training_CR
GOBP_POSITIVE_REGULATION_OF_PROTEIN_CATABOLIC_PROCESS,0.9595231494316606,1,0.019832758656978127,-0.16645093284114293,-0.7017065362177309,59,RAB7A;USP5;CD81;RAD23A;PSMC6;SNX9;PSMC3;DDRGK1;CAV1;GSK3A;BCAP31;PPP2R3A;GCLC;VCP;SUMO2,GO:BP,Training_CR
GOBP_POSITIVE_REGULATION_OF_PROTEIN_CONTAINING_COMPLEX_ASSEMBLY,0.38250078542255733,1,0.025432670045868803,0.27108960119095316,1.0457764542533712,57,MARCHF5;FSCN1;ARPC2;DRG1;ARF6;DCTN1;RPS3;MAPT;MAPK9;RHOC;DDX3X;ARL2;BIN1;RACK1;CAPG,GO:BP,Training_CR
GOBP_POSITIVE_REGULATION_OF_PROTEIN_CONTAINING_COMPLEX_DISASSEMBLY,0.5172651933701657,1,0.02680238024094505,-0.3571474175381205,-0.9456686786176347,10,WDR1;CFL1;FYCO1;EIF5A;PDXP,GO:BP,Training_CR
GOBP_POSITIVE_REGULATION_OF_PROTEIN_IMPORT_INTO_NUCLEUS,0.9139596136962248,1,0.013848851597412433,0.2480082929475915,0.636728151707647,11,JUP;MAPK14,GO:BP,Training_CR
GOBP_POSITIVE_REGULATION_OF_PROTEIN_LOCALIZATION_TO_CELL_PERIPHERY,0.8032509312563495,1,0.015187392487254259,0.24536623313652844,0.7689434804029371,23,ARF6;AKT1;ACSL3;VPS35,GO:BP,Training_CR
GOBP_POSITIVE_REGULATION_OF_PROTEIN_LOCALIZATION_TO_MEMBRANE,0.7676548967355097,1,0.015604822256544668,0.23952152722462305,0.8044400044575847,30,ARF6;AKT1;FNTA;AKT2;ACSL3,GO:BP,Training_CR
GOBP_POSITIVE_REGULATION_OF_PROTEIN_LOCALIZATION_TO_NUCLEUS,0.7869507323568575,1,0.015236204650122298,0.23769992774200202,0.7912551211533015,29,AKT1;JUP;MAPK14;CCT5;CCT6A;CCT7;CCT8,GO:BP,Training_CR
GOBP_POSITIVE_REGULATION_OF_PROTEIN_LOCALIZATION_TO_PLASMA_MEMBRANE,0.6737113402061856,1,0.017965724706361787,0.2937892921770301,0.8513590092122819,17,ARF6;AKT1;ACSL3,GO:BP,Training_CR
GOBP_POSITIVE_REGULATION_OF_PROTEIN_MODIFICATION_PROCESS,0.5412445730824892,1,0.030086586780604725,-0.21871299428247878,-0.9569461759797402,71,UBE3A;DCUN1D1;UBE2V2;UBE2D1;CD74;PDCD6;PIN1;RHOA;PRKCD;UBE2N;TXN;CSPG4;SNX9;DDRGK1;CAV1;GSK3A;HUWE1;NIBAN1;PPIA;VCP;FBN1,GO:BP,Training_CR
GOBP_POSITIVE_REGULATION_OF_PROTEIN_SECRETION,0.6740887349496949,1,0.017355158672002352,0.2513702952525999,0.8720583071133796,35,ANG;ARF6;PFKM;MYO18A;TTN;MCU;VPS35,GO:BP,Training_CR
GOBP_POSITIVE_REGULATION_OF_PROTEIN_TRANSPORT,0.9313024557040721,1,0.011800867310825159,0.18213241592428073,0.712867225977099,61,ANG;ARF6;PFKM;MYO18A;ACSL3;TTN;JUP;MCU;MAPK14;VPS35,GO:BP,Training_CR
GOBP_POSITIVE_REGULATION_OF_PROTEOLYSIS,0.7068163153572407,1,0.024456837565433077,-0.21022665518053166,-0.8755159588969175,56,ENO1;USP5;RAD23A;PSMC6;CFL1;SNX9;PSMC3;DDRGK1;CAV1;ATP5IF1;GSK3A;BCAP31;GCLC;VCP;SUMO2,GO:BP,Training_CR
GOBP_POSITIVE_REGULATION_OF_PROTEOLYSIS_INVOLVED_IN_PROTEIN_CATABOLIC_PROCESS,0.67553603719969,1,0.024247892999427874,-0.2296302103558396,-0.8767922444462615,38,USP5;RAD23A;PSMC6;PSMC3;DDRGK1;CAV1;ATP5IF1;GSK3A;BCAP31;GCLC;VCP;SUMO2,GO:BP,Training_CR
GOBP_POSITIVE_REGULATION_OF_REACTIVE_OXYGEN_SPECIES_METABOLIC_PROCESS,0.5429194956353055,1,0.026864078453640434,-0.28165413389611443,-0.9411511898655965,22,SOD1;GSTP1;PRKCD;CD36;ELAVL1;AKR1C1;PARK7;ROMO1,GO:BP,Training_CR
GOBP_POSITIVE_REGULATION_OF_RECEPTOR_MEDIATED_ENDOCYTOSIS,0.6959236773633998,1,0.017627366667513196,0.3135138405972764,0.8272939190124394,12,AP2M1;ATAD1;AP2A1,GO:BP,Training_CR
GOBP_POSITIVE_REGULATION_OF_RESPONSE_TO_BIOTIC_STIMULUS,0.9992420797332121,1,0.010374927090422412,0.1300361708501861,0.5297157607042952,76,MARCHF5;XRCC5;UFD1;AKT1;APPL1;DHX9;UBE2K;PAK2;DDX3X;TOMM70;MAP2K6;PCBP2;PRKAA1;PPP2CA;NPLOC4;NAGK;XRCC6;LAMP1;WDFY1,GO:BP,Training_CR
GOBP_POSITIVE_REGULATION_OF_RESPONSE_TO_WOUNDING,0.4211748316693754,1,0.0306525980581054,-0.3732790290729844,-1.0169752161656427,11,MYLK;ITGB1;CD36;HMGB1;DMTN;PRDX2;FERMT2,GO:BP,Training_CR
GOBP_POSITIVE_REGULATION_OF_SECRETION,0.9662763466042155,1,0.011322632960576742,0.17085139201798652,0.6655968026871202,60,ANG;ARF6;PFKM;MYO18A;ACSL3;TTN;MCU;VPS35;AIMP1;PPP3CA;MYOM1,GO:BP,Training_CR
GOBP_POSITIVE_REGULATION_OF_SMALL_GTPASE_MEDIATED_SIGNAL_TRANSDUCTION,0.7803329328985756,1,0.015800930014402716,0.2693334033812995,0.7682468019326127,16,SYNPO2L;FNTA;TGM2;PICALM;CRK;COL3A1;MAPRE2;FXR1;MAP2K1,GO:BP,Training_CR
GOBP_POSITIVE_REGULATION_OF_SMALL_MOLECULE_METABOLIC_PROCESS,0.5799579168858495,1,0.027129671852813186,-0.23619193654706735,-0.9294994569443066,43,GPD1;CES1;ENO1;CD74;CPT1A;PRKAA2;ARPP19;SORBS1;NDUFC2;HMGB1,GO:BP,Training_CR
GOBP_POSITIVE_REGULATION_OF_SMOOTH_MUSCLE_CELL_PROLIFERATION,0.3517667844522968,1,0.028940021090965655,0.43946317729581874,1.0952682884310911,10,IL18;AKT1;IGFBP5,GO:BP,Training_CR
GOBP_POSITIVE_REGULATION_OF_STEROID_METABOLIC_PROCESS,0.5108195211786372,1,0.02701964096794484,-0.35872220780238895,-0.9498384688924074,10,SCP2;CES1,GO:BP,Training_CR
GOBP_POSITIVE_REGULATION_OF_STRESS_FIBER_ASSEMBLY,0.873691436416681,1,0.014168510808080566,0.2434112689218801,0.6943064861466695,16,SYNPO2L;TPM1;RHOC;PXN;FHOD1;LIMCH1,GO:BP,Training_CR
GOBP_POSITIVE_REGULATION_OF_SUBSTRATE_ADHESION_DEPENDENT_CELL_SPREADING,0.6499166468206716,1,0.023552045660996383,-0.28696089636567423,-0.8588027358343253,15,NRP1;CRKL;P4HB;FERMT2;RAC1;ILK;CDC42,GO:BP,Training_CR
GOBP_POSITIVE_REGULATION_OF_SUPRAMOLECULAR_FIBER_ORGANIZATION,0.5723798953543682,1,0.019196611046645884,0.24741815939843984,0.9369263172156249,52,ARPC2;DRG1;ARF6;DCTN1;SYNPO2L;RPS3;TPM1;SYNPO2;MAPT;RHOC,GO:BP,Training_CR
GOBP_POSITIVE_REGULATION_OF_SYNAPTIC_TRANSMISSION,0.5397900440230274,1,0.02109151504483814,0.30221598714521725,0.947102663713088,23,CAMK2D;MAPK1;LAMA2,GO:BP,Training_CR
GOBP_POSITIVE_REGULATION_OF_TELOMERE_MAINTENANCE,0.375,1,0.027129671852813186,0.35282836327084555,1.0686827614349432,20,MAPK1;RUVBL2;CCT5;CCT6A;UCHL5;CCT7;CCT8,GO:BP,Training_CR
GOBP_POSITIVE_REGULATION_OF_TELOMERE_MAINTENANCE_VIA_TELOMERE_LENGTHENING,0.7614265927977839,1,0.01628437397478946,0.28823389445496034,0.7778811040764148,13,CCT5;CCT6A;CCT7;CCT8,GO:BP,Training_CR
GOBP_POSITIVE_REGULATION_OF_TRANSFERASE_ACTIVITY,0.6365446850883744,1,0.02461750086802017,-0.25696858751657814,-0.8874281056069638,25,DBI;CD74;RHOA;PRKCD,GO:BP,Training_CR
GOBP_POSITIVE_REGULATION_OF_TRANSLATION,0.5960264900662252,1,0.018868136637168686,0.25355428343568887,0.9156896269773768,41,SYNCRIP;PKM;PABPC1;YBX1;AKT2;DHX9;RPS4X;YBX3;DDX3X;CSDE1;RPL5;ABCF1,GO:BP,Training_CR
GOBP_POSITIVE_REGULATION_OF_TRANSMEMBRANE_RECEPTOR_PROTEIN_SERINE_THREONINE_KINASE_SIGNALING_PATHWAY,0.3674000473148805,1,0.033653080253058486,-0.3709274480889524,-1.0625137313180983,13,PELO;NGLY1;SDCBP;NUP93,GO:BP,Training_CR
GOBP_POSITIVE_REGULATION_OF_TUMOR_NECROSIS_FACTOR_SUPERFAMILY_CYTOKINE_PRODUCTION,0.8787661406025825,1,0.018929064356598024,-0.22730786971747627,-0.6998134761551749,17,CD36;HMGB1;DDT;STAT3;PTPN11;MAPKAPK2,GO:BP,Training_CR
GOBP_POSITIVE_REGULATION_OF_TYPE_I_INTERFERON_PRODUCTION,0.7276471597734684,1,0.016817262304136885,0.28293723087549216,0.8070503696863707,16,DHX9;DDX3X;GAPDH;TOMM70,GO:BP,Training_CR
GOBP_POSITIVE_REGULATION_OF_T_CELL_MEDIATED_IMMUNITY,0.9361149584487535,1,0.013298451461989581,0.2262202243625635,0.6105195859228234,13,IL18,GO:BP,Training_CR
GOBP_POSITIVE_REGULATION_OF_T_CELL_PROLIFERATION,0.8286941580756014,1,0.014948877582047639,0.25378033273944467,0.7354188133869276,17,IL18;RPS3;PPP3CA;CD276;IGF2;CORO1A;PYCARD;HLA-A;NCK1,GO:BP,Training_CR
GOBP_POSITIVE_REGULATION_OF_UBIQUITIN_DEPENDENT_PROTEIN_CATABOLIC_PROCESS,0.9255663430420712,1,0.01875520092618141,-0.1933272380926811,-0.6676459030298639,25,USP5;RAD23A;DDRGK1;GSK3A;BCAP31;GCLC;VCP;SUMO2,GO:BP,Training_CR
GOBP_POSITIVE_REGULATION_OF_WNT_SIGNALING_PATHWAY,0.9252789907811741,1,0.018375614133831947,-0.20265542496410457,-0.6560233431741835,20,PIN1;MESD;PPM1B;YAP1;PPP2R3A;VCP,GO:BP,Training_CR
GOBP_POSTSYNAPSE_ASSEMBLY,0.3977246343162294,1,0.03173753958601542,-0.38098265853429975,-1.0379632696765444,11,MAP1B;RTN4;CRKL;GNA13;RHOG;RAC1,GO:BP,Training_CR
GOBP_POSTSYNAPSE_ORGANIZATION,0.728235598036683,1,0.023029120889372704,-0.222427097941094,-0.8492887504968517,38,MAP1B;CAPRIN1;NRP1;MESD;RTN4;CFL1;CRKL,GO:BP,Training_CR
GOBP_POST_EMBRYONIC_DEVELOPMENT,0.4535158093440302,1,0.02958164258707458,-0.357379010079126,-0.9957912311689752,12,ACO1;SELENOP,GO:BP,Training_CR
GOBP_POST_GOLGI_VESICLE_MEDIATED_TRANSPORT,0.6522180833051134,1,0.018228501797717733,0.27911432668611674,0.8747052886976622,23,ACSL3;CCDC22;SCFD1;DNM2;VAMP5;LYPLA1;RACK1;OPTN;CCDC93;AP2A1;LAMP1;ANK3,GO:BP,Training_CR
GOBP_POTASSIUM_ION_TRANSPORT,0.6100928948029124,1,0.025467238135763685,-0.25947300210156315,-0.903415089126474,26,FXYD1;VAMP2;OXSR1;YWHAE;LETM1;CAV1,GO:BP,Training_CR
GOBP_PRESYNAPTIC_ENDOCYTOSIS,0.7280279116132248,1,0.016337356590389873,0.2547859036176587,0.8262548378635229,26,CTBP1;ARF6;CAPN2;AP2M1;DNM2;AP2B1;BIN1;ARPC3;AP2A2;AP2A1,GO:BP,Training_CR
GOBP_PRODUCTION_OF_MOLECULAR_MEDIATOR_INVOLVED_IN_INFLAMMATORY_RESPONSE,0.7566467065868263,1,0.021233166906645153,-0.2606595284940328,-0.7908305072428546,16,VAMP2;CD36;S100A9;KPNA6;STAT3;VAMP3;PRDX2,GO:BP,Training_CR
GOBP_PRODUCTION_OF_MOLECULAR_MEDIATOR_OF_IMMUNE_RESPONSE,0.5692564745196325,1,0.020071690624924345,0.2901920064652481,0.9293229511748741,25,IL18;HK1;PCYT1A,GO:BP,Training_CR
GOBP_PROGRAMMED_NECROTIC_CELL_DEATH,0.4766658927327606,1,0.02838906066286904,-0.3583346720699634,-0.9762602562833606,11,ASAH1;PYGL,GO:BP,Training_CR
GOBP_PROSTANOID_BIOSYNTHETIC_PROCESS,0.9201197053406999,1,0.017682518178475878,-0.23910472527643,-0.6331106946314672,10,CD74;FABP5;PTGES3,GO:BP,Training_CR
GOBP_PROSTANOID_METABOLIC_PROCESS,0.8199902959728287,1,0.02019292573832928,-0.23419372152979037,-0.7581171250440978,20,CD74;GSTP1;AKR1C2,GO:BP,Training_CR
GOBP_PROTEASOME_MEDIATED_UBIQUITIN_DEPENDENT_PROTEIN_CATABOLIC_PROCESS,0.8861728758651156,1,0.011737099454890994,0.18281174508285258,0.7835687592237982,104,USP9X;PSMD7;UFD1;RPL11;HSP90AB1;PSMD3;AKT1;CUL4A;UBE2D3;MAPK9;UBE2K;PSMD6;PPP2CB;MTM1;UBE2H;FBXO7;PSMD2;ELOB;CUL5;UCHL5;PSMC5;RACK1;PCBP2;CUL1;DDB1;NPLOC4;PSMC4;HECTD1;PLAA;SH3BGRL;PSMD8;PSMD1;KLHL40;PSMB2;PSMA6;PSMD11;USP7;PSMB1,GO:BP,Training_CR
GOBP_PROTEIN_AUTOPHOSPHORYLATION,0.9355688622754491,1,0.018022382964453736,-0.20565516477123041,-0.623949483883411,16,MAP3K20;OXSR1;MYLK2,GO:BP,Training_CR
GOBP_PROTEIN_COMPLEX_OLIGOMERIZATION,0.9670236753100339,1,0.019964923597837123,-0.16034888154596225,-0.6927211169020356,66,ATL3;ALDH9A1;SHMT1;ME1;CD74;CBR4;ATL2;EHD1;APIP;SHMT2;LETM1;ELAVL1,GO:BP,Training_CR
GOBP_PROTEIN_CONTAINING_COMPLEX_DISASSEMBLY,0.8445925007747134,1,0.013181086409318185,0.19953362436877067,0.7905081090241698,66,ABCE1;TMOD4;SET;GSPT1;CAPZB;CAPZA2;TMOD3;ETF1;PPP1CA;MAP1S;TMOD1;CLTC;TRIM54;ACTN2;TWF2;SVIL;CAPG,GO:BP,Training_CR
GOBP_PROTEIN_CONTAINING_COMPLEX_LOCALIZATION,0.9766438182279766,1,0.01824775988333999,-0.1661388876024354,-0.6185670646911938,34,DAG1;RAB7A;EPB41L3;PPP3R1,GO:BP,Training_CR
GOBP_PROTEIN_DEPOLYMERIZATION,0.7437407952871871,1,0.015807304065376154,0.2365138865969616,0.8284379767858104,36,TMOD4;CAPZB;CAPZA2;TMOD3;MAP1S;TMOD1;CLTC;TRIM54;ACTN2;TWF2;SVIL;CAPG,GO:BP,Training_CR
GOBP_PROTEIN_DNA_COMPLEX_ORGANIZATION,0.8618556701030928,1,0.014382657698905557,0.2441511471261996,0.7075148218477342,17,NAP1L4;SET,GO:BP,Training_CR
GOBP_PROTEIN_EXIT_FROM_ENDOPLASMIC_RETICULUM,0.792756183745583,1,0.015993489340500603,0.30148187702163537,0.7513793111640096,10,UFD1;LMAN1;NPLOC4;SEC13,GO:BP,Training_CR
GOBP_PROTEIN_EXPORT_FROM_NUCLEUS,0.7367782629791363,1,0.021847734908829484,-0.25197714104218466,-0.8156844875938856,20,NUTF2;YWHAE;TXN;EMD;PARK7;RAN;PTPN11,GO:BP,Training_CR
GOBP_PROTEIN_FOLDING,0.45528455284552843,1,0.02162758360823578,0.23424479881170313,1.000136358893172,102,MOGS;PDCL3;ERP29;ANP32E;HSP90AB1;AHSA1;HSPH1;TBCEL;RUVBL2;UNC45B;DNAJB4;DNAJA2;CCT5;CCT6A;HSPB2;TRAP1;ARL2;GRPEL1;DNAJB1;DNAJA4;PPIB;CCT7;CCT8;LMAN1;PPIF;HSPB1;TBCB;FKBP5;CDC37;RIC8A;PFDN4;PDIA4;DNAJC19;NUDCD2;BAG3;HSPD1;PPIL1;HYOU1,GO:BP,Training_CR
GOBP_PROTEIN_HOMOOLIGOMERIZATION,0.6650692225772098,1,0.025005088894844305,-0.22240949652502218,-0.8935375762050158,47,ATL3;ALDH9A1;SHMT1;ME1;CBR4;ATL2;EHD1;APIP;SHMT2;LETM1;ELAVL1,GO:BP,Training_CR
GOBP_PROTEIN_IMPORT_INTO_MITOCHONDRIAL_MATRIX,0.38659972299168976,1,0.02691054863131337,0.39418952881572544,1.0638325047453878,13,SAMM50;TIMM44;TOMM70;TOMM22;GRPEL1;TIMM50,GO:BP,Training_CR
GOBP_PROTEIN_INSERTION_INTO_MITOCHONDRIAL_OUTER_MEMBRANE,0.5950530035335689,1,0.020247195487017585,0.3603287841553242,0.8980426827174195,10,SAMM50;TOMM70;TOMM22,GO:BP,Training_CR
GOBP_PROTEIN_K48_LINKED_UBIQUITINATION,0.715429403202329,1,0.022311011740665875,-0.2559504503375516,-0.8285466335141014,20,UBE3A;ARIH2;UBE2D1;RNF126,GO:BP,Training_CR
GOBP_PROTEIN_LOCALIZATION_TO_CELL_JUNCTION,0.5828063578875405,1,0.020058293788823574,0.3081492235225447,0.9187034786065236,19,LAMTOR2;MAPT;MAPK9;PAK2;VPS35,GO:BP,Training_CR
GOBP_PROTEIN_LOCALIZATION_TO_CELL_SURFACE,0.4493407356002776,1,0.024405860649346054,0.3666701353092571,1.0097250955680521,14,ARF6;HSP90AB1;AKT1;ACTN2;FBLN5,GO:BP,Training_CR
GOBP_PROTEIN_LOCALIZATION_TO_CHROMOSOME,0.400520381613183,1,0.026334093659862997,0.3981692039112161,1.050680762629893,12,XRCC5;RUVBL2;CCT6A,GO:BP,Training_CR
GOBP_PROTEIN_LOCALIZATION_TO_ENDOPLASMIC_RETICULUM,0.9174889418169445,1,0.013335977037911804,0.2121891303659177,0.6580293357457612,22,GET4;AKT1;BCAP29,GO:BP,Training_CR
GOBP_PROTEIN_LOCALIZATION_TO_ENDOSOME,0.5352209944751382,1,0.02621599740152998,-0.3523002537265588,-0.9328341717119996,10,PACSIN2;NRP1,GO:BP,Training_CR
GOBP_PROTEIN_LOCALIZATION_TO_EXTRACELLULAR_REGION,0.9127300613496933,1,0.011901849731337342,0.18486713403417207,0.7378590071556139,68,AP1B1;ERP29;ANG;ARF6;SLC16A1;PFKM;MYO18A;IDH2;TTN;MCU,GO:BP,Training_CR
GOBP_PROTEIN_LOCALIZATION_TO_NUCLEUS,0.6245964191370708,1,0.027752302340847603,-0.20675013949371276,-0.9282366067686119,81,CTNNA1;RPL23;PKIA;PIN1;NUTF2;PRKCD;YWHAE;TXN;PPP3CB;EPM2A;CD36;PPP3R1;CFL1;KPNA6;NUP93;DNAJB6;ELAVL1;YAP1;KPNA4;PARK7;STAT3;UFM1;RAN;KPNA1;FERMT2;HSP90AA1;GLUL;TRIM28;TNPO1;DCLK1;TARDBP,GO:BP,Training_CR
GOBP_PROTEIN_LOCALIZATION_TO_SYNAPSE,0.7801565377532228,1,0.020152380615580123,-0.2884517246355512,-0.7637735788806707,10,DAG1;EPB41L3,GO:BP,Training_CR
GOBP_PROTEIN_LOCALIZATION_TO_VACUOLE,0.8896841066140178,1,0.01921743374268299,-0.20578737969440555,-0.7039506531399937,24,RAB7A;CD81;RTN4;SCARB2;HGS;RRAGC;LAMP2;LAMTOR1;VPS13C;VPS37C;SQSTM1;AP3B1;VPS4A;TSG101,GO:BP,Training_CR
GOBP_PROTEIN_METHYLATION,0.5649562382014759,1,0.020596605259753507,0.32391019847577385,0.9239216932185728,16,SNRPB;GSPT1;ETF1,GO:BP,Training_CR
GOBP_PROTEIN_MODIFICATION_BY_SMALL_PROTEIN_REMOVAL,0.9672663668165917,1,0.018155590613591684,-0.17295926418723231,-0.63062166207991,31,USP5;STAMBP;HINT1;SHMT2;SENP8;MINDY3;ABRAXAS2;VCP;PARK7;USP24;COPS3,GO:BP,Training_CR
GOBP_PROTEIN_MONOUBIQUITINATION,0.5571024067956584,1,0.025954242289848287,-0.32978525786523283,-0.9189047445128042,12,PDCD6;UBE2N;RNF126;HUWE1;CUL3,GO:BP,Training_CR
GOBP_PROTEIN_NEDDYLATION,0.5056701030927835,1,0.02234324615885252,0.3348351704982371,0.97030404645596,17,RPL11;UBE2F;UBE2M;COPS5;RPL5;COPS7A;UBA3;NEDD8;COPS2;COPS4;GPS1,GO:BP,Training_CR
GOBP_PROTEIN_POLYMERIZATION,0.545,1,0.019250823360803797,0.23297226769327498,0.9564930433840942,80,DIAPH2;ARPC2;DRG1;TMOD4;ANG;ARF6;DCTN1;CAPZB;CAPZA2;ARPC4;RPS3;TMOD3;MSRB2;MAPT;UBE2K;PPP2CB;DNM2;TMOD1;ARL2;BIN1;TWF2;SVIL;CAPG;ARPC3,GO:BP,Training_CR
GOBP_PROTEIN_POLYUBIQUITINATION,0.5541916949595195,1,0.02780210690749211,-0.24397456119321015,-0.9422744821583215,40,UBE3A;ARIH2;UBE2V2;UBE2D1;THOP1;UBE2N,GO:BP,Training_CR
GOBP_PROTEIN_PROCESSING,0.8474193548387097,1,0.013713519494959492,0.2097176825824708,0.7649086828232262,43,CTSG;PMPCA;PMPCB;CAPN2;AEBP1,GO:BP,Training_CR
GOBP_PROTEIN_REFOLDING,0.9963733075435203,1,0.01723365457974343,-0.14515463917525773,-0.45474749428948236,18,FKBP1A;CRYAB;B2M;HSP90AA1;HSPA1A;DNAJB2;HSPA2;HSPB6;HSPA8;SNRNP70;HSPA1L;HSPA5;HSPA9;HSPD1;HSPB1;DNAJA4;HSPB2;DNAJA2,GO:BP,Training_CR
GOBP_PROTEIN_RNA_COMPLEX_ORGANIZATION,0.5839789277967152,1,0.01855210281407415,0.23516404179851041,0.9316679460953883,66,XRCC5;RPL11;SNRPB;HSP90AB1;EIF2S3;PUF60;DHX9;RUVBL2;MCTS1;EIF5;SNU13;DDX1;LSM2;RPL5;RPS5;EIF3B;STRAP,GO:BP,Training_CR
GOBP_PROTEIN_STABILIZATION,0.8532365209331068,1,0.01299085882214016,0.198070426022566,0.7831214374161429,65,USP9X;PDCL3;RPL11;HSP90AB1;AKT2;PPP1CA;RUVBL2;CCT5;CCT6A;GAPDH;RPL5;PPIB;CCT7;CCT8,GO:BP,Training_CR
GOBP_PROTEIN_SUMOYLATION,0.9639575971731449,1,0.013167803725099729,0.2220179440274948,0.5533323976135955,10,SAE1;CAPN3;RANGAP1,GO:BP,Training_CR
GOBP_PROTEIN_TARGETING,0.783208395802099,1,0.01379623240855876,0.20001368709536216,0.8410212319153021,93,NDUFA13;AGK;RPL11;GET4;PMPCA;SYNJ2BP;PMPCB;FIS1;AKT2;UBE2D3;SAMM50;TIMM44;SAE1;TSPO;TOMM70;TOMM22;SRPRB;FBXO7;GRPEL1;UBL5;LMAN1;PRKAA1;TIMM50,GO:BP,Training_CR
GOBP_PROTEIN_TARGETING_TO_MEMBRANE,0.825725436959104,1,0.014820749471537642,0.2429453767032408,0.7457427381449565,21,GET4;AKT2;SRPRB;CHMP4B;SRP14;ANK3;GDI1;SGTA;SRP54;CHP1,GO:BP,Training_CR
GOBP_PROTEIN_TARGETING_TO_MITOCHONDRION,0.3589662280006342,1,0.026672254495811242,0.27942569950218743,1.0581328880891965,52,NDUFA13;AGK;PMPCA;PMPCB;FIS1;UBE2D3;SAMM50;TIMM44;SAE1;TSPO;TOMM70;TOMM22;FBXO7;GRPEL1;UBL5;LMAN1;PRKAA1;TIMM50,GO:BP,Training_CR
GOBP_PROTEIN_TETRAMERIZATION,0.47245868803204805,1,0.02991939259852332,-0.2752753459226764,-0.9849738763218133,29,ALDH9A1;SHMT1;ME1;CBR4;APIP;SHMT2;KRT1;B2M;HPRT1,GO:BP,Training_CR
GOBP_PROTEIN_TRANSMEMBRANE_TRANSPORT,0.530622660768969,1,0.021431281421023272,0.306814268567983,0.951475643426926,22,USP9X;SAMM50;TIMM44;TOMM70;TOMM22;GRPEL1;TIMM50,GO:BP,Training_CR
GOBP_PURINE_CONTAINING_COMPOUND_SALVAGE,0.8052008358486186,1,0.019802123916207278,-0.27508223684210525,-0.7494442373861051,11,NAPRT;ADSS1;HPRT1;ADK;AMPD1;ADSL;PNP;MTAP;PGM2;AMPD3;APRT,GO:BP,Training_CR
GOBP_PURINE_NUCLEOBASE_METABOLIC_PROCESS,0.8493150684931506,1,0.018998480530698244,-0.2631417827713941,-0.7169132219421511,11,SHMT1;GMPR2,GO:BP,Training_CR
GOBP_PURINE_NUCLEOSIDE_METABOLIC_PROCESS,0.3640035118525022,1,0.028216180685671312,0.4220089854029042,1.0834516785146078,11,ENPP4;NT5C2,GO:BP,Training_CR
GOBP_PURINE_NUCLEOSIDE_MONOPHOSPHATE_BIOSYNTHETIC_PROCESS,0.9615384615384616,1,0.017398321132689486,-0.20214079868258542,-0.5924620399510713,14,PFAS;ADSS1;IMPDH2;HPRT1;ADK;GART;ATIC;AMPD1;ADSL;AMPD3;ADSS2;APRT;NUDT2;PAICS,GO:BP,Training_CR
GOBP_PURINE_NUCLEOSIDE_MONOPHOSPHATE_METABOLIC_PROCESS,0.9881998493597791,1,0.017909321149724655,-0.15360337213297745,-0.5348055597372872,26,GMPR2;NT5C1A;GUK1;PFAS;ADSS1;IMPDH2;HPRT1;NT5E,GO:BP,Training_CR
GOBP_PURINE_NUCLEOTIDE_CATABOLIC_PROCESS,0.676698875336607,1,0.016707554483753887,0.23090246597483838,0.8797675010321567,54,PKM;HK1;NUDT4;NT5C2;FBP1;PFKM;NUDT9;ENO3;PRKAG1;GAPDH;ARL2;HK2;PRKAA1;PPP2CA;ALDOA;OGDH;PGAM2;LDHA;GPI,GO:BP,Training_CR
GOBP_PYRIDINE_CONTAINING_COMPOUND_CATABOLIC_PROCESS,0.6914516129032258,1,0.016656447652800162,0.2368826132645681,0.8639880312651781,43,PKM;HK1;FBP1;PFKM;ENO3;PRKAG1;GAPDH;ARL2;HK2;PRKAA1;PPP2CA;ALDOA;OGDH;PGAM2;LDHA;GPI,GO:BP,Training_CR
GOBP_PYRIDINE_CONTAINING_COMPOUND_METABOLIC_PROCESS,0.3715216104203671,1,0.03809193831914302,-0.23067487307314005,-1.0375541431560709,82,PGAM1;ACO1;PNPO;GPD1;MDH1;PC;PFKFB1;ENO1;ME1;IDH1;TALDO1;DERA;NAPRT;PRKAA2;PGK1,GO:BP,Training_CR
GOBP_PYRIMIDINE_CONTAINING_COMPOUND_METABOLIC_PROCESS,0.8091822094691535,1,0.0201748891170302,-0.24691354965677265,-0.7601735466083357,17,SHMT1;ALDH6A1;NT5C3A;CMPK1;NME1;DCTPP1;TYMP;PRPS1,GO:BP,Training_CR
GOBP_PYRIMIDINE_NUCLEOTIDE_METABOLIC_PROCESS,0.4917576039006269,1,0.027835416920069887,-0.3545023146992348,-0.965819239880163,11,SHMT1;CMPK1;NME1;DCTPP1;TYMP;PRPS1,GO:BP,Training_CR
GOBP_QUINONE_METABOLIC_PROCESS,0.40526777875329234,1,0.02634151133717732,0.40624583843639084,1.0429819050493914,11,NDUFA9;FDXR;COQ7;COQ9;COQ8A,GO:BP,Training_CR
GOBP_RAC_PROTEIN_SIGNAL_TRANSDUCTION,0.7952589991220369,1,0.015858406235239354,0.2920070171672578,0.7496889967540774,11,ARF6;FNTA,GO:BP,Training_CR
GOBP_REACTIVE_NITROGEN_SPECIES_METABOLIC_PROCESS,0.6987195581220186,1,0.023235634217148478,-0.24418436123098483,-0.8501841605025015,26,ASS1;CD36;HBB;CAV1;MTARC2;CYB5R3;CYGB;KHSRP;STAT1;HSP90AA1;RAC1;DDAH2;DYNLL1;PRDX5;THAP4,GO:BP,Training_CR
GOBP_RECEPTOR_CLUSTERING,0.6511708586296617,1,0.018611493406391167,0.3267412914986011,0.8621982462786743,12,THY1;FNTA,GO:BP,Training_CR
GOBP_RECEPTOR_INTERNALIZATION,0.7373686843421711,1,0.02231637825917211,-0.23068586566534352,-0.8332227557394518,30,CD81;ITGB1;CD36;SDCBP;PPP3R1;LRPAP1;CAV1;CD9;HGS;EPS15;RALA,GO:BP,Training_CR
GOBP_RECEPTOR_LOCALIZATION_TO_SYNAPSE,0.5429447852760736,1,0.026393556891438748,-0.33254896398967976,-0.9266054606898481,12,DAG1;EPB41L3,GO:BP,Training_CR
GOBP_RECEPTOR_MEDIATED_ENDOCYTOSIS,0.89381757693374,1,0.020917924200465184,-0.1829717875285517,-0.7713534376810106,59,CD81;CLTA;ITGB1;CD36;SDCBP;PPP3R1;SNX9;LRPAP1;CAV1;CTTN;B2M;SCARB2;CD9;HGS;APOC1;EPS15;RALA;RAC1,GO:BP,Training_CR
GOBP_RECEPTOR_METABOLIC_PROCESS,0.8359469240048251,1,0.014865312403629285,0.25749951288496997,0.7223555125372633,15,USP9X;LGMN;OPTN;APOE;SH3GLB1;CAPN1;CHMP5;NSF;RAB11B,GO:BP,Training_CR
GOBP_RECEPTOR_RECYCLING,0.6451273046532046,1,0.018933136892432773,0.33564051197813916,0.861712164097714,11,USP9X,GO:BP,Training_CR
GOBP_RECOMBINATIONAL_REPAIR,0.7678571428571429,1,0.01590328175623272,0.2610314579176731,0.7906388723479895,20,XRCC5;RUVBL2;ACTR2,GO:BP,Training_CR
GOBP_REGENERATION,0.3521637729981861,1,0.03638655840851316,-0.2808239295299318,-1.066246667812921,37,MAP1B;CTNNA1;DAG1;GSTP1;CD81;CPT1A;YAP1;PNPT1;STK24;PRMT5;GPX1;CD9;KPNA1,GO:BP,Training_CR
GOBP_REGULATION_OF_ACTIN_FILAMENT_BASED_MOVEMENT,0.591673894189072,1,0.02005383142837561,0.3426577512908602,0.9041982752829961,12,CAMK2D;JUP;BIN1,GO:BP,Training_CR
GOBP_REGULATION_OF_ACTIN_FILAMENT_BASED_PROCESS,0.3575712143928036,1,0.02578270514873918,0.2508297864161005,1.0546937013972604,93,CAMK2D;FSCN1;ARPC2;TMOD4;ARF6;CSRP3;SYNPO2L;CAPZB;CAPZA2;TPM1;TMOD3;SYNPO2;GMFB;RHOC;JUP;PAK2;TMOD1;NEB;BIN1;ACTN2;TWF2;PXN;SVIL;CAPG;ARPC3,GO:BP,Training_CR
GOBP_REGULATION_OF_ACTIN_FILAMENT_BUNDLE_ASSEMBLY,0.8275689223057644,1,0.014565020881225726,0.23555050331020372,0.7543367288208888,25,SYNPO2L;TPM1;SYNPO2;RHOC;PAK2;PXN;SYNPO;FHOD1;LIMCH1;RDX,GO:BP,Training_CR
GOBP_REGULATION_OF_ACTIN_FILAMENT_LENGTH,0.5861405197305101,1,0.01901487054973358,0.25058961272937486,0.9268488937007646,46,ARPC2;TMOD4;ARF6;CAPZB;CAPZA2;TMOD3;TMOD1;NEB;BIN1;ACTN2;TWF2;SVIL;CAPG;ARPC3,GO:BP,Training_CR
GOBP_REGULATION_OF_ACTIN_FILAMENT_ORGANIZATION,0.5637696654956469,1,0.018864085434558725,0.23455049508890335,0.9433729885674389,71,ARPC2;TMOD4;ARF6;SYNPO2L;CAPZB;CAPZA2;TPM1;TMOD3;SYNPO2;GMFB;RHOC;PAK2;TMOD1;BIN1;ACTN2;TWF2;PXN;SVIL;CAPG;ARPC3;SYNPO;CAPZA1;CORO1A;FHOD1;LIMCH1;RDX,GO:BP,Training_CR
GOBP_REGULATION_OF_ACTIN_FILAMENT_POLYMERIZATION,0.5775149846104002,1,0.01938529382048199,0.25840750814022273,0.9278355994251407,40,ARPC2;TMOD4;ARF6;CAPZB;CAPZA2;TMOD3;TMOD1;BIN1;TWF2;SVIL;CAPG;ARPC3,GO:BP,Training_CR
GOBP_REGULATION_OF_ACTION_POTENTIAL,0.7233304423243712,1,0.017060557225755727,0.30428700609328885,0.8029463365824554,12,CAMK2D;JUP;BIN1,GO:BP,Training_CR
GOBP_REGULATION_OF_ACTOMYOSIN_STRUCTURE_ORGANIZATION,0.9586594079618918,1,0.012699243624829576,0.19223220112601996,0.5961399973587822,22,SYNPO2L;TPM1;RHOC;PAK2;PXN;SYNPO;FHOD1;LIMCH1,GO:BP,Training_CR
GOBP_REGULATION_OF_AEROBIC_RESPIRATION,0.3815478999528079,1,0.03285499867295293,-0.3780653486246444,-1.0534310867499148,12,RHOA;ETFRF1;SHMT2;VCP;PARK7,GO:BP,Training_CR
GOBP_REGULATION_OF_AUTOPHAGY,0.9934131736526947,1,0.020475944526481566,-0.14513077127146168,-0.6646967130104706,91,PAFAH1B2;SESN1;EIF4G2;PSAP;PRKAA2;EPM2A;PLEKHF1;HMGB1;DDRGK1;ENDOG;ATP6V1H;ATP5IF1;GSK3A;ELAVL1;FYCO1;HUWE1;PARK7;STAT3;CTTN,GO:BP,Training_CR
GOBP_REGULATION_OF_AUTOPHAGY_OF_MITOCHONDRION,0.7367971286959494,1,0.01657509357008807,0.2719971255745257,0.81092109394204,19,SLC25A4;TSPO;FBXO7;SLC25A5;HK2;VDAC1;DNM1L;CDC37;TIGAR;STUB1;HTRA2,GO:BP,Training_CR
GOBP_REGULATION_OF_AXONOGENESIS,0.8860824742268041,1,0.013982609751224461,0.2357792382221959,0.6832542369335869,17,THY1;MAPT;PAK2;CRABP2;TWF2,GO:BP,Training_CR
GOBP_REGULATION_OF_AXON_EXTENSION,0.3612764944034294,1,0.03412265343041466,-0.3558612100888955,-1.0650042729592413,15,MAP1B;NRP1;RTN4;CLASP2;CTTN;PAK1,GO:BP,Training_CR
GOBP_REGULATION_OF_BINDING,0.656484727090636,1,0.024204019965755136,-0.2466518637680623,-0.882555034281459,29,PIN1;STMN1;TXN;EIF3E;HMGB1;LRPAP1;NME1;CSNK2B;RAN;SIRT2;XIRP1;EDF1;EPB41;PLN;DNAJB2;PEX19;FLOT1,GO:BP,Training_CR
GOBP_REGULATION_OF_BLOOD_CIRCULATION,0.7297520661157024,1,0.024036234864707545,-0.20595005071915545,-0.8651592794533783,58,SCN1B;FXYD1;ATP2B2;SMTNL1;RHOA;FKBP1A;YWHAE;ATP2B1;ITGB1;CALM1;SRI;CAV1;GSK3A,GO:BP,Training_CR
GOBP_REGULATION_OF_BODY_FLUID_LEVELS,0.8457339844872164,1,0.022337867864578996,-0.18709385952146929,-0.8141200360618622,69,STAT5B;VAMP2;GNAQ;VWF;PRKCD;GNAS;CD36;PROS1;HBB;PRKG1;NME1;CAV1;GNA13;CSRP1;VCL;PPIA;KRT1;VAMP3;CD9;PRDX2;PRKCQ;ANXA5,GO:BP,Training_CR
GOBP_REGULATION_OF_CALCINEURIN_MEDIATED_SIGNALING,0.8605377276669558,1,0.01454173485828657,0.2630702195428803,0.6941843220907643,12,MYOZ1;PPP3CA;LMCD1;ACTN3;GSK3B;CHP1;PTBP1,GO:BP,Training_CR
GOBP_REGULATION_OF_CALCIUM_ION_TRANSMEMBRANE_TRANSPORT,0.9060509554140127,1,0.020040454084732286,-0.18528359309670242,-0.740392444466429,46,FKBP1A;YWHAE;PPP3CB;CACNB3;PPP3R1;CALM1;STAC3;G6PD;SRI;CAV1,GO:BP,Training_CR
GOBP_REGULATION_OF_CALCIUM_ION_TRANSMEMBRANE_TRANSPORTER_ACTIVITY,0.5979916897506925,1,0.01986347005212012,0.33418406783369475,0.9018907097750879,13,CAMK2D,GO:BP,Training_CR
GOBP_REGULATION_OF_CALCIUM_ION_TRANSPORT,0.7747524752475248,1,0.023040503361488194,-0.2016635640242693,-0.8435445386651393,57,MYLK;FKBP1A;YWHAE;ATP2B1;PPP3CB;CACNB3;PPP3R1;CALM1;STAC3;G6PD;SRI;CAV1,GO:BP,Training_CR
GOBP_REGULATION_OF_CALCIUM_MEDIATED_SIGNALING,0.7918367346938775,1,0.015458037970262545,0.25474763704160847,0.7716057906990509,20,MYOZ1;JPT2;MAPT,GO:BP,Training_CR
GOBP_REGULATION_OF_CANONICAL_WNT_SIGNALING_PATHWAY,0.9370838881491345,1,0.012712154786129429,0.19752741459276302,0.6575289266992805,29,PPP1CA;RUVBL2;COL1A1;JUP;MAPK14;VPS35;DDX3X,GO:BP,Training_CR
GOBP_REGULATION_OF_CARBOHYDRATE_CATABOLIC_PROCESS,0.7520621057738962,1,0.02152652225938171,-0.2494860221749193,-0.8076203949211275,20,GPD1;PFKFB1;PRKAA2;HMGB1;GSK3A;STAT3;SCARB2,GO:BP,Training_CR
GOBP_REGULATION_OF_CARBOHYDRATE_METABOLIC_PROCESS,0.8258553905745643,1,0.014094998014915736,0.21407832977032737,0.7838296711559647,44,NNMT;FBP1;AKT1;AKT2;PPP1CA;NLN;PRKAG1;CLTC;ARL2;IGF2;DDB1;PRKAA1;PPP2CA;AP2A1;PHKA1;ACACB;ACADM;USP7;GPLD1;MTCH2,GO:BP,Training_CR
GOBP_REGULATION_OF_CARDIAC_CONDUCTION,0.39802025782688766,1,0.03155980023035164,-0.3903316679112092,-1.0335352140039251,10,ATP2B2;ATP2B1;ATP2A3,GO:BP,Training_CR
GOBP_REGULATION_OF_CARDIAC_MUSCLE_CONTRACTION,0.9754385964912281,1,0.012182977425948016,0.18106309137628832,0.5798439746024114,25,CAMK2D,GO:BP,Training_CR
GOBP_REGULATION_OF_CARDIAC_MUSCLE_CONTRACTION_BY_CALCIUM_ION_SIGNALING,0.7814048880533242,1,0.01572150938154369,0.2602506301779804,0.7759005734978204,19,CAMK2D,GO:BP,Training_CR
GOBP_REGULATION_OF_CARDIAC_MUSCLE_CONTRACTION_BY_REGULATION_OF_THE_RELEASE_OF_SEQUESTERED_CALCIUM_ION,0.6880923660175771,1,0.017697266043033878,0.2975342903893146,0.8346638501316144,15,CAMK2D,GO:BP,Training_CR
GOBP_REGULATION_OF_CELLULAR_COMPONENT_SIZE,0.7412319481284999,1,0.02489217064162463,-0.19600076176099052,-0.8741911085470356,78,MAP1B;LMOD3;RHOA;NRP1;PRKCD;OXSR1;RTN4;WDR1;COTL1;CFL1;SNX9;ARPC5L;CHMP3;ELAVL1;HP1BP3;CYFIP1;PFN1;CLASP2;PDXP;ESAM;CTTN;DMTN;DEPTOR;MTPN;PAK1,GO:BP,Training_CR
GOBP_REGULATION_OF_CELLULAR_RESPIRATION,0.7756608716361039,1,0.02076093549004285,-0.2582034363789453,-0.7727387960256846,15,RHOA;ETFRF1;SHMT2;PNPT1;VCP;PARK7,GO:BP,Training_CR
GOBP_REGULATION_OF_CELLULAR_RESPONSE_TO_TRANSFORMING_GROWTH_FACTOR_BETA_STIMULUS,0.868581163300073,1,0.019368404522966055,-0.21900287206391836,-0.7196357518122496,21,RBBP7;PIN1;FKBP1A;SDCBP,GO:BP,Training_CR
GOBP_REGULATION_OF_CELL_DIVISION,0.5002424830261881,1,0.02830233356950621,-0.2886155062186275,-0.9644127119096761,22,SMYD5;PIN1;RHOA;CALM1;CAT;ATXN10;CHMP3;PDXP,GO:BP,Training_CR
GOBP_REGULATION_OF_CELL_JUNCTION_ASSEMBLY,0.819994752033587,1,0.021401358830179948,-0.20572338914500382,-0.8002840901428107,41,MAP1B;RHOA;NRP1;RTN4;CFL1;CAV1;GNA13;CLASP2;VCL;DMTN;MYO1C;RHOG;FERMT2,GO:BP,Training_CR
GOBP_REGULATION_OF_CELL_MORPHOGENESIS,0.37493431424067264,1,0.03536873467581311,-0.263248216883757,-1.0425568323154275,44,PALM;CAPRIN1;ITGA7;PALMD;EPB41L3;WDR1;CFL1;S100B;GNA13;CYFIP1,GO:BP,Training_CR
GOBP_REGULATION_OF_CELL_PROJECTION_ASSEMBLY,0.6073366055282873,1,0.026026410024470654,-0.23871528703652936,-0.9114816033136531,38,PALM;COBL;NRP1;PRKCD;TBC1D17;CFL1;MAP4;CAV1;GDI2;YAP1;CYFIP1;PFN1;CTTN;DMTN;RHOG;RALA;HSP90AA1;RAC1,GO:BP,Training_CR
GOBP_REGULATION_OF_CELL_SUBSTRATE_ADHESION,0.734321249007674,1,0.023282000419410483,-0.2140127713061985,-0.850524336489939,45,DAG1;RRAS;RHOA;NRP1;CD36;CFL1;CRKL;UTRN;P4HB;RSU1;CLASP2;VCL;DMTN;FERMT2;RAC1;TLN1;ILK;CDC42,GO:BP,Training_CR
GOBP_REGULATION_OF_CELL_SUBSTRATE_JUNCTION_ORGANIZATION,0.8062986793091771,1,0.015132684771594804,0.24421712401963802,0.7653423330388138,23,THY1;ARF6;LAMTOR2,GO:BP,Training_CR
GOBP_REGULATION_OF_CENTROSOME_CYCLE,0.8736187845303868,1,0.018449826522620616,-0.25976161117961366,-0.6878067922011322,10,CHMP3;VPS4B;CHMP2A;CHORDC1;PDCD6IP;XPO1;NPM1;CHMP5;NUBP1;CHMP4B,GO:BP,Training_CR
GOBP_REGULATION_OF_CENTROSOME_DUPLICATION,0.8736187845303868,1,0.018449826522620616,-0.25976161117961366,-0.6878067922011322,10,CHMP3;VPS4B;CHMP2A;CHORDC1;PDCD6IP;XPO1;NPM1;CHMP5;NUBP1;CHMP4B,GO:BP,Training_CR
GOBP_REGULATION_OF_CHEMOTAXIS,0.4514831573655103,1,0.03083970840217291,-0.2818468790693921,-0.9985141382832162,28,STX4;TUBB2B;CD74;GSTP1;NRP1;OXSR1;HMGB1;DDT,GO:BP,Training_CR
GOBP_REGULATION_OF_CHOLESTEROL_EFFLUX,0.882366482504604,1,0.018301841113991746,-0.2561430871945834,-0.6782255251180388,10,CES1;CAV1,GO:BP,Training_CR
GOBP_REGULATION_OF_CHOLESTEROL_METABOLIC_PROCESS,0.5605482303955587,1,0.020884454741677994,0.3371297420633497,0.9283776567640046,14,LPCAT3;MAPK1;KPNB1;AGT;PRKAA1;ACADVL;APOE,GO:BP,Training_CR
GOBP_REGULATION_OF_CHROMOSOME_SEGREGATION,0.9779151943462897,1,0.012959368649979862,0.2094703021489655,0.5220600750296897,10,PPP2R2A;DYNC1LI1,GO:BP,Training_CR
GOBP_REGULATION_OF_CILIUM_ASSEMBLY,0.813327141862085,1,0.019650086261560517,-0.27309052066929324,-0.7440179320551671,11,TBC1D17;MAP4;GDI2;YAP1,GO:BP,Training_CR
GOBP_REGULATION_OF_CIRCADIAN_RHYTHM,0.5675856307435255,1,0.020116452792924764,0.2904418175216766,0.930122956492126,25,USP9X;PPP1CB;ATG7;PPP1CA;MAPK9;PPP1CC;DDB1;PRKAA1,GO:BP,Training_CR
GOBP_REGULATION_OF_COAGULATION,0.37733142037302725,1,0.0333359157343354,-0.34267081401393157,-1.054981747134713,17,PRKCD;CD36;PROS1;PRKG1;CAV1;KRT1;CD9;PRDX2;ANXA5,GO:BP,Training_CR
GOBP_REGULATION_OF_CYTOPLASMIC_PATTERN_RECOGNITION_RECEPTOR_SIGNALING_PATHWAY,0.9562396006655574,1,0.012412541630373931,0.18783620598298484,0.6381776067794209,32,MARCHF5;UFD1;AKT1;DDX3X;PCBP2;PPP2CA;NPLOC4;NAGK,GO:BP,Training_CR
GOBP_REGULATION_OF_DEFENSE_RESPONSE_TO_VIRUS,0.5151943462897527,1,0.022489359318800115,0.3838645044498469,0.95670044840918,10,NT5C2;DHX9;TOMM70;PCBP2,GO:BP,Training_CR
GOBP_REGULATION_OF_DENDRITE_DEVELOPMENT,0.7168373422243391,1,0.021988021670566564,-0.272996251133912,-0.81701001884089,15,CAPRIN1;COBL,GO:BP,Training_CR
GOBP_REGULATION_OF_DEVELOPMENTAL_GROWTH,0.7027386333421962,1,0.024073324619252327,-0.21660079515122024,-0.8744209192128679,48,MAP1B;SOD1;STAT5B;NRP1;GNAS;RTN4;CFL1;G6PD;FXN;GSK3A;YAP1;CLASP2;STAT3;RBP4;CTTN,GO:BP,Training_CR
GOBP_REGULATION_OF_DNA_BINDING_TRANSCRIPTION_FACTOR_ACTIVITY,0.9407061958694204,1,0.01266572034098332,0.19537073794165025,0.6561582965913308,30,IL18;RPS3;DHX9;PRDX3;COPS5,GO:BP,Training_CR
GOBP_REGULATION_OF_DNA_BIOSYNTHETIC_PROCESS,0.6967564784623306,1,0.01745248138506051,0.29060076609141167,0.8289098432875456,16,CCT5;CCT6A;CCT7;CCT8;HNRNPU;HNRNPC;TCP1;ADIPOQ;CCT3,GO:BP,Training_CR
GOBP_REGULATION_OF_DNA_METABOLIC_PROCESS,0.6512269938650307,1,0.016796620951658937,0.22551319232468853,0.900089359087645,68,XRCC5;MAPK1;FH;AKT1;RPS3;CUL4A;BABAM2;DHX9;RUVBL2;ACTR2;CCT5;CCT6A;OTUB1;UCHL5;CCT7;CCT8,GO:BP,Training_CR
GOBP_REGULATION_OF_DNA_RECOMBINATION,0.9756306847434357,1,0.01257066530451473,0.1905914895537772,0.5436433078372064,16,RUVBL2;ACTR2,GO:BP,Training_CR
GOBP_REGULATION_OF_DNA_REPAIR,0.5208333333333334,1,0.021401358830179948,0.2837229370305494,0.9586129566019038,31,FH;RPS3;CUL4A;BABAM2;DHX9;RUVBL2;ACTR2;OTUB1;UCHL5,GO:BP,Training_CR
GOBP_REGULATION_OF_DOUBLE_STRAND_BREAK_REPAIR,0.46349129593810445,1,0.029629369940509787,-0.316209832772445,-0.9906375017704308,18,UBE2V2;UBE2N;DEK;RNF126,GO:BP,Training_CR
GOBP_REGULATION_OF_DOUBLE_STRAND_BREAK_REPAIR_VIA_HOMOLOGOUS_RECOMBINATION,0.8392020815264527,1,0.01490404846213056,0.27014095244825664,0.7128424276609522,12,RUVBL2;ACTR2,GO:BP,Training_CR
GOBP_REGULATION_OF_D_GLUCOSE_IMPORT,0.6360166551006246,1,0.018965765546232454,0.31722440763449594,0.8735629506480114,14,AKT1;APPL1;AKT2;MAPK14;HK2;STXBP3;RAP1A,GO:BP,Training_CR
GOBP_REGULATION_OF_D_GLUCOSE_TRANSMEMBRANE_TRANSPORT,0.7521880899262056,1,0.0163340388939505,0.27729620151059114,0.7909598932924795,16,AKT1;APPL1;AKT2;MAPK14,GO:BP,Training_CR
GOBP_REGULATION_OF_EARLY_ENDOSOME_TO_LATE_ENDOSOME_TRANSPORT,0.8663740122914838,1,0.014620477825890276,0.2680141819807576,0.6880905984869891,11,MAPK1,GO:BP,Training_CR
GOBP_REGULATION_OF_EMBRYONIC_DEVELOPMENT,0.3687445127304653,1,0.027986382669538755,0.41968826539261994,1.0774935399974754,11,LAMA2;RUVBL2;UCHL5;RACK1,GO:BP,Training_CR
GOBP_REGULATION_OF_ENDOCYTOSIS,0.6450381679389313,1,0.027192973763517998,-0.20761217867881865,-0.9151305144527281,75,RAB5B;SOD1;PACSIN2;MYLK;SNX12;PPP3CB;FCN3;CD36;SDCBP;PPP3R1;HMGB1;SNX9;LRPAP1;CAV1,GO:BP,Training_CR
GOBP_REGULATION_OF_ENDOTHELIAL_CELL_MIGRATION,0.8604709418837675,1,0.019947219122070075,-0.2054653966556823,-0.7554902820420046,32,RRAS;PDCD6;RHOA;NRP1;ANXA3,GO:BP,Training_CR
GOBP_REGULATION_OF_EPITHELIAL_CELL_MIGRATION,0.926678445229682,1,0.013738286177713825,0.24873398747596373,0.6199164408126425,10,ARF6,GO:BP,Training_CR
GOBP_REGULATION_OF_EPITHELIAL_CELL_PROLIFERATION,0.773308957952468,1,0.02224679617729798,-0.2140649529329574,-0.8267580918545433,40,ECM1;PDCD6;NRP1;RTN4;HMGB1;NME1;CAV1;ATP5IF1;YAP1;HMGB2;GPX1;STAT3;B2M;LAMB1,GO:BP,Training_CR
GOBP_REGULATION_OF_EPITHELIAL_TO_MESENCHYMAL_TRANSITION,0.5703180212014134,1,0.0208987875795497,0.3674655245642093,0.9158294868376539,10,COL1A1;AGT;TNXB;PPP2CA,GO:BP,Training_CR
GOBP_REGULATION_OF_ERBB_SIGNALING_PATHWAY,0.9466539652298166,1,0.017763845738213897,-0.20561407662104486,-0.6153518955529871,15,RAB7A;RNF126;RTN4,GO:BP,Training_CR
GOBP_REGULATION_OF_ESTABLISHMENT_OF_PROTEIN_LOCALIZATION_TO_MITOCHONDRION,0.7062040676807383,1,0.017194591256647844,0.27904427791183734,0.8319311853923748,19,UBE2D3;MAPT;SAE1;TOMM70;UBL5;LMAN1;PRKAA1,GO:BP,Training_CR
GOBP_REGULATION_OF_EXTENT_OF_CELL_GROWTH,0.5506934481109517,1,0.02637866493362381,-0.30179842879923824,-0.9291478021358048,17,MAP1B;NRP1;RTN4;CLASP2;CTTN;PAK1,GO:BP,Training_CR
GOBP_REGULATION_OF_FATTY_ACID_METABOLIC_PROCESS,0.7855380059230009,1,0.021115820990560915,-0.2302567401670364,-0.7876546310622837,24,ACADL;CD74;CPT1A;PGK1,GO:BP,Training_CR
GOBP_REGULATION_OF_FAT_CELL_DIFFERENTIATION,0.9601404741000878,1,0.013135969893807924,0.2218130013007857,0.5694752407848738,11,AKT1;MAPK14,GO:BP,Training_CR
GOBP_REGULATION_OF_FIBROBLAST_MIGRATION,0.8055507372072853,1,0.015495363858592359,0.2815165152818652,0.742860030519121,12,AKT1;APPL1,GO:BP,Training_CR
GOBP_REGULATION_OF_FIBROBLAST_PROLIFERATION,0.47344605858537747,1,0.028967277439941375,-0.3278194167507708,-0.9810821457931967,15,CD248;CD74;GSTP1;EMD;CAV1,GO:BP,Training_CR
GOBP_REGULATION_OF_FILOPODIUM_ASSEMBLY,0.47767034990791896,1,0.028199018407186534,-0.36744967627342257,-0.9729473958267552,10,PALM;NRP1;PRKCD,GO:BP,Training_CR
GOBP_REGULATION_OF_GENERATION_OF_PRECURSOR_METABOLITES_AND_ENERGY,0.44292836525846235,1,0.03201995179414308,-0.25821862894631076,-1.004495703590449,41,GPD1;PFKFB1;CAVIN3;RHOA;ETFRF1;PRKAA2;SORBS1;PPP1R3A;HMGB1;SHMT2;GSK3A;PNPT1;VCP;PARK7;STAT3,GO:BP,Training_CR
GOBP_REGULATION_OF_GLIOGENESIS,0.6844752818733738,1,0.017871859021531534,0.316877048416166,0.8361686831110252,12,IDH2;TSPO;PPP1CC;BIN1,GO:BP,Training_CR
GOBP_REGULATION_OF_GLYCOGEN_METABOLIC_PROCESS,0.7494699646643109,1,0.01681037818209545,0.31423134848511963,0.7831546509641214,10,AKT1;AKT2;PPP1CA,GO:BP,Training_CR
GOBP_REGULATION_OF_GLYCOLYTIC_PROCESS,0.6184805906168135,1,0.024361426767077064,-0.29353986675567084,-0.8784919612356227,15,GPD1;PFKFB1;PRKAA2,GO:BP,Training_CR
GOBP_REGULATION_OF_GRANULOCYTE_CHEMOTAXIS,0.5229148375768218,1,0.02215639648469809,0.3709561305639389,0.9523802957206362,11,MAPK1;MCU;THBS4;DNM1L;C1QBP;MPP1;MAPK3;DPP4;THBS1,GO:BP,Training_CR
GOBP_REGULATION_OF_G_PROTEIN_COUPLED_RECEPTOR_SIGNALING_PATHWAY,0.9442176870748299,1,0.012914860264196635,0.20237599098794193,0.6129771736381205,20,DYNLT1;PADI2;VPS35;PPP3CA;RACK1,GO:BP,Training_CR
GOBP_REGULATION_OF_HEART_CONTRACTION,0.6317632081476766,1,0.017782402705228753,0.24011801253278328,0.9055129380117933,51,GAA;CAMK2D;CSRP3;TPM1;DES;JUP;MYL4;MYL3;ATP1A1;HSPB7;BIN1;AGT,GO:BP,Training_CR
GOBP_REGULATION_OF_HEART_GROWTH,0.8356890459363958,1,0.015230093645510789,0.28574138955526146,0.7121495015757503,10,COL14A1;MAPK14;TOMM70;BASP1;ACACB,GO:BP,Training_CR
GOBP_REGULATION_OF_HEART_RATE,0.7683163512857836,1,0.0211939263280767,-0.24579536161753704,-0.7956732216450908,20,SCN1B;YWHAE;CALM1;SRI;CAV1,GO:BP,Training_CR
GOBP_REGULATION_OF_HIPPO_SIGNALING,0.7107035059205944,1,0.02172437157930597,-0.30034321690131993,-0.8182661873361863,11,SLMAP;YWHAE,GO:BP,Training_CR
GOBP_REGULATION_OF_INCLUSION_BODY_ASSEMBLY,0.7582089552238805,1,0.01655146100578524,0.30289610744325624,0.7776452809686514,11,PPP2CB;DNAJB1;DNAJA4;PSMC5,GO:BP,Training_CR
GOBP_REGULATION_OF_INFLAMMASOME_MEDIATED_SIGNALING_PATHWAY,0.7475265017667845,1,0.01684828642935659,0.31482307267191967,0.7846293973610499,10,MARCHF5;DDX3X;PPP2CA,GO:BP,Training_CR
GOBP_REGULATION_OF_INFLAMMATORY_RESPONSE_TO_ANTIGENIC_STIMULUS,0.5517955801104972,1,0.02569780416743062,-0.347268230781836,-0.9195101876784268,10,CD81;GNAS;GPX1;PARK7,GO:BP,Training_CR
GOBP_REGULATION_OF_INNATE_IMMUNE_RESPONSE,1,1,0.020233605492233565,-0.11590701574876411,-0.5266735478316522,86,STAT5B;FLOT2;YWHAE;CPT1A;TKFC;RTN4;FCN3;ERAP1;CD36;HMGB1;S100A9;CAV1;AP1G1;NEK7;HMGB2;S100A8;PAK1;MAPKAPK3;LYPLAL1;PTPN11;HSP90AA1;HLA-B;LTF;SIRT2;MAPKAPK2;RELA;LAMP2,GO:BP,Training_CR
GOBP_REGULATION_OF_INSULIN_RECEPTOR_SIGNALING_PATHWAY,0.5967117988394585,1,0.025206879253442244,-0.287414278888276,-0.9004253938426002,18,PRKCD;SORBS1;CTSD;GSK3A;BLVRB;NCL;PAK1;PRKCQ;PTPN11;RELA,GO:BP,Training_CR
GOBP_REGULATION_OF_INTRINSIC_APOPTOTIC_SIGNALING_PATHWAY,0.41226895258505225,1,0.033833851052182506,-0.25252002000992896,-1.0213641166690077,49,SOD1;ENO1;PRKRA;HNRNPK;CD74;TPT1;RPS7;S100A9;CAV1;BCAP31;EIF5A;P4HB;PPIA;GPX1;PARK7;S100A8,GO:BP,Training_CR
GOBP_REGULATION_OF_JNK_CASCADE,0.5850484977525432,1,0.025173020707602474,-0.31508852601618026,-0.9025643348795427,13,GSTP1;SDCBP;HMGB1,GO:BP,Training_CR
GOBP_REGULATION_OF_KETONE_METABOLIC_PROCESS,0.43621810905452724,1,0.03139524244166768,-0.2783245581442966,-1.0052906997925184,30,ACADL;CES1;CD74;CPT1A;PGK1;PRKG1;CAV1,GO:BP,Training_CR
GOBP_REGULATION_OF_KINASE_ACTIVITY,0.9771053474223503,1,0.011530037087477171,0.16698010855034176,0.619482634661782,47,THY1;XRCC5;VPS25;SYNPO2;PAK2;PRDX3,GO:BP,Training_CR
GOBP_REGULATION_OF_LEUKOCYTE_CHEMOTAXIS,0.872144561882032,1,0.014097818667115736,0.2370047110540916,0.6985632489321993,18,MAPK1;PADI2;MCU;THBS4;LGMN,GO:BP,Training_CR
GOBP_REGULATION_OF_LEUKOCYTE_MIGRATION,0.5032291397571687,1,0.0293361955812739,-0.25389569651594784,-0.9694446443196562,38,CD99L2;ECM1;CD74;RHOA;CD81;OXSR1;RTN4;HMGB1;CRKL;DDT;P4HB,GO:BP,Training_CR
GOBP_REGULATION_OF_LEUKOCYTE_PROLIFERATION,0.9018333333333334,1,0.013287746152473585,0.20844859592671416,0.7042839994966906,31,IL18;MAPK1;RPS3;GPNMB,GO:BP,Training_CR
GOBP_REGULATION_OF_LIPID_BIOSYNTHETIC_PROCESS,0.37729417933927634,1,0.03519624647229876,-0.2668060706227424,-1.0438122264281189,42,ASAH1;ACADL;SCP2;CES1;IDH1;CD74;PRKCD,GO:BP,Training_CR
GOBP_REGULATION_OF_LIPID_CATABOLIC_PROCESS,0.8487494100991033,1,0.019250823360803797,-0.24475297078875155,-0.7173556516182953,14,IDH1;PRKCD;CPT1A,GO:BP,Training_CR
GOBP_REGULATION_OF_LIPID_LOCALIZATION,0.7622604741799286,1,0.015340510532764674,0.22907518952279202,0.8176796070775881,39,LPCAT3;PLTP;EPRS1;AKT1;FIS1;AKT2;PLIN3,GO:BP,Training_CR
GOBP_REGULATION_OF_LIPID_TRANSPORT,0.6095,1,0.0190025759982174,0.2670339269375268,0.9022259000055286,31,LPCAT3;PLTP;EPRS1;AKT1;FIS1;AKT2;TSPO;AGT;FABP3,GO:BP,Training_CR
GOBP_REGULATION_OF_MACROAUTOPHAGY,0.947302580140735,1,0.011639393691111728,0.17885730808096328,0.6948187556278007,59,SLC25A4;AKT1;VPS26A;TSPO;VPS35;SCFD1;MTM1;LYPLA1;GAPDH;PIP4K2B;FBXO7;SLC25A5;HK2;OPTN;ATP6V1E1;VDAC1;DNM1L;SNX5;CDC37;BAG3;ATP6V1A;TIGAR;CASP3;MAPK3;SH3GLB1;STUB1;HTRA2;CAPN1,GO:BP,Training_CR
GOBP_REGULATION_OF_MEMBRANE_DEPOLARIZATION,0.717521880899262,1,0.017022018518519574,0.2854094021396566,0.8141019928555743,16,CAMK2D;FHL1;TSPO;GOT1;RACK1,GO:BP,Training_CR
GOBP_REGULATION_OF_MEMBRANE_PERMEABILITY,0.8325131511963346,1,0.014702599755006283,0.2409751579670997,0.7396949740962128,21,SLC25A4;VDAC2;SLC25A6;SLC25A5;HK2;PPIF,GO:BP,Training_CR
GOBP_REGULATION_OF_MEMBRANE_POTENTIAL,0.8380238605078005,1,0.01310684388992932,0.19764080517248647,0.7933243141501528,70,CAMK2D;FHL1;AKT1;NNT;BCO2;MAPT;YWHAH;JUP;PRDX3;TSPO;ATP1A1;GOT1;BIN1;AGT;PPP3CA;ACTN2;RACK1,GO:BP,Training_CR
GOBP_REGULATION_OF_MICROTUBULE_BASED_PROCESS,0.9063599458728011,1,0.020333617428581342,-0.1832875534876689,-0.752554845655611,52,MAP1B;TUBB4A;HDGFL3;RHOA;STMN1;PRKAA2;PRUNE1;GSK3A;CHMP3;CLIP1;CHMP6;CLASP2,GO:BP,Training_CR
GOBP_REGULATION_OF_MICROTUBULE_CYTOSKELETON_ORGANIZATION,0.6660535995796112,1,0.02476062045916617,-0.22372688426196985,-0.8860382589522166,44,MAP1B;TUBB4A;HDGFL3;RHOA;STMN1;PRKAA2;PRUNE1;GSK3A;CHMP3;CLIP1;CHMP6;CLASP2,GO:BP,Training_CR
GOBP_REGULATION_OF_MICROTUBULE_POLYMERIZATION,0.7846750727449079,1,0.020860603947405965,-0.235210505494584,-0.7859591622282597,22,MAP1B;TUBB4A,GO:BP,Training_CR
GOBP_REGULATION_OF_MICROTUBULE_POLYMERIZATION_OR_DEPOLYMERIZATION,0.79332114969264,1,0.015093307994695743,0.24102093092226687,0.7816158875874744,26,DRG1;DCTN1;RPS3;MAPT;MAP1S;PPP2CB;TRIM54;ARL2,GO:BP,Training_CR
GOBP_REGULATION_OF_MITOCHONDRIAL_GENE_EXPRESSION,0.7977172958735733,1,0.015813681156567335,0.2913626096077263,0.7480345664547905,11,TSFM;LRPPRC;DDX3X;PRKAA1,GO:BP,Training_CR
GOBP_REGULATION_OF_MITOCHONDRIAL_MEMBRANE_PERMEABILITY,0.7576482652538028,1,0.01616921446701562,0.2662765562878051,0.7938660228850937,19,SLC25A4;VDAC2;SLC25A6;SLC25A5;HK2;PPIF,GO:BP,Training_CR
GOBP_REGULATION_OF_MITOCHONDRIAL_MEMBRANE_PERMEABILITY_INVOLVED_IN_APOPTOTIC_PROCESS,0.6214027227296226,1,0.01921326639012559,0.3158856381920407,0.8861443251789966,15,SLC25A4;VDAC2;SLC25A6,GO:BP,Training_CR
GOBP_REGULATION_OF_MITOCHONDRIAL_MEMBRANE_POTENTIAL,0.7329120239481124,1,0.016254665029317685,0.25247431721990815,0.8258770894420975,27,NNT;BCO2;MAPT;PRDX3;TSPO;GOT1;RACK1;PPIF;NDUFS6;PPA2;MTCH2;BAX,GO:BP,Training_CR
GOBP_REGULATION_OF_MITOCHONDRIAL_OUTER_MEMBRANE_PERMEABILIZATION_INVOLVED_IN_APOPTOTIC_SIGNALING_PATHWAY,0.8395759717314487,1,0.015163051153123316,0.28463354770629584,0.7093884419273963,10,SLC25A4;SLC25A6,GO:BP,Training_CR
GOBP_REGULATION_OF_MITOTIC_NUCLEAR_DIVISION,0.4548409565823079,1,0.029233709196303397,-0.36350606661641116,-0.9903493951771591,11,PIN1;PDXP;PRMT5;CUL3;LCMT1;CDC42;CAV2,GO:BP,Training_CR
GOBP_REGULATION_OF_MITOTIC_SPINDLE_ASSEMBLY,0.8938162544169611,1,0.014259495943537221,0.2648916792393159,0.660186043175098,10,DRG1,GO:BP,Training_CR
GOBP_REGULATION_OF_MONOATOMIC_ION_TRANSPORT,0.38689593833382746,1,0.03724786576248341,-0.22422084991157246,-1.0266407678642269,89,SCN1B;SLMAP;FXYD1;MYLK;VAMP2;FKBP1A;OXSR1;YWHAE;ATP2B1;PPP3CB;CA2;CACNB3;PPP3R1;CALM1;STAC3;G6PD;SRI;UTRN;CAV1,GO:BP,Training_CR
GOBP_REGULATION_OF_MRNA_METABOLIC_PROCESS,0.509014609884986,1,0.02067614711259904,0.24789340825097772,0.9702560929700184,61,SYNCRIP;APEX1;PUF60;PABPC1;AKT1;YBX1;AHCYL1;DHX9;MAPK14;YBX3;TRA2B;SRSF7;RBMX;DDX17;CSDE1;SERBP1,GO:BP,Training_CR
GOBP_REGULATION_OF_MRNA_PROCESSING,0.8871935967983992,1,0.0194615836905062,-0.20246720589280662,-0.7312987414911895,30,RBM3;HNRNPK;PRDX6;HNRNPA1;DAZAP1;KHDRBS1;PRMT5;NCL;SF1,GO:BP,Training_CR
GOBP_REGULATION_OF_MRNA_SPLICING_VIA_SPLICEOSOME,0.5796882855706386,1,0.026356359719670906,-0.2609671254970833,-0.9245423092721639,28,RBM3;HNRNPK;PRDX6;HNRNPA1;DAZAP1;KHDRBS1;PRMT5;NCL;SF1,GO:BP,Training_CR
GOBP_REGULATION_OF_MUSCLE_ADAPTATION,0.5446071904127829,1,0.020690237756346905,0.2830892578738234,0.9423470472371114,29,CAMK2D;IGFBP5;TOMM70;AGT;PPP3CA;CAMK2B;TNNI1;MLIP;LMCD1;MYH7;TNNT1;ACACB;TNNC1;ACTN3;CAMK2G;STUB1;NOL3,GO:BP,Training_CR
GOBP_REGULATION_OF_MUSCLE_CELL_DIFFERENTIATION,0.9459795867562858,1,0.01843025402685479,-0.18711570953832313,-0.6461947012655166,25,MAPK12;LMOD3,GO:BP,Training_CR
GOBP_REGULATION_OF_MUSCLE_CONTRACTION,0.8608624898291294,1,0.021159693831397562,-0.1890269650000586,-0.786178229665123,55,SOD1;CACNA1S;ENO1;RHOA;FKBP1A;ATP2B1;MYLK2;CALM1;SRI;PRKG1;CAV1;ANXA6,GO:BP,Training_CR
GOBP_REGULATION_OF_MUSCLE_HYPERTROPHY,0.39737470167064437,1,0.026171993629509546,0.3566842530936228,1.0513145902284142,18,CAMK2D;IGFBP5;TOMM70;AGT;PPP3CA;MLIP;LMCD1;ACACB,GO:BP,Training_CR
GOBP_REGULATION_OF_MUSCLE_ORGAN_DEVELOPMENT,0.9529411764705882,1,0.013244996784453268,0.22584440335331893,0.5798253268533357,11,YBX3;MTM1;IGF2;PRKAA1,GO:BP,Training_CR
GOBP_REGULATION_OF_MUSCLE_SYSTEM_PROCESS,0.9530240751614797,1,0.020813041460137825,-0.16525305080669286,-0.7284163692225657,75,SOD1;CACNA1S;DAG1;ENO1;RHOA;FKBP1A;ATP2B1;MYLK2;CALM1;G6PD;SRI;PRKG1;CAV1;GSK3A;ANXA6,GO:BP,Training_CR
GOBP_REGULATION_OF_MYELINATION,0.7626611418047882,1,0.020499056300523965,-0.29352156548253816,-0.7771976986114543,10,DAG1;S100B;TYMP;CTSC;SIRT2,GO:BP,Training_CR
GOBP_REGULATION_OF_MYELOID_CELL_DIFFERENTIATION,0.42419716206123975,1,0.03183854044917945,-0.2946945997175628,-1.017712993200336,25,STAT5B;PRXL2A;CD74;HMGB1;HMGB2;STAT3;FBN1;B2M;STAT1;GLUL;LTF;HSPA1A;PRMT1,GO:BP,Training_CR
GOBP_REGULATION_OF_MYELOID_LEUKOCYTE_DIFFERENTIATION,0.7198434622467772,1,0.021391400883298002,-0.30493541948557534,-0.8074197405553378,10,PRXL2A;CD74,GO:BP,Training_CR
GOBP_REGULATION_OF_NERVOUS_SYSTEM_DEVELOPMENT,0.7437391715230744,1,0.015254553994927894,0.21921728332969842,0.842409258004738,56,THY1;XRCC5;DYNLT1;AKT1;IDH2;MAPT;YWHAH;TSPO;NAP1L1;LPIN1;PPP1CC;CRABP2;BIN1;PPP3CA;TWF2;TGM2;CAMK2B,GO:BP,Training_CR
GOBP_REGULATION_OF_NEUROGENESIS,0.8279552715654952,1,0.013910009388221806,0.2098532651992028,0.7876302419969667,50,THY1;XRCC5;DYNLT1;IDH2;MAPT;YWHAH;TSPO;NAP1L1;PPP1CC;CRABP2;BIN1;PPP3CA;TWF2;TGM2;CAMK2B,GO:BP,Training_CR
GOBP_REGULATION_OF_NEURONAL_SYNAPTIC_PLASTICITY,0.5311634349030471,1,0.021688623690350583,0.3521227099276459,0.9503032351099765,13,CAMK2D,GO:BP,Training_CR
GOBP_REGULATION_OF_NEURON_APOPTOTIC_PROCESS,0.9607683542243204,1,0.01202323772960092,0.18193917737102275,0.6413397103540113,37,SET;AKT1;FIS1;AIMP2;GBE1;MAP2K4;FBXO7;LGMN,GO:BP,Training_CR
GOBP_REGULATION_OF_NEURON_DIFFERENTIATION,0.46083172147001933,1,0.029734978289366262,-0.3166646342631067,-0.9920623259403825,18,MAP1B;RHOA;ITGB1;S100B;B2M;YWHAG;RAC1;EIF4E,GO:BP,Training_CR
GOBP_REGULATION_OF_NEUROTRANSMITTER_TRANSPORT,0.6030124653739612,1,0.019736734327001584,0.3321581940083609,0.8964233133366845,13,MYOF;DYSF;PPP3CA,GO:BP,Training_CR
GOBP_REGULATION_OF_NEUTROPHIL_MIGRATION,0.4320872997446018,1,0.03017595620443319,-0.3696523570811933,-1.0070945766291193,11,CD99L2;CD74;RTN4,GO:BP,Training_CR
GOBP_REGULATION_OF_NITRIC_OXIDE_METABOLIC_PROCESS,0.8496747771621296,1,0.019546908641449836,-0.22873254611263755,-0.7290712697916353,19,ASS1;CD36;HBB;CAV1;KHSRP;STAT1;HSP90AA1;RAC1;DDAH2;DYNLL1,GO:BP,Training_CR
GOBP_REGULATION_OF_NON_CANONICAL_NF_KAPPAB_SIGNAL_TRANSDUCTION,0.8140715667311412,1,0.02025172883812992,-0.24131273935101466,-0.7559962546392383,18,PRDX1;RHOA;NDUFC2;PPM1B;HMGB1,GO:BP,Training_CR
GOBP_REGULATION_OF_NUCLEOTIDE_METABOLIC_PROCESS,0.5852372583479789,1,0.026171993629509546,-0.2646444917380991,-0.921420822798446,26,GPD1;PFKFB1;ENO1;ME1;PRKAA2;NDUFC2;ATP5IF1;VCP;STAT3,GO:BP,Training_CR
GOBP_REGULATION_OF_ORGANELLE_ASSEMBLY,0.8723131215912736,1,0.013215672876266352,0.20294376322331154,0.7506225033762015,46,FSCN1;DRG1;DYNC1H1;AKT1;MAPK9;SCFD1;MTM1;PIP4K2B;SYNE2;SEPTIN9;CAPG;PRKAA1;CHMP4B,GO:BP,Training_CR
GOBP_REGULATION_OF_ORGANIC_ACID_TRANSPORT,0.5515702762999828,1,0.02096589719071299,0.327191369711084,0.933280908512606,16,EPRS1;AKT1;FIS1;AKT2,GO:BP,Training_CR
GOBP_REGULATION_OF_ORGAN_GROWTH,0.7616749956918835,1,0.01621187037075595,0.2798663606490349,0.7851005468848491,15,COL14A1;AKT1;MAPK14;YBX3;TOMM70;IGF2;BASP1,GO:BP,Training_CR
GOBP_REGULATION_OF_OSTEOBLAST_DIFFERENTIATION,0.9598328302762944,1,0.01718750166765503,-0.2119093235300428,-0.5773336119087046,11,YAP1;FERMT2;LTF;IFITM1;ILK,GO:BP,Training_CR
GOBP_REGULATION_OF_OXIDATIVE_STRESS_INDUCED_INTRINSIC_APOPTOTIC_SIGNALING_PATHWAY,0.8615494978479197,1,0.01922577267487386,-0.2320060252983973,-0.7142777029885382,17,SOD1;P4HB;PPIA;GPX1;PARK7,GO:BP,Training_CR
GOBP_REGULATION_OF_PATTERN_RECOGNITION_RECEPTOR_SIGNALING_PATHWAY,0.9442739460507188,1,0.012162934345968811,0.18519716475789227,0.6688237343757396,41,MARCHF5;UFD1;AKT1;APPL1,GO:BP,Training_CR
GOBP_REGULATION_OF_PH,0.4962874251497006,1,0.028224770331413764,-0.3196603230908159,-0.9698365408541432,16,UBE3A;RAB7A;CA2;ATP6V1H,GO:BP,Training_CR
GOBP_REGULATION_OF_PHAGOCYTOSIS,0.723205171827152,1,0.01677944501613998,0.2657434047526943,0.8241089249325654,22,LMAN2;APPL1;MYO18A;DYSF,GO:BP,Training_CR
GOBP_REGULATION_OF_PHOSPHOLIPID_METABOLIC_PROCESS,0.6002831524303917,1,0.02470187266967142,-0.31929275313343186,-0.8896687124285106,12,SCP2;IDH1;PRKCD,GO:BP,Training_CR
GOBP_REGULATION_OF_PHOSPHORYLATION,0.5309090909090909,1,0.01964576985793843,0.2344165594175249,0.9624227405130292,80,IL18;THY1;PDCL3;XRCC5;MAPK1;ANG;AKT1;VPS25;SYNPO2;NDUFS4;UBE2K;PAK2;PRDX3,GO:BP,Training_CR
GOBP_REGULATION_OF_PLASMA_LIPOPROTEIN_PARTICLE_LEVELS,0.8768707482993198,1,0.013985409129296664,0.23004368750655863,0.696779932701914,20,LPCAT3;PLTP;ACSL3;AGT;CNPY2;FECH;APOE;APOC2;GPLD1,GO:BP,Training_CR
GOBP_REGULATION_OF_PLATELET_ACTIVATION,0.43761510128913444,1,0.029783261056243765,-0.37841126729297136,-1.0019719184355382,10,GNAQ;PRKCD;PRKG1;CD9;PRKCQ,GO:BP,Training_CR
GOBP_REGULATION_OF_POLYSACCHARIDE_BIOSYNTHETIC_PROCESS,0.503886925795053,1,0.022842815888673023,0.3866212485143681,0.96357104533102,10,AKT1;AKT2;PPP1CA;CLTC;IGF2;AP2A1,GO:BP,Training_CR
GOBP_REGULATION_OF_POLYSACCHARIDE_METABOLIC_PROCESS,0.6091934084995664,1,0.019611293097033095,0.3373700185864719,0.8902451142251949,12,AKT1;AKT2;PPP1CA;CLTC;IGF2;AP2A1;PHKA1,GO:BP,Training_CR
GOBP_REGULATION_OF_POSTSYNAPSE_ORGANIZATION,0.5332362930616206,1,0.027185043902192462,-0.29074101861078905,-0.9411684639614311,20,MAP1B;CAPRIN1;RTN4;CFL1;GNA13,GO:BP,Training_CR
GOBP_REGULATION_OF_POSTSYNAPTIC_MEMBRANE_NEUROTRANSMITTER_RECEPTOR_LEVELS,0.5896811876368946,1,0.025515793895118415,-0.27642326893473546,-0.9083171607913428,21,DAG1;STX4;FLOT2;EPB41L3;PPP3R1,GO:BP,Training_CR
GOBP_REGULATION_OF_POST_TRANSLATIONAL_PROTEIN_MODIFICATION,0.8060879368658399,1,0.02279807326179926,-0.19312719639246637,-0.8343262883988409,66,UBE3A;DCUN1D1;UBE2V2;UBE2D1;RPL23;PDCD6;UBE2N;EPM2A;RPS7;CAV1;GSK3A;NXN;GCLC;HUWE1;PPIA;VCP;PARK7,GO:BP,Training_CR
GOBP_REGULATION_OF_POTASSIUM_ION_TRANSMEMBRANE_TRANSPORT,0.5680151407617696,1,0.025669630587903003,-0.3187044395712634,-0.9129220418201563,13,VAMP2;OXSR1;YWHAE;CAV1,GO:BP,Training_CR
GOBP_REGULATION_OF_POTASSIUM_ION_TRANSPORT,0.7564071856287425,1,0.021238080846158407,-0.26071472957886294,-0.7909979851101278,16,VAMP2;OXSR1;YWHAE;CAV1,GO:BP,Training_CR
GOBP_REGULATION_OF_PROTEASOMAL_PROTEIN_CATABOLIC_PROCESS,0.9955136138613861,1,0.010739818643680258,0.14584566340731392,0.5724793806102701,62,USP9X;RPL11;HSP90AB1;AKT1;MAPK9;UBE2K;MTM1;ELOB;UCHL5;PSMC5;RACK1,GO:BP,Training_CR
GOBP_REGULATION_OF_PROTEASOMAL_UBIQUITIN_DEPENDENT_PROTEIN_CATABOLIC_PROCESS,0.5090938616433908,1,0.021351649995836632,0.27181110373809003,0.9702246540399507,39,USP9X;RPL11;HSP90AB1;AKT1;MAPK9;UBE2K;MTM1;ELOB;UCHL5;RACK1,GO:BP,Training_CR
GOBP_REGULATION_OF_PROTEIN_BINDING,0.5619507151473376,1,0.020742042769131396,0.3304797467432726,0.927084731801276,15,USP9X;RPL11,GO:BP,Training_CR
GOBP_REGULATION_OF_PROTEIN_CATABOLIC_PROCESS,0.9985147779593049,1,0.01007401864194633,0.13684248427762824,0.5830057504159473,101,USP9X;NDUFA13;RPL11;HSP90AB1;PSMD3;AKT1;ATG7;CUL4A;MAPK9;UBE2K;VPS35;MTM1;PSMD2;ELOB;UCHL5;PSMC5;RACK1,GO:BP,Training_CR
GOBP_REGULATION_OF_PROTEIN_CONTAINING_COMPLEX_ASSEMBLY,0.8136737089201878,1,0.012930555424270159,0.19235284080295512,0.8308886338762769,110,MARCHF5;FSCN1;ARPC2;DRG1;TMOD4;ARF6;DCTN1;CAPZB;CAPZA2;RPS3;TMOD3;MAPT;PREB;MAPK9;RHOC;VPS35;PPP2CB;TMOD1;DDX3X;ARL2;BIN1;TWF2;RACK1;SVIL;CAPG;ARPC3,GO:BP,Training_CR
GOBP_REGULATION_OF_PROTEIN_CONTAINING_COMPLEX_DISASSEMBLY,0.40892072277388897,1,0.024912023341492437,0.29183120647688743,1.0287115954826664,37,TMOD4;GSPT1;CAPZB;CAPZA2;TMOD3;ETF1;PPP1CA;MAP1S;TMOD1;TRIM54;ACTN2;TWF2;SVIL;CAPG,GO:BP,Training_CR
GOBP_REGULATION_OF_PROTEIN_DEPOLYMERIZATION,0.6985,1,0.016987083592100466,0.25201006635941303,0.8514648739175683,31,TMOD4;CAPZB;CAPZA2;TMOD3;MAP1S;TMOD1;TRIM54;ACTN2;TWF2;SVIL;CAPG,GO:BP,Training_CR
GOBP_REGULATION_OF_PROTEIN_IMPORT_INTO_NUCLEUS,0.4842206697181402,1,0.02876869992951477,-0.3061375956734431,-0.9757952219824643,19,PKIA;PRKCD;EPM2A;CD36;UFM1;RAN;HSP90AA1;TRIM28;TARDBP,GO:BP,Training_CR
GOBP_REGULATION_OF_PROTEIN_LOCALIZATION_TO_CELL_PERIPHERY,0.486765655261459,1,0.021956707577150927,0.26853722074808783,0.9832262875832904,44,CAMK2D;ARF6;CSRP3;AKT1;APPL1;ACSL3;AP2M1;VPS35;CLTC;LYPLA1,GO:BP,Training_CR
GOBP_REGULATION_OF_PROTEIN_LOCALIZATION_TO_MEMBRANE,0.6451766196736892,1,0.01740552915894709,0.23523651109187943,0.896280759242207,54,CAMK2D;ARF6;CSRP3;AKT1;APPL1;FNTA;AKT2;ACSL3;AP2M1;CLTC;AP2B1;LYPLA1,GO:BP,Training_CR
GOBP_REGULATION_OF_PROTEIN_LOCALIZATION_TO_NUCLEUS,0.6059968437664387,1,0.026371225503994886,-0.23243014746295382,-0.9146954760720563,43,CTNNA1;PKIA;PIN1;PRKCD;PPP3CB;EPM2A;CD36;YAP1;PARK7;UFM1;RAN;FERMT2;HSP90AA1;GLUL;TRIM28,GO:BP,Training_CR
GOBP_REGULATION_OF_PROTEIN_MATURATION,0.5707881075979235,1,0.025543624542536014,-0.31163574568698377,-0.9133848822933828,14,ENO1;SNX12,GO:BP,Training_CR
GOBP_REGULATION_OF_PROTEIN_NEDDYLATION,0.9087531924773624,1,0.017992133374585276,-0.24058229780669937,-0.6554513253134224,11,DCUN1D1,GO:BP,Training_CR
GOBP_REGULATION_OF_PROTEIN_POLYMERIZATION,0.7052826691380908,1,0.015740527450455545,0.2196487961983869,0.866990287821914,64,ARPC2;DRG1;TMOD4;ARF6;DCTN1;CAPZB;CAPZA2;RPS3;TMOD3;MAPT;PPP2CB;TMOD1;ARL2;BIN1;TWF2;SVIL;CAPG;ARPC3,GO:BP,Training_CR
GOBP_REGULATION_OF_PROTEIN_SECRETION,0.7856460852959898,1,0.014611707115381936,0.2165588969099735,0.81666877434599,51,ERP29;ANG;ARF6;SLC16A1;PFKM;MYO18A;IDH2;TTN;MCU;VPS35,GO:BP,Training_CR
GOBP_REGULATION_OF_PROTEIN_SERINE_THREONINE_KINASE_ACTIVITY,0.8576311741582635,1,0.014376906013022063,0.23941740273009188,0.7137892421493712,19,THY1;SYNPO2;AGT;CAB39;APOE;CDC37;PYCARD;MAP2K2;MAP2K1;ADIPOQ,GO:BP,Training_CR
GOBP_REGULATION_OF_PROTEIN_STABILITY,0.7765230312035661,1,0.013790704178068776,0.19900339180959775,0.8461273573938763,100,USP9X;PDCL3;MAPK1;RPL11;GET4;HSP90AB1;AHSA1;AKT2;PPP1CA;RUVBL2;DAD1;ISOC2;CCT5;VPS35;CCT6A;GAPDH;FBXO7;RPL5;PPIB;CCT7;CCT8;CAPN3,GO:BP,Training_CR
GOBP_REGULATION_OF_PROTEIN_TARGETING,0.9694235588972431,1,0.012273444691502834,0.18582152702186816,0.5950825868267476,25,AKT2;UBE2D3;SAE1;TOMM70;UBL5;LMAN1;PRKAA1,GO:BP,Training_CR
GOBP_REGULATION_OF_PROTEIN_TRANSPORT,0.5109197170101507,1,0.032331604632485134,-0.21025743655127221,-0.9739512048675866,97,HADH;EIPR1;VAMP2;STX4;PKIA;ACSL4;PRKCD;SNX12;CD81;YWHAE;TXN;CPT1A;GNAS;PPP3CB;EPM2A;CD36;EMD;SRI;ENSA;BCAP31;ARFIP1;PPIA;PARK7;RBP4;CD38;MPC2;UFM1;RAN;LYPLAL1;PTPN11;PHPT1;OXCT1;HSP90AA1;RAC1;TRIM28;PFKFB2,GO:BP,Training_CR
GOBP_REGULATION_OF_PROTEIN_UBIQUITINATION,0.3639764831640834,1,0.03634013905166379,-0.25774865290554283,-1.0486752993609514,50,UBE3A;DCUN1D1;UBE2V2;UBE2D1;RPL23;PDCD6;UBE2N;EPM2A;RPS7;CAV1;GSK3A;NXN;GCLC;HUWE1;PPIA;PARK7,GO:BP,Training_CR
GOBP_REGULATION_OF_PROTEOLYSIS,0.6372249388753056,1,0.028113545512391334,-0.198744316364018,-0.9264027883091274,100,UBE3A;CSTA;ENO1;ECM1;RPL23;USP5;CSTB;SNX12;RAD23B;EPM2A;RAD23A;PSMC6;RPS7;CFL1;SNX9;PSMC3;DDRGK1;CAV1;ATP5IF1;GSK3A;BCAP31;GCLC;PSMF1;GPX1;VCP;PARK7;SUMO2,GO:BP,Training_CR
GOBP_REGULATION_OF_PROTEOLYSIS_INVOLVED_IN_PROTEIN_CATABOLIC_PROCESS,0.8677279305354558,1,0.022050891196118947,-0.18395011900722247,-0.8048463857050379,71,UBE3A;RPL23;USP5;RAD23B;EPM2A;RAD23A;PSMC6;RPS7;PSMC3;DDRGK1;CAV1;ATP5IF1;GSK3A;BCAP31;GCLC;PSMF1;GPX1;VCP;PARK7;SUMO2;UFSP2;CSNK2B;PSMC1;PSME2;CTSC,GO:BP,Training_CR
GOBP_REGULATION_OF_REACTIVE_OXYGEN_SPECIES_METABOLIC_PROCESS,0.7301629006831319,1,0.02325879549709792,-0.21397280574656286,-0.8474086290175564,44,SOD1;GSTP1;RHOA;PRKCD;CRYAB;NDUFC2;CD36;G6PD;ELAVL1;AKR1C1;PARK7;STAT3;ROMO1;PRDX2,GO:BP,Training_CR
GOBP_REGULATION_OF_RECEPTOR_INTERNALIZATION,0.7654980264685396,1,0.02057330867956823,-0.2860876251863112,-0.7794277251221583,11,SDCBP;PPP3R1;LRPAP1,GO:BP,Training_CR
GOBP_REGULATION_OF_RECEPTOR_MEDIATED_ENDOCYTOSIS,0.9993316624895572,1,0.011827908605325748,0.12903225806451613,0.4132182699375428,25,ARF6;AP2M1;ATAD1;AP2A1;PICALM;APOC2;SMAP1;ADIPOQ;C3;ARF1;PPT1;RAB21;TF;CLU;CD63;ANXA2;FLOT1;ARRB1;RAC1;RALA;APOC1;B2M;LRPAP1;PPP3R1;SDCBP,GO:BP,Training_CR
GOBP_REGULATION_OF_REGULATED_SECRETORY_PATHWAY,0.9288674033149171,1,0.017543265851049525,-0.23406653060159568,-0.6197703688533578,10,STX4;AP1G1,GO:BP,Training_CR
GOBP_REGULATION_OF_RELEASE_OF_CYTOCHROME_C_FROM_MITOCHONDRIA,0.6016274238227147,1,0.019771565433776606,0.332803843386302,0.898165781729962,13,FAM162A;AKT1,GO:BP,Training_CR
GOBP_REGULATION_OF_RELEASE_OF_SEQUESTERED_CALCIUM_ION_INTO_CYTOSOL,0.50843776106934,1,0.021816777269827704,0.30206532429723837,0.9673465580352644,25,CAMK2D;THY1,GO:BP,Training_CR
GOBP_REGULATION_OF_RELEASE_OF_SEQUESTERED_CALCIUM_ION_INTO_CYTOSOL_BY_SARCOPLASMIC_RETICULUM,0.8869047619047619,1,0.013821134455271554,0.22642068346936317,0.6858062062042293,20,CAMK2D,GO:BP,Training_CR
GOBP_REGULATION_OF_REPRODUCTIVE_PROCESS,0.8692215568862276,1,0.019117803773575803,-0.2303090640499908,-0.6987484209672807,16,SOD1,GO:BP,Training_CR
GOBP_REGULATION_OF_RESPONSE_TO_CYTOKINE_STIMULUS,0.6848739495798319,1,0.017398321132689486,0.2697697198527569,0.8544172879838564,24,PADI2;DHX9;CPNE1;UBE2K;ANXA4;PPP2CB,GO:BP,Training_CR
GOBP_REGULATION_OF_RESPONSE_TO_ENDOPLASMIC_RETICULUM_STRESS,0.35275564409030546,1,0.02777718062217995,0.32819961721303104,1.0843135631290084,28,ERP29;LPCAT3;AKT1;AKT2;COPS5;MANF;RACK1,GO:BP,Training_CR
GOBP_REGULATION_OF_RHO_PROTEIN_SIGNAL_TRANSDUCTION,0.39723743748511553,1,0.03225012807644861,-0.346315286449096,-1.0364356929131342,15,NRP1;STMN1;ITGB1;CUL3;FERMT2;RAC1;ARHGDIA;ARHGDIB;ARRB1;FLOT1,GO:BP,Training_CR
GOBP_REGULATION_OF_RNA_SPLICING,0.8854221289984269,1,0.020206470652017493,-0.19293201620226544,-0.7547984081145815,42,RBM3;HNRNPK;PRDX6;HNRNPF;RPS26;HNRNPA1;DAZAP1;KHDRBS1;PRMT5;NCL;SF1;AHNAK;RBM38;SRSF2,GO:BP,Training_CR
GOBP_REGULATION_OF_SIGNAL_TRANSDUCTION_BY_P53_CLASS_MEDIATOR,0.754364694471387,1,0.02147129245289572,-0.24152447615330694,-0.8070573826450257,22,RPL23;HNRNPK;CD74;RPS7;EIF5A;PRMT5;SMYD2,GO:BP,Training_CR
GOBP_REGULATION_OF_SMALL_GTPASE_MEDIATED_SIGNAL_TRANSDUCTION,0.9584086799276673,1,0.018787363350066522,-0.17441803072947829,-0.6659767301445894,38,NRP1;STMN1;CYTH1;RASA4;RTN4;ITGB1;STAMBP;CRKL;GARNL3;GNA13,GO:BP,Training_CR
GOBP_REGULATION_OF_SMALL_MOLECULE_METABOLIC_PROCESS,0.8731884057971014,1,0.012318848419871535,0.1888606073632294,0.7785287171387401,82,LPCAT3;MAPK1;ME2;NNMT;FH;FBP1;AKT1;FIS1;AKT2;PPP1CA;NLN;KPNB1;TSPO;PRKAG1;ARL2;AGT;FABP3;SIRT5;IGF2;DDB1;PRKAA1;PPP2CA;ACADVL;DNM1L;PLAA;PHKA1;ACACB;PLIN5;APOE;APOC2;ACADM;USP7;GPLD1;MTCH2,GO:BP,Training_CR
GOBP_REGULATION_OF_SODIUM_ION_TRANSPORT,0.5938104448742747,1,0.02528851520082796,-0.28820078127004045,-0.9028893866532487,18,SCN1B;SLMAP;FXYD1,GO:BP,Training_CR
GOBP_REGULATION_OF_SPINDLE_ASSEMBLY,0.5417032484635645,1,0.021602239872841083,0.3645438222898332,0.9359175510800215,11,DRG1;DYNC1H1,GO:BP,Training_CR
GOBP_REGULATION_OF_STEROID_BIOSYNTHETIC_PROCESS,0.49751158400549167,1,0.022582257774783447,0.3401921344156713,0.9703642995127106,16,LPCAT3;MAPK1;KPNB1;TSPO;ATP1A1,GO:BP,Training_CR
GOBP_REGULATION_OF_STEROL_TRANSPORT,0.5346511074065253,1,0.02681777684485759,-0.3122824724697966,-0.9345839280081404,15,SCP2;CES1,GO:BP,Training_CR
GOBP_REGULATION_OF_STRIATED_MUSCLE_CELL_DIFFERENTIATION,0.8889659958362248,1,0.01407526849856933,0.24349748064101256,0.670535975621408,14,YBX1;NLN;MAPK14;TOMM70,GO:BP,Training_CR
GOBP_REGULATION_OF_STRIATED_MUSCLE_CONTRACTION,0.6420913739073066,1,0.018071694804686324,0.2567004122823563,0.8905496440830667,35,CAMK2D;MYBPH;TNNT3;JUP;MYL3;ATP1A1;BIN1;TNNI1;MYH7;CLIC2;DMD;ATP1B1;ACTN3;C12orf57,GO:BP,Training_CR
GOBP_REGULATION_OF_SUBSTRATE_ADHESION_DEPENDENT_CELL_SPREADING,0.8602746326186461,1,0.019359968552059823,-0.22612237650282047,-0.7207515107361673,19,NRP1;CRKL;P4HB;DMTN;FERMT2;RAC1;ILK;CDC42,GO:BP,Training_CR
GOBP_REGULATION_OF_SUPRAMOLECULAR_FIBER_ORGANIZATION,0.7353286384976526,1,0.0143941679344261,0.20124131593043654,0.8682882863554711,109,ARPC2;DRG1;TMOD4;ARF6;DCTN1;SYNPO2L;CAPZB;CAPZA2;AEBP1;RPS3;TPM1;TMOD3;SYNPO2;MAPT;GMFB;RHOC;PAK2;MAP1S;PPP2CB;TMOD1;TRIM54;ARL2;BIN1;ACTN2;TWF2;PXN;SVIL;CAPG;ARPC3;TNXB;SYNPO;PPP2CA,GO:BP,Training_CR
GOBP_REGULATION_OF_SYNAPSE_ASSEMBLY,0.8808400188768287,1,0.018695120364016993,-0.23618061516131444,-0.6922306133513174,14,MAP1B,GO:BP,Training_CR
GOBP_REGULATION_OF_SYNAPTIC_VESICLE_RECYCLING,0.587648014859531,1,0.024786819729313906,-0.329926452205181,-0.8988638496070578,11,MYLK;PPP3CB;SNX9;PARK7;RAC1,GO:BP,Training_CR
GOBP_REGULATION_OF_SYSTEMIC_ARTERIAL_BLOOD_PRESSURE,0.8067065868263473,1,0.020247195487017585,-0.24818571932167466,-0.7529854727949681,16,CPA3;RHOA;GSK3A;MME,GO:BP,Training_CR
GOBP_REGULATION_OF_SYSTEMIC_ARTERIAL_BLOOD_PRESSURE_MEDIATED_BY_A_CHEMICAL_SIGNAL,0.7283491989784072,1,0.021341732433637923,-0.2961025446318678,-0.8067127426955272,11,CPA3;RHOA,GO:BP,Training_CR
GOBP_REGULATION_OF_TELOMERE_MAINTENANCE_VIA_TELOMERASE,0.7557251908396947,1,0.016423913323830683,0.28438531876778844,0.7831316639103078,14,CCT5;CCT6A;CCT7;CCT8,GO:BP,Training_CR
GOBP_REGULATION_OF_TELOMERE_MAINTENANCE_VIA_TELOMERE_LENGTHENING,0.8946284537497855,1,0.013826673815655062,0.23551565723309284,0.6717850374401191,16,CCT5;CCT6A;CCT7;CCT8,GO:BP,Training_CR
GOBP_REGULATION_OF_TRANSFERASE_ACTIVITY,0.8997654417513683,1,0.01239477799934403,0.191202056306875,0.7427752114913977,59,RPS2;THY1;XRCC5;RPL11;VPS25;SYNPO2;PAK2;PRDX3,GO:BP,Training_CR
GOBP_REGULATION_OF_TRANSLATIONAL_INITIATION,0.6518259129564783,1,0.024304530090400192,-0.24431584761200217,-0.8824533884248078,30,EIF4G2;PAIP1;EIF4EBP1;EIF5B;EIF4B,GO:BP,Training_CR
GOBP_REGULATION_OF_TRANSMEMBRANE_TRANSPORT,0.3787425149700599,1,0.03791932210950023,-0.22415093795454932,-1.0283978918812928,92,SCN1B;SLMAP;FXYD1;VAMP2;FKBP1A;OXSR1;YWHAE;ARPP19;PPP3CB;SORBS1;CA2;ITGB1;CACNB3;PPP3R1;CALM1;RTN2;STAC3;G6PD;SRI;UTRN;CAV1;GSK3A,GO:BP,Training_CR
GOBP_REGULATION_OF_TUMOR_NECROSIS_FACTOR_MEDIATED_SIGNALING_PATHWAY,0.5779705117085863,1,0.02041146278144614,0.34615149973679493,0.9134175073219216,12,CPNE1;UBE2K;ANXA4;PPP2CB,GO:BP,Training_CR
GOBP_REGULATION_OF_T_CELL_ACTIVATION,0.5777422790202343,1,0.027408953984535078,-0.23300918505684556,-0.936122178693822,47,SOD1;HLA-DRA;STAT5B;LGALS1;CD74;RHOA;FLOT2;CD81,GO:BP,Training_CR
GOBP_REGULATION_OF_T_CELL_MEDIATED_IMMUNITY,0.4835589941972921,1,0.028858589941033696,-0.31122862815639274,-0.9750321423374607,18,HLA-DRA;USP5;CD81;PPP3CB;HMGB1,GO:BP,Training_CR
GOBP_REGULATION_OF_UBIQUITIN_DEPENDENT_PROTEIN_CATABOLIC_PROCESS,0.6040698605992629,1,0.01854815351618783,0.24617095076112408,0.9171172139721594,48,USP9X;PDCL3;RPL11;HSP90AB1;AKT1;MAPK9;CCDC22;UBE2K;MTM1;ELOB;RPL5;UCHL5;RACK1,GO:BP,Training_CR
GOBP_REGULATION_OF_VACUOLE_ORGANIZATION,0.8678637200736649,1,0.01854815351618783,-0.2620074826663622,-0.6937534971664336,10,RAB1B;PPP3CB,GO:BP,Training_CR
GOBP_REGULATION_OF_VASCULATURE_DEVELOPMENT,0.5477672530446549,1,0.02864388147715409,-0.23146534782293995,-0.9503666004098525,52,ECM1;RRAS;PDCD6;NRP1;ANXA3;PGK1;RTN4;ITGB1;ERAP1;CD36;HMGB1;RNH1,GO:BP,Training_CR
GOBP_REGULATION_OF_VIRAL_GENOME_REPLICATION,0.4234764542936288,1,0.025356953759916163,0.38287978070680695,1.033309934308529,13,PABPC1;VAPB;DDX3X;ILF3;DDB1,GO:BP,Training_CR
GOBP_REGULATION_OF_VIRAL_LIFE_CYCLE,0.39461994076999013,1,0.033074911573599014,-0.3038003425177327,-1.0392301503478723,24,LGALS1;CD74;RAD23A;HMGB1;KPNA6;P4HB;PPIA;CSNK2B;TRIM28;LTF;IFITM1,GO:BP,Training_CR
GOBP_REGULATION_OF_VIRAL_PROCESS,0.599899849774662,1,0.025704857426621194,-0.2546914088509169,-0.9113216565068566,29,LGALS1;RAB7A;CD74;RAD23A;HMGB1;KPNA6;P4HB;PPIA;CSNK2B;STAT1;TRIM28;LTF;IFITM1,GO:BP,Training_CR
GOBP_REGULATION_OF_WNT_SIGNALING_PATHWAY,0.9043793728945323,1,0.01970633793434719,-0.19127701094903127,-0.7262503444596312,37,GNAQ;PIN1;MESD;PPM1B;EMD;CAV1;GSK3A;YAP1;NXN;PPP2R3A;VCP,GO:BP,Training_CR
GOBP_RELAXATION_OF_MUSCLE,0.8683206106870229,1,0.01441433292513859,0.25068385584791625,0.6903255976653703,14,CAMK2D,GO:BP,Training_CR
GOBP_RELEASE_OF_CYTOCHROME_C_FROM_MITOCHONDRIA,0.6946970997082547,1,0.01749597674149099,0.29108688762614787,0.8302964567180489,16,FAM162A;AKT1;TIMM50;PPIF;BAX;PYCARD;GHITM;NOL3,GO:BP,Training_CR
GOBP_RELEASE_OF_SEQUESTERED_CALCIUM_ION_INTO_CYTOSOL_BY_ENDOPLASMIC_RETICULUM,0.9164681864579789,1,0.013352086700354392,0.21295363319265098,0.6604001701347967,22,CAMK2D,GO:BP,Training_CR
GOBP_RENAL_FILTRATION,0.4221915285451197,1,0.030447700286187394,-0.38308774442334115,-1.0143544745770519,10,MCAM;IGHA2,GO:BP,Training_CR
GOBP_RENAL_SYSTEM_DEVELOPMENT,0.6836288871755333,1,0.023968524136896242,-0.2308474263494475,-0.8707104931009192,36,HMGCS2;RHOA;MPST;NRP1;ASS1;CAT;COL4A1;YAP1;MME;RBP4;FBN1;CUL3;STAT1;MPV17;ILK,GO:BP,Training_CR
GOBP_RESPIRATORY_CHAIN_COMPLEX_IV_ASSEMBLY,0.5668690372940156,1,0.020709050566061937,0.34911065734156554,0.9212260719682616,12,SCO1;BCS1L,GO:BP,Training_CR
GOBP_RESPIRATORY_SYSTEM_DEVELOPMENT,0.5905788023051867,1,0.02598305991670699,-0.24767029199670662,-0.916202950784973,33,DAG1;HMGCS2;ASS1;LTA4H;PPP3R1;HMGB1;YAP1;MME;RBP4;FBN1,GO:BP,Training_CR
GOBP_RESPONSE_TO_ACID_CHEMICAL,0.7852246763137852,1,0.021561798815899903,-0.2166744984762975,-0.8135946460402844,35,SESN1;HMGCS2;GSTP1;COL18A1;ASS1;CFL1;COL4A1;GCLC,GO:BP,Training_CR
GOBP_RESPONSE_TO_ALKALOID,0.8554381179679509,1,0.014376906013022063,0.24159314993569647,0.7120875150044007,18,UQCRC1;PPP2R2A;DHX15;PPP5C;TGM2;PRKAA1;FKBP5,GO:BP,Training_CR
GOBP_RESPONSE_TO_AMINO_ACID_STARVATION,0.6934152765583845,1,0.01786064212485884,0.3224359498135816,0.8278112152172499,11,MAPK1;EIF2S1;LARS1;GCN1,GO:BP,Training_CR
GOBP_RESPONSE_TO_ANGIOTENSIN,0.9517696044413602,1,0.013088336386552126,0.2154365659202724,0.5932626798995488,14,AHCYL1;AGT;PPP3CA;ACTN2,GO:BP,Training_CR
GOBP_RESPONSE_TO_ARSENIC_CONTAINING_SUBSTANCE,0.9860424028268551,1,0.012839208726327983,0.19607716517465174,0.4886805361549104,10,DDX3X;PPIF;FECH;SERPINF1,GO:BP,Training_CR
GOBP_RESPONSE_TO_BMP,0.4462010382255781,1,0.02988035562032526,-0.34157068044395067,-1.001122304068212,14,PELO;NGLY1;UBE2D1,GO:BP,Training_CR
GOBP_RESPONSE_TO_CADMIUM_ION,0.8205247271882982,1,0.019516977541343135,-0.270823880750511,-0.7378426142852461,11,SOD1,GO:BP,Training_CR
GOBP_RESPONSE_TO_CALCIUM_ION,0.7557648587203638,1,0.015464251828961675,0.23001904245071741,0.8210486724611106,39,CAMK2D;IQGAP1;AHCYL1;TTN;CPNE1;PPP3CA;SEC31A;LGMN;CAPN3;CLIC4;PRKAA1;CACYBP;PPIF;SLC25A13,GO:BP,Training_CR
GOBP_RESPONSE_TO_CAMP,0.8925844221958256,1,0.013697030682606508,0.22347482267560065,0.6859761170599709,21,FBP1;NDUFS4;COL1A1;ATP5PO;IGFBP5,GO:BP,Training_CR
GOBP_RESPONSE_TO_COLD,0.9045739493847226,1,0.01806029790878247,-0.2421875,-0.6598245976388878,11,PLIN1;HSP90AA1;SLC27A1;HSPA2;GMPR;PRKACA;CIRBP;HSPD1;ACADM;ACADVL;PRKAA1,GO:BP,Training_CR
GOBP_RESPONSE_TO_CORTICOSTEROID,0.5612193903048476,1,0.02681007621983046,-0.25596578155417177,-0.9332692721480175,31,HMGCS2;GSTP1;ASS1;HMGB1;S100B;GSK3A;CBX3,GO:BP,Training_CR
GOBP_RESPONSE_TO_EPIDERMAL_GROWTH_FACTOR,0.5995836224843858,1,0.019854687522718642,0.3264848306401545,0.8990640226033337,14,MAPK1;IQGAP1;AKT1;COL1A1,GO:BP,Training_CR
GOBP_RESPONSE_TO_ETHANOL,0.4840812233642517,1,0.02949616406587,-0.2793453762875614,-0.9811203610255647,27,SOD1;HMGCS2;GSTP1;CPT1A;G6PD;CAT;STAT3;RBP4;S100A8,GO:BP,Training_CR
GOBP_RESPONSE_TO_FIBROBLAST_GROWTH_FACTOR,0.7501734906315058,1,0.016531238658209112,0.28617826245424294,0.7880690178445912,14,IQGAP1;COL1A1;CD44,GO:BP,Training_CR
GOBP_RESPONSE_TO_FUNGUS,0.71398891966759,1,0.01722298907440648,0.3011494771106235,0.8127374755485332,13,ANG;CTSG,GO:BP,Training_CR
GOBP_RESPONSE_TO_GAMMA_RADIATION,0.8996924532765554,1,0.01841852528175182,-0.23249740100373711,-0.6659838260419058,13,MAP3K20;CRYAB;YAP1;GPX1,GO:BP,Training_CR
GOBP_RESPONSE_TO_GROWTH_HORMONE,0.464548802946593,1,0.02869722939175702,-0.3704956624477134,-0.9810126752578231,10,STAT5B;HMGCS2;ASS1;PNPT1;STAT3,GO:BP,Training_CR
GOBP_RESPONSE_TO_HEAT,0.7980690558010146,1,0.014788159525011587,0.22653015873031787,0.7934679400001197,36,EIF2B3;HSP90AB1;AKT1;MAPT;EIF2S1;DNAJB4;DNAJA2;HSPB2;DNAJB1;DNAJA4,GO:BP,Training_CR
GOBP_RESPONSE_TO_HYDROGEN_PEROXIDE,0.3905547226386807,1,0.033525357727738646,-0.2846325304787794,-1.0377902582785656,31,SOD1;PRKCD;TXN;CRYAB;CFL1;HBB;HBA1;FXN;CAT;KPNA4;GPX1;PARK7,GO:BP,Training_CR
GOBP_RESPONSE_TO_INCREASED_OXYGEN_LEVELS,0.8348056537102474,1,0.0152453762573794,0.2859749725422301,0.7127316573775583,10,ATG7;COL1A1,GO:BP,Training_CR
GOBP_RESPONSE_TO_INSULIN,0.5992057430884374,1,0.017958189571932823,0.2302639580200944,0.9261323373222787,71,PKM;LONP1;MAPK1;CSRP3;NAMPT;FBP1;EPRS1;AKT1;APPL1;AKT2;COL1A1;MAPK14;HADHA;GOT1;LPIN1;PIP4K2B;FABP3,GO:BP,Training_CR
GOBP_RESPONSE_TO_INTERLEUKIN_1,0.9084473808400189,1,0.018236201468499937,-0.2257387809836499,-0.6616262503625067,14,CFL1;GCLC;MYLK3;CD38,GO:BP,Training_CR
GOBP_RESPONSE_TO_INTERLEUKIN_7,0.4323194799164151,1,0.030165996717412494,-0.36939538815726386,-1.0063944809725003,11,RAD23B;HMGB1;CRKL;P4HB;STIP1;STAT1,GO:BP,Training_CR
GOBP_RESPONSE_TO_IONIZING_RADIATION,0.794446325770403,1,0.01534667099817378,0.24746659185617675,0.7755257110682396,23,XRCC5;LZIC;BABAM2;MAPK14;KARS1,GO:BP,Training_CR
GOBP_RESPONSE_TO_ISCHEMIA,0.8947241628523247,1,0.0187712717045537,-0.21534653465346534,-0.6864041612500369,19,CAV1;ABRAXAS2;STAT3;RELA;SQSTM1;UCHL1;EEF2K;MAP2K3;CAMK2A;MLYCD;NOL3;STUB1;TIGAR;AIFM1;HYOU1;EEF2;PPIF;HK2;SIRT5,GO:BP,Training_CR
GOBP_RESPONSE_TO_LEUKEMIA_INHIBITORY_FACTOR,0.40913740197749743,1,0.025676668072412156,0.3534931947886406,1.0419090554306198,18,XRCC5;SRM;PADI2;SRSF7;SLC25A5;HK2;CACYBP,GO:BP,Training_CR
GOBP_RESPONSE_TO_LIGHT_STIMULUS,0.5827498408656906,1,0.01898211221662824,0.24724102773053458,0.9323746563443063,51,PPP1CB;AKT1;CUL4A;AKT2;PPP1CA;RUVBL2;RO60;EIF2S1;MAPK14;COL6A3;PPP1CC,GO:BP,Training_CR
GOBP_RESPONSE_TO_METAL_ION,0.9066804917789957,1,0.011486457038179219,0.18050042663457633,0.7649515162919736,97,CAMK2D;LONP1;ATP5F1D;FBP1;IQGAP1;AHCYL1;MAPT;PPP1CA;MAPK9;TTN;CPNE1;EIF2S1;TSPO;PPP2CB;GOT1;PPP5C;PPP3CA;SEC31A;LGMN;CAPN3;DDX19A;CLIC4;PRKAA1;CACYBP;PPIF;PPP2CA;SLC25A13;PGAM2;FECH;GPI;SLC25A12,GO:BP,Training_CR
GOBP_RESPONSE_TO_MOLECULE_OF_BACTERIAL_ORIGIN,0.834626960240773,1,0.0136723307667073,0.20637222773701092,0.7863042012657151,54,IL18;MAPK1;CTSG;AKT1;CAPN2;MAPK14;PRDX3;HADHB;TSPO,GO:BP,Training_CR
GOBP_RESPONSE_TO_MUSCLE_ACTIVITY,0.42496460594620106,1,0.030787472606899322,-0.3646565309593801,-1.0160691189934494,12,DAG1;PRKAA2;ITGB1;ADSS1;RBP4,GO:BP,Training_CR
GOBP_RESPONSE_TO_ORGANOPHOSPHORUS,0.5937735375345217,1,0.02592549029394816,-0.2624749043054398,-0.9138669038628782,26,SOD1;GPD1;HMGCS2,GO:BP,Training_CR
GOBP_RESPONSE_TO_OSMOTIC_STRESS,0.5292922451743989,1,0.021396378843030098,0.3039713633545171,0.9526037674083323,23,FBP1;TSPO;YBX3;ATP1A1;DDX3X;CAPN3;AKR1B1;CAB39;XRCC6;BAX;PYCARD;MICU1;CASP3;RCSD1,GO:BP,Training_CR
GOBP_RESPONSE_TO_OXYGEN_LEVELS,0.9522514354789967,1,0.011053094326950013,0.17134876614716815,0.7028937075356217,79,LONP1;FAM162A;ANG;MT-CO2;AKT1;CAPN2;FIS1;ATG7,GO:BP,Training_CR
GOBP_RESPONSE_TO_PEPTIDE_HORMONE,0.843956043956044,1,0.023797822928056385,-0.17834810157393427,-0.8392594000249104,107,MAP1B;DAG1;HADH;STAT5B;HMGCS2;VAMP2;GSTP1;PRKCD;RAB10;GNAS;ATP2B1;SORBS1;CA2;ASS1;CTSD;LTA4H;CFL1;SGCB;ECHDC3;CAT;CAV1;GSK3A;BLVRB;GCLC;PNPT1;STAT3;RBP4;FBN1;NCL;MYO1C;PAK1;TBC1D4;YWHAG;CUL3;PRKCQ,GO:BP,Training_CR
GOBP_RESPONSE_TO_RADIATION,0.5165188130926889,1,0.020206470652017493,0.2410298046004688,0.9674864674707934,70,XRCC5;PPP1CB;LZIC;AKT1;CUL4A;AKT2;BABAM2;PPP1CA;RUVBL2;RO60;EIF2S1;MAPK14;COL6A3;KARS1,GO:BP,Training_CR
GOBP_RESPONSE_TO_RETINOIC_ACID,0.5600277585010409,1,0.0208987875795497,0.33730107294467765,0.9288494625476327,14,NDUFA13;COL1A1;TWF2;OVCA2;CTSH;SERPINF1,GO:BP,Training_CR
GOBP_RESPONSE_TO_STARVATION,0.9454486765655261,1,0.012132910636371867,0.18467253631762517,0.6761628492182192,44,MAPK1;ATG7;PLIN3;EIF2S1;MCU;PAK2;LARS1;PRKAG1;GCN1,GO:BP,Training_CR
GOBP_RESPONSE_TO_TEMPERATURE_STIMULUS,0.8186445218323064,1,0.02174996989474839,-0.20067707304684393,-0.811675689872639,49,SOD1;HMGCS2;RBBP7;PDCD6;EEF1D;YWHAE;CRYAB;PLIN1,GO:BP,Training_CR
GOBP_RESPONSE_TO_TRANSFORMING_GROWTH_FACTOR_BETA,0.7067741935483871,1,0.016337356590389873,0.23478861090444056,0.8563505227471063,43,USP9X;HSP90AB1;APPL1;FNTA;ASPN;COL1A1;PAK2;GOT1;CILP,GO:BP,Training_CR
GOBP_RESPONSE_TO_TUMOR_CELL,0.6076155096354772,1,0.02423534200657191,-0.32522659178099433,-0.8860593757454922,11,USP5;HMGB1;PRDX2;YWHAG;RELA,GO:BP,Training_CR
GOBP_RESPONSE_TO_TUMOR_NECROSIS_FACTOR,0.44581240887736917,1,0.023416283634506978,0.28083970666327274,1.0083804431599583,40,MAPK1;AKT1;RPS3;TXNDC17;COL1A1;CPNE1;UBE2K;MAPK14;ANXA4;YBX3;PPP2CB,GO:BP,Training_CR
GOBP_RESPONSE_TO_TYPE_II_INTERFERON,0.9395750332005313,1,0.012634834034305435,0.19628439082449822,0.6484889562298612,28,SYNCRIP;EPRS1;ACTR3;ACTR2;GAPDH;MRC1;STXBP3,GO:BP,Training_CR
GOBP_RESPONSE_TO_UV,0.564290473017988,1,0.020156879009186307,0.27667067623914593,0.9292065001672285,30,AKT1;CUL4A;RUVBL2;RO60;EIF2S1;MAPK14;COL6A3,GO:BP,Training_CR
GOBP_RESPONSE_TO_VIRUS,0.5325526932084309,1,0.02005383142837561,0.2454735198992646,0.9563070459039811,60,NT5C2;ABCF3;ATG7;NDUFAF4;DHX9;EEF1G;MAPK14;VAPB;CCT5;RPS15A;DHX15;AIMP1;DDX3X;DDX17;DDX1;TOMM70;ILF3;HNRNPUL1;PCBP2,GO:BP,Training_CR
GOBP_RESPONSE_TO_VITAMIN,0.578660988881003,1,0.025356953759916163,-0.31657070364977674,-0.9068100009688614,13,MAP1B;GSTP1,GO:BP,Training_CR
GOBP_RESPONSE_TO_ZINC_ION,0.4731831901555607,1,0.028520243268866843,-0.3591402980855177,-0.9784551336472234,11,ASS1;LTA4H;CRIP1;S100A8,GO:BP,Training_CR
GOBP_RETINA_DEVELOPMENT_IN_CAMERA_TYPE_EYE,0.4914970059880239,1,0.028397765221816435,-0.3208122321101588,-0.9733313864073739,16,RPL24;NRP1;GNB1;COL4A1;STAT3;RBP4,GO:BP,Training_CR
GOBP_RETROGRADE_TRANSPORT_ENDOSOME_TO_GOLGI,0.8307461191787682,1,0.020475944526481566,-0.21657931856826582,-0.7749512410066817,29,EIPR1;RAB7A;SNX12;RNF126;TBC1D17,GO:BP,Training_CR
GOBP_RHO_PROTEIN_SIGNAL_TRANSDUCTION,0.4134926562111028,1,0.032331604632485134,-0.2969879045204562,-1.0256328061100746,25,PIN1;RHOA;NRP1;STMN1;ITGB1;CFL1;GNA13;CUL3;RHOG;FERMT2;RAC1;ARHGDIA,GO:BP,Training_CR
GOBP_RHYTHMIC_PROCESS,0.5257170325268387,1,0.02064801442453376,0.25803021459033293,0.9612992548229454,48,USP9X;NDUFA9;NAMPT;PPP1CB;ATG7;CUL4A;PPP1CA;DHX9;MAPK9,GO:BP,Training_CR
GOBP_RIBONUCLEOSIDE_MONOPHOSPHATE_BIOSYNTHETIC_PROCESS,0.844571975131516,1,0.019525521854286004,-0.23678721224045107,-0.728997558742873,17,CMPK1;PFAS;ADSS1;IMPDH2;HPRT1;PRPS1,GO:BP,Training_CR
GOBP_RIBONUCLEOSIDE_MONOPHOSPHATE_METABOLIC_PROCESS,0.8861236802413273,1,0.019555473780994197,-0.20555767132406624,-0.7282402477804996,28,GMPR2;CMPK1;NT5C1A;GUK1;PFAS;ADSS1;IMPDH2;HPRT1;NT5E;PRPS1,GO:BP,Training_CR
GOBP_RIBOSOMAL_LARGE_SUBUNIT_BIOGENESIS,0.8080772607550483,1,0.015626820766358934,0.28873373588742485,0.7412852844646352,11,RPL11;RPL7,GO:BP,Training_CR
GOBP_RIBOSOMAL_SMALL_SUBUNIT_ASSEMBLY,0.7618374558303886,1,0.016571714857001655,0.3097863821656472,0.7720765199525093,10,XRCC5,GO:BP,Training_CR
GOBP_RIBOSOMAL_SMALL_SUBUNIT_BIOGENESIS,0.411892071952032,1,0.025173020707602474,0.3078681643148492,1.033984169788334,30,XRCC5;RPS13;RPS24;RPS4X;RPS9;RPS15A;SNU13;RPS5;RPS12,GO:BP,Training_CR
GOBP_RIBOSOME_ASSEMBLY,0.8631899762952929,1,0.014148682793597274,0.23078617475903077,0.7232516152674732,23,XRCC5;RPL11;EIF5;DDX3X;RPL5;RPS5,GO:BP,Training_CR
GOBP_RIBOSOME_DISASSEMBLY,0.3720728534258456,1,0.027612224071695092,0.405802009738054,1.0708220547448306,12,ABCE1;MRRF;MCTS1;GCN1;RACK1;MTIF2,GO:BP,Training_CR
GOBP_RNA_LOCALIZATION,0.8503041946845982,1,0.013557586858141613,0.20677490891442582,0.7671181104642798,47,G3BP2;YBX1;DHX9;RUVBL2;LRPPRC;KPNB1;CCT5;CCT6A;SRSF7;MVP;CCT7;CCT8;DDX19A,GO:BP,Training_CR
GOBP_RNA_METHYLATION,0.45176678445229684,1,0.02461750086802017,0.40273968776532354,1.0037428191738396,10,SNRPB;AKT1,GO:BP,Training_CR
GOBP_RNA_SPLICING,0.4644742796801931,1,0.02163265866323115,0.23882546219733894,0.9960566948375135,89,SYNCRIP;LSM8;RPS13;RTCB;SNRPB;PUF60;PABPC1;YBX1;DHX9;HNRNPR;AHNAK2;SNU13;TRA2B;SRSF7;DHX15;RBMX;DDX17;DDX1;ILF3;LSM2;DCPS;UBL5;HNRNPUL1;HNRNPM,GO:BP,Training_CR
GOBP_RNA_SPLICING_VIA_TRANSESTERIFICATION_REACTIONS,0.3743414936473505,1,0.02556453805178303,0.2648175892722291,1.0491487457022972,66,SYNCRIP;LSM8;SNRPB;PUF60;PABPC1;DHX9;HNRNPR;SNU13;TRA2B;SRSF7;DHX15;RBMX;DDX17;DDX1;ILF3;LSM2;DCPS;UBL5;HNRNPUL1;HNRNPM,GO:BP,Training_CR
GOBP_RNA_TEMPLATED_DNA_BIOSYNTHETIC_PROCESS,0.35850664848278213,1,0.027961099129504233,0.3670998942410697,1.082014334918349,18,XRCC5;HSP90AB1;CCT5;CCT6A;CCT7;CCT8,GO:BP,Training_CR
GOBP_RRNA_METABOLIC_PROCESS,0.689076998209344,1,0.016841385721899887,0.24525368685977794,0.864524786616711,37,RPL27;ANG;RPS24;RPL11;RPL7;MAPT,GO:BP,Training_CR
GOBP_RRNA_PROCESSING,0.629,1,0.018532368860394256,0.26371379621402763,0.891008194583229,31,RPL27;RPS24;RPL11;RPL7;SNU13;DDX17;RPL5;RPL7A;RPS6;RPS21;SBDS,GO:BP,Training_CR
GOBP_RUFFLE_ASSEMBLY,0.4766658927327606,1,0.02838906066286904,-0.35830667070243005,-0.9761839683202492,11,COBL;CSPG4;CAV1;PFN1;RHOG;RAC1,GO:BP,Training_CR
GOBP_RUFFLE_ORGANIZATION,0.6215195847097688,1,0.024129168263775296,-0.29829965094689337,-0.8742976225903004,14,COBL;CSPG4;CAV1;CYFIP1;PFN1;RHOG;RAC1,GO:BP,Training_CR
GOBP_SARCOPLASMIC_RETICULUM_CALCIUM_ION_TRANSPORT,0.9255462184873949,1,0.013032939913770388,0.20790536821616593,0.6584799100710717,24,CAMK2D,GO:BP,Training_CR
GOBP_SCHWANN_CELL_DIFFERENTIATION,0.3731292517006803,1,0.02721679282255987,0.3533651658713415,1.0703086842494396,20,MAPK1;LAMA2;AKT1;AKT2;PLEC,GO:BP,Training_CR
GOBP_SECONDARY_ALCOHOL_METABOLIC_PROCESS,0.6276567829965888,1,0.02573311004416222,-0.23238409554667855,-0.9039968437285982,41,LIPE;ACADL;LSS;CES1;HMGCS2;IDH1,GO:BP,Training_CR
GOBP_SECONDARY_METABOLIC_PROCESS,0.7351257588898525,1,0.016824150103623304,0.30122192066596426,0.7948582517615478,12,BDH2;APPL1;AKR7A2,GO:BP,Training_CR
GOBP_SENSORY_ORGAN_MORPHOGENESIS,0.47276429662311215,1,0.0232182918027764,0.3231990624820219,0.9920886624471036,21,THY1;MYO6;MAPK1,GO:BP,Training_CR
GOBP_SENSORY_PERCEPTION_OF_LIGHT_STIMULUS,0.9998295260825094,1,0.012115419340202094,0.12381064959594584,0.36492763898862124,18,COL1A1;RABGGTA;OPA3;DNAJC19;EFEMP1;TGFBI;CLIC5;LUM;OPA1;LAMB2,GO:BP,Training_CR
GOBP_SEQUESTERING_OF_CALCIUM_ION,0.8442153493699885,1,0.01397701257073178,0.21736284767532527,0.7613575690944739,36,CAMK2D;THY1,GO:BP,Training_CR
GOBP_SHORT_CHAIN_FATTY_ACID_METABOLIC_PROCESS,0.942756183745583,1,0.013489689166087377,0.23838718810798665,0.59412924902961906,10,ACOT9,GO:BP,Training_CR
GOBP_SIGNAL_TRANSDUCTION_BY_P53_CLASS_MEDIATOR,0.8928630843453669,1,0.013405904726048131,0.20970719899514909,0.7172839719471057,33,MYO6;RPL11;CRADD;AKT1,GO:BP,Training_CR
GOBP_SIGNAL_TRANSDUCTION_IN_ABSENCE_OF_LIGAND,0.8284475281873374,1,0.015090283649152906,0.2735232770132761,0.7217676366387638,12,AKT1;PPP1CA;PPP2R1A,GO:BP,Training_CR
GOBP_SIGNAL_TRANSDUCTION_IN_RESPONSE_TO_DNA_DAMAGE,0.5005820721769499,1,0.021988021670566564,0.2967280723044243,0.9706370113562529,27,MYO6;CRADD;TIPRL;CUL4A;BABAM2;MAPK14,GO:BP,Training_CR
GOBP_SINGLE_FERTILIZATION,0.9903542324962581,1,0.011891974527757544,0.16240224109001672,0.5312393421524652,27,VDAC2;CCT5;SNU13;CCT7;CCT8;ALDOA;SLIRP;HEXB,GO:BP,Training_CR
GOBP_SISTER_CHROMATID_SEGREGATION,0.8252911813643927,1,0.01454464353916023,0.22659059347147123,0.7698464835552058,32,DRG1;PPP2R1A;TTN;KPNB1;EML4;DYNC1LI1;PPP1CC,GO:BP,Training_CR
GOBP_SKELETAL_MUSCLE_ADAPTATION,0.3655447605829285,1,0.027927464346523673,0.39154076386154174,1.0782130780174894,14,MYOZ1;IGFBP5;PPP3CA;CAMK2B;TNNI1;MYH7;TNNT1;TNNC1;ACTN3;CAMK2G,GO:BP,Training_CR
GOBP_SKELETAL_MUSCLE_CELL_DIFFERENTIATION,0.9926172898309121,1,0.017067576738030367,-0.16506028796352074,-0.4939844720168276,15,MYLK2;EMD;S100B,GO:BP,Training_CR
GOBP_SKELETAL_MUSCLE_ORGAN_DEVELOPMENT,0.6640415813513939,1,0.016900159953417586,0.23063135816435457,0.8862713210967799,56,MYOZ1;CSRP3;ACTA1;PLEC;DES;NLN;MAPK14;MYL3;YBX3;MTM1;VAMP5;DDX17;PPP3CA;MYOM1;SVIL;IGF2;BASP1;PRKAA1;PPIF,GO:BP,Training_CR
GOBP_SKELETAL_MUSCLE_TISSUE_REGENERATION,0.7591672581026733,1,0.020989954451870758,-0.27295799201213256,-0.7818823224868394,13,DAG1;CD81;GPX1;CD9;KPNA1;NACA;XIRP1,GO:BP,Training_CR
GOBP_SKELETAL_SYSTEM_MORPHOGENESIS,0.5066758747697975,1,0.0271612837153758,-0.359911842263048,-0.9529884288058915,10,MTHFD1;PRKRA,GO:BP,Training_CR
GOBP_SKIN_DEVELOPMENT,0.6752982990606753,1,0.023968524136896242,-0.23542520602411743,-0.8765333676311624,34,ASAH1;CSTA;ITGA6;STMN1;GNAS,GO:BP,Training_CR
GOBP_SKIN_EPIDERMIS_DEVELOPMENT,0.5818021201413428,1,0.020591942393633076,0.36395738901972574,0.907086206827178,10,IL18;PLEC;IGFBP5,GO:BP,Training_CR
GOBP_SMOOTH_MUSCLE_CELL_MIGRATION,0.6300141576215196,1,0.023907288677197405,-0.3130142260582838,-0.8721743939885296,12,GSTP1;NRP1;PRKG1,GO:BP,Training_CR
GOBP_SODIUM_ION_TRANSMEMBRANE_TRANSPORT,0.44296261014527266,1,0.030185923112140835,-0.33508160441728274,-1.0028160709207348,15,SCN1B;SLMAP;FXYD1,GO:BP,Training_CR
GOBP_SODIUM_ION_TRANSPORT,0.3926505614154474,1,0.02634151133717732,0.3381871702472398,1.0487675717025053,22,CAMK2D;SLC41A3;NDUFA9;AKT1;AHCYL1;YWHAH,GO:BP,Training_CR
GOBP_SPERMATID_DIFFERENTIATION,0.9858846434655634,1,0.01748508889982393,-0.1639141205615194,-0.5386160476859193,21,PRKG1;HMGB2;H3-3A;RAN;UBE2B;DYNLL1;AGFG1;PLN;HSPA2;PITHD1;NSUN2;PAFAH1B1;PRKACA;QKI;DLD;FXR1;BAX;DDX6;SLIRP;TUBA8;VDAC3,GO:BP,Training_CR
GOBP_SPHINGOLIPID_BIOSYNTHETIC_PROCESS,0.4574125230202578,1,0.0289763754722124,-0.37264381130154844,-0.9867006264743913,10,ASAH1;PRKCD,GO:BP,Training_CR
GOBP_SPINDLE_ASSEMBLY,0.7380116959064328,1,0.016221733704832927,0.25520623174034296,0.8172830510669371,25,DRG1;DYNC1H1;RPS3;PPP2R1A;KPNB1,GO:BP,Training_CR
GOBP_SPINDLE_ORGANIZATION,0.9273162939297125,1,0.019736734327001584,-0.17976720028290918,-0.7222207276741925,47,TACC2;RHOA;PTPA;STMN1;MAP4;DCTN2;CHMP3;NEK7;CHMP6;CLASP2;ABRAXAS2;VCP;TUBB;VPS4B;RAN,GO:BP,Training_CR
GOBP_SPLICEOSOMAL_COMPLEX_ASSEMBLY,0.7199724280544546,1,0.017032517584655706,0.2899945399762678,0.8135128187646056,15,SNRPB;PUF60,GO:BP,Training_CR
GOBP_SPROUTING_ANGIOGENESIS,0.5337214944201844,1,0.027169198883672845,-0.2903821865172729,-0.940006875370016,20,PACSIN2;RHOA;NRP1;RTN4;ITGB1;HMGB1,GO:BP,Training_CR
GOBP_STEM_CELL_PROLIFERATION,0.6140474100087796,1,0.019676016572965062,0.3439771554467107,0.883115382208291,11,XRCC5;ANG,GO:BP,Training_CR
GOBP_STEROL_BIOSYNTHETIC_PROCESS,0.5761396702230844,1,0.025846758461162987,-0.2746954024290849,-0.9178984922766962,22,LSS;CES1;HMGCS2;PRKAA2;IDI1;G6PD,GO:BP,Training_CR
GOBP_STEROL_HOMEOSTASIS,0.9183233532934132,1,0.018297970386556252,-0.2130070481072569,-0.6462548017108896,16,CES1;EHD1;CAV1;FABP4;AKR1C1;NPC2,GO:BP,Training_CR
GOBP_STEROL_TRANSPORT,0.9198798197295944,1,0.018933136892432773,-0.19459376569782275,-0.6962838428737543,29,SCP2;CES1;CD36;CAV1;NPC2;VPS4B;APOC1,GO:BP,Training_CR
GOBP_STRESS_ACTIVATED_PROTEIN_KINASE_SIGNALING_CASCADE,0.4520123839009288,1,0.029812315102338352,-0.33278209577892903,-0.9959342123305792,15,PRDX1;GSTP1;MAP3K20;CRYAB,GO:BP,Training_CR
GOBP_STRESS_FIBER_ASSEMBLY,0.9572237017310253,1,0.012402388803396192,0.1883284307679321,0.6269073647579402,29,SYNPO2L;MYL9;TPM1;RHOC;PAK2;DNM2,GO:BP,Training_CR
GOBP_STRIATED_MUSCLE_CELL_PROLIFERATION,0.8271178637200737,1,0.019267552140301947,-0.2755316769952527,-0.7295633794512605,10,YAP1;STAT3;RBP4;KPNA1;CAV2;MYH10;SUGT1,GO:BP,Training_CR
GOBP_STRIATED_MUSCLE_CONTRACTION,0.36483817049080686,1,0.025669630587903003,0.26059844842208474,1.0531883985369588,73,GAA;CAMK2D;SYNM;CSRP3;MYBPH;TNNT3;TPM1;TNNC2;TTN;TCAP;JUP;MYL4;MYL3;ATP1A1;MYH8;BIN1;MAP2K6;TNNI2;TNNI1;ALDOA;PGAM2;ACTC1;MYH7;CLIC2;TNNT1,GO:BP,Training_CR
GOBP_SUBSTANTIA_NIGRA_DEVELOPMENT,0.7505430242272347,1,0.01597733585840073,0.25272416254205654,0.809334369432083,25,NDUFS3;PADI2;YWHAH;ATP5PF;ATP5PB;BASP1;NDRG2;COX6B1;LDHA;GLUD1;YWHAQ,GO:BP,Training_CR
GOBP_SUBSTRATE_ADHESION_DEPENDENT_CELL_SPREADING,0.6910365548322484,1,0.02336941027732292,-0.2412288500157964,-0.8631507288976551,29,RHOA;NRP1;CRKL;P4HB;DMTN;VAMP3;LAMB1;FERMT2;RAC1;ILK;CDC42,GO:BP,Training_CR
GOBP_SULFUR_COMPOUND_CATABOLIC_PROCESS,0.5479063165365508,1,0.026282291075229322,-0.3240482591439788,-0.9282292985436731,13,GGT5;MPST;GNS;TST,GO:BP,Training_CR
GOBP_SYNAPSE_ASSEMBLY,0.73095703125,1,0.022071919654315122,-0.24159539238526556,-0.8166627070847099,23,MAP1B;CAPRIN1,GO:BP,Training_CR
GOBP_SYNAPTIC_VESICLE_RECYCLING,0.7641776151671379,1,0.015648855242256596,0.24618205741194982,0.8052942702728757,27,CTBP1;ARF6;CAPN2;AP2M1;DNM2;AP2B1;BIN1;ARPC3;AP2A2;AP2A1;PLAA,GO:BP,Training_CR
GOBP_TAXIS,0.6978037253266611,1,0.024925276035585742,-0.20793441552671768,-0.8794489924835426,60,STX4;TUBB2B;CD74;GSTP1;RHOA;NRP1;PRKCD;OXSR1;HMGB1;CRKL;S100A9;DDT;HMGB2;PPIA;S100A4;CTTN;S100A8;RHOG;PRKCQ;ITGA1;TYMP;RALA;RAC1,GO:BP,Training_CR
GOBP_TELENCEPHALON_DEVELOPMENT,0.5757806549885758,1,0.026641828884932578,-0.24760611599635915,-0.929740286550171,35,TACC2;TUBB2B;RHOA;YWHAE;RTN4;CFL1;CRKL,GO:BP,Training_CR
GOBP_TELOMERE_MAINTENANCE_VIA_TELOMERE_LENGTHENING,0.4576530612244898,1,0.023779672483264055,0.33111097339939877,1.0029029018912794,20,XRCC5;HSP90AB1;CCT5;CCT6A;CCT7;CCT8,GO:BP,Training_CR
GOBP_TEMPERATURE_HOMEOSTASIS,0.6720941883767535,1,0.02382813301329886,-0.23772506724705683,-0.8741081516704459,32,ACADL;HADH;ALDH1A1;GNAS;CD36;LAMA4;CAV1;FABP4;FABP5;GPX1;STAT3;ACSL1;PLCL1,GO:BP,Training_CR
GOBP_TETRAPYRROLE_BIOSYNTHETIC_PROCESS,0.9136289760854424,1,0.01791307351397961,-0.23898227326391364,-0.651092159170843,11,UROD;FXN;ATP5IF1,GO:BP,Training_CR
GOBP_TETRAPYRROLE_METABOLIC_PROCESS,0.7944053543847606,1,0.015542166187139963,0.2652129132360074,0.7564935127498595,16,BDH2;SUCLA2;TSPO,GO:BP,Training_CR
GOBP_THIOESTER_BIOSYNTHETIC_PROCESS,0.6913021618903972,1,0.023428029876374417,-0.2425814931555542,-0.8594065380515996,28,FASN;ACSS2;ACSL4;PGK1;CBR4,GO:BP,Training_CR
GOBP_TIGHT_JUNCTION_ORGANIZATION,0.6702370500438981,1,0.018363936698650978,0.3286501322586415,0.8437652982666147,11,PLEC;PAK2;ARL2,GO:BP,Training_CR
GOBP_TISSUE_HOMEOSTASIS,0.6331556232546331,1,0.02503180688733822,-0.24144995912949238,-0.8989646833674205,34,SOD1;RAB7A;ALDH1A1;ITGB1;TPP1;YAP1;VCL;ESAM;RBP4;CD38;NT5E;PTPN11;RAC1,GO:BP,Training_CR
GOBP_TISSUE_MIGRATION,0.8258108803844174,1,0.01498184400640426,0.2568505752126211,0.7326407734962329,16,ARF6;ACTA1;CTSH;ACTC1;CORO1A,GO:BP,Training_CR
GOBP_TISSUE_REGENERATION,0.8584431137724551,1,0.0193052751140165,-0.23351028925273054,-0.7084608092521357,16,DAG1;CD81;YAP1;GPX1;CD9;KPNA1;NACA;XIRP1,GO:BP,Training_CR
GOBP_TISSUE_REMODELING,0.3537333787930447,1,0.028199018407186534,0.36847386335484006,1.0860640617097665,18,IL18;GPNMB;BGN;THBS4;IGFBP5;AGT;PPP3CA,GO:BP,Training_CR
GOBP_TORC1_SIGNALING,0.34820757081975434,1,0.03592880225441394,-0.30307846522317483,-1.0644760159292312,27,SESN1;UBE3A;UBE2D1;UBE2N;PRKAA2,GO:BP,Training_CR
GOBP_TRANSFORMING_GROWTH_FACTOR_BETA_RECEPTOR_SIGNALING_PATHWAY,0.7014679201715323,1,0.016772581036692994,0.24738415796826307,0.8538217178407517,34,USP9X;HSP90AB1;APPL1;FNTA;ASPN,GO:BP,Training_CR
GOBP_TRANSLATIONAL_ELONGATION,0.8917293233082707,1,0.013486979416744965,0.21779443813393862,0.6974739671898712,25,ABCE1;TSFM;EEF1G;SARS1;GCN1;RACK1;EEF1B2,GO:BP,Training_CR
GOBP_TRICARBOXYLIC_ACID_METABOLIC_PROCESS,0.6516912402428447,1,0.0185995925513025,0.32652556822735146,0.861629000116673,12,IDH3B;IDH3A;IDH2;ACO2;IDH3G;CS;GLUD1;ACACB;ACLY,GO:BP,Training_CR
GOBP_TRIGLYCERIDE_METABOLIC_PROCESS,0.6887433284813197,1,0.02291587200469536,-0.26187506456642945,-0.847725420532185,20,LIPE;CPT1A;CAT;CAV1;GPX1;ACSL1;APOC1;PTPN11;SLC27A1,GO:BP,Training_CR
GOBP_TUMOR_NECROSIS_FACTOR_MEDIATED_SIGNALING_PATHWAY,0.47004921092821994,1,0.023311068185423684,0.32384374859857357,0.9940675846078185,21,TXNDC17;CPNE1;UBE2K;MAPK14;ANXA4;PPP2CB,GO:BP,Training_CR
GOBP_TUMOR_NECROSIS_FACTOR_SUPERFAMILY_CYTOKINE_PRODUCTION,0.9168311944718658,1,0.018767252055943814,-0.1991782883157357,-0.6813424922334043,24,GSTP1;CD36;HMGB1;DDT;PARK7;STAT3;PTPN11;LTF;MAPKAPK2,GO:BP,Training_CR
GOBP_TYPE_2_MITOPHAGY,0.907773851590106,1,0.014035888126130382,0.2580850123977146,0.6432218770590754,10,HK2;OPTN;VDAC1;CDC37;MFN2;HTRA2,GO:BP,Training_CR
GOBP_TYPE_II_INTERFERON_PRODUCTION,0.5935030728709394,1,0.02019292573832928,0.35073953524561713,0.9004768887100624,11,IL18;CD276;PYCARD;HSPD1;C1QBP;HLA-A,GO:BP,Training_CR
GOBP_TYPE_I_INTERFERON_PRODUCTION,0.845546218487395,1,0.01433957561135743,0.23365155317377012,0.7400234781906281,24,UFD1;DHX9;DDX3X;GAPDH;TOMM70,GO:BP,Training_CR
GOBP_T_CELL_HOMEOSTASIS,0.9313996316758748,1,0.017503240504604636,-0.23271208578831407,-0.6161840177447157,10,STAT5B;PPP3CB,GO:BP,Training_CR
GOBP_T_CELL_MEDIATED_IMMUNITY,0.46337308347529815,1,0.029754270354770764,-0.30133049100143733,-0.9901614183967604,21,HLA-DRA;USP5;CD81;PPP3CB;HMGB1;B2M;HPRT1;YWHAG;CTSC;HLA-B,GO:BP,Training_CR
GOBP_T_CELL_PROLIFERATION,0.8097536617842876,1,0.014823715940206102,0.2323862731126688,0.7735670365272795,29,IL18;CTPS1;RPS3;GPNMB,GO:BP,Training_CR
GOBP_T_CELL_RECEPTOR_SIGNALING_PATHWAY,0.42551020408163265,1,0.024978427906915714,0.33889692089047674,1.0264857788119917,20,THY1;MAPK1;EIF2B3;RPS3,GO:BP,Training_CR
GOBP_UBIQUINONE_METABOLIC_PROCESS,0.39169611307420493,1,0.027035301859074296,0.4244379118658083,1.0578210173035882,10,NDUFA9;FDXR;COQ7;COQ9;COQ8A,GO:BP,Training_CR
GOBP_UBIQUITIN_DEPENDENT_PROTEIN_CATABOLIC_PROCESS_VIA_THE_MULTIVESICULAR_BODY_SORTING_PATHWAY,0.9923481587757054,1,0.0171309262252782,-0.15971262102731443,-0.49170776465371874,17,RNF126;CHMP3;CHMP6;VPS4B;HGS,GO:BP,Training_CR
GOBP_VACUOLAR_LOCALIZATION,0.6719081272084806,1,0.01841852528175182,0.3371945357734881,0.8403855001857025,10,S100A13,GO:BP,Training_CR
GOBP_VACUOLAR_TRANSPORT,0.5311289072591062,1,0.028362981829244013,-0.25019862860822584,-0.9553282070109126,38,RAB12;RAB7A;PSAP;PLEKHF1;CHMP3;AP1G1;CHMP6;VCP;SCARB2;VPS4B;HGS;LAMP2;CHMP2A;HSPA1A;ATP6V0D1;VPS13C,GO:BP,Training_CR
GOBP_VACUOLE_ORGANIZATION,0.984664536741214,1,0.011382715477455802,0.16160182958448693,0.6065308920590746,50,GAA;IRGQ;ATG7;STBD1;VPS35;SCFD1;MTM1;PIP4K2B;CHMP4B;RAB23;CORO1A;LAMP1;HEXB;GABARAPL2,GO:BP,Training_CR
GOBP_VASCULAR_ASSOCIATED_SMOOTH_MUSCLE_CELL_PROLIFERATION,0.98438855160451,1,0.012596304139167352,0.19132396138782837,0.5048617614966509,12,TPM1;IGFBP5;NDRG2;CNN1;MFN2,GO:BP,Training_CR
GOBP_VASCULAR_TRANSPORT,0.5936762623879188,1,0.024885560085374254,-0.3207312298712924,-0.8936768451990528,12,SLC1A4;CD36;ATP2A3;FABP5,GO:BP,Training_CR
GOBP_VESICLE_BUDDING_FROM_MEMBRANE,0.5188019966722129,1,0.02143627564622129,0.2818509340455957,0.9575946959557748,32,TRAPPC3;MYO18A;PREB;AP2M1;VAPB;SEC23A;SEC24C;DNM2;SEC31A;SEC13;CHMP4B,GO:BP,Training_CR
GOBP_VESICLE_CARGO_LOADING,0.8575138504155124,1,0.014565020881225726,0.2598724090751108,0.7013395731012231,13,SEC23A;SEC24C;SEC31A;SEC13;PICALM,GO:BP,Training_CR
GOBP_VESICLE_COATING,0.8938162544169611,1,0.014259495943537221,0.265047384513241,0.6605741053784457,10,TRAPPC3;PREB,GO:BP,Training_CR
GOBP_VESICLE_LOCALIZATION,0.6530773277222515,1,0.02510557716959221,-0.22568786874347604,-0.8881622061393932,43,RAB7A;PDCD6;TMED2;SDCBP;DCTN2;SAR1A;CHMP3;AP1G1;FYCO1;CHMP6;CLASP2;MYO1C;VPS4B;CUL3;YKT6;HGS,GO:BP,Training_CR
GOBP_VESICLE_MEDIATED_TRANSPORT_BETWEEN_ENDOSOMAL_COMPARTMENTS,0.9580838323353293,1,0.017671468582145054,-0.19538116649488654,-0.592778587061662,16,RAB7A;SNX12,GO:BP,Training_CR
GOBP_VESICLE_MEDIATED_TRANSPORT_IN_SYNAPSE,0.8036369436911788,1,0.014319514337542376,0.21429416013246133,0.802036327848219,49,CTBP1;ARF6;CAPN2;AP2M1;VPS35;DNM2;AP2B1;BIN1;PPP3CA;ATAD1;ARPC3;ATP6V1E1;STXBP3;PLS3;AP2A2;AP2A1;PLAA;RAP1A,GO:BP,Training_CR
GOBP_VESICLE_MEDIATED_TRANSPORT_TO_THE_PLASMA_MEMBRANE,0.6747862140450894,1,0.02431715128389864,-0.23091671985011106,-0.876756419919791,37,RAB12;EIPR1;RAB7A;VAMP2;SNX12;RAB10;EHD1;EHD2,GO:BP,Training_CR
GOBP_VESICLE_ORGANIZATION,0.9846938775510204,1,0.02064801442453376,-0.15171751831004268,-0.6986324060420372,93,RAB5B;RAB2A;RAB7A;VAMP2;STX4;PDCD6;PLEKHF1;TMED2;SDCBP;ATP6V1H;CAV1;SAR1A;CHMP3;AP1G1;CHMP6;VAMP3;SCARB2;VPS4B;TBC1D4;CUL3;HGS,GO:BP,Training_CR
GOBP_VESICLE_TARGETING,0.7798489853704578,1,0.020536126168808393,-0.2762621450433233,-0.7697693870637902,12,PDCD6;TMED2;SAR1A;CLASP2;CUL3;YKT6,GO:BP,Training_CR
GOBP_VESICLE_TARGETING_TO_FROM_OR_WITHIN_GOLGI,0.8938162544169611,1,0.014259495943537221,0.265047384513241,0.6605741053784457,10,TRAPPC3;PREB,GO:BP,Training_CR
GOBP_VIRAL_BUDDING,0.6155096354771302,1,0.024023896252328328,-0.32298559011575095,-0.8799539077833666,11,CHMP3;CHMP6;VPS4B;CHMP2A;VPS37C;VPS4A;TSG101,GO:BP,Training_CR
GOBP_VIRAL_GENE_EXPRESSION,0.520617681995588,1,0.021688623690350583,0.3120167283171929,0.9577634795105384,21,MOGS;DHX9;MCTS1;CSDE1;PCBP2;EIF3B,GO:BP,Training_CR
GOBP_VIRAL_GENOME_REPLICATION,0.4438655462184874,1,0.024085712587806472,0.3190877915763186,1.0106179657828265,24,CTBP1;PABPC1;VAPB;DDX3X;ILF3;PPIB;PCBP2;DDB1,GO:BP,Training_CR
GOBP_VIRAL_PROCESS,0.48602673147023084,1,0.03306260309770196,-0.21305921062600083,-0.9858517308600167,96,DAG1;PC;LGALS1;RAB7A;PAIP1;RAB1B;CD74;NRP1;DEK;CD81;ITGB1;RAD23A;RPSA;HMGB1;CFL1;KPNA6;PSMC3;CAV1;GSK3A;CHMP3;P4HB;CHMP6;PPIA;VCP;SPCS1;SCARB2;VPS4B;CSNK2B;RAN;DENR;EPS15;STAT1;EEF1A1;TRIM28;LTF;IFITM1,GO:BP,Training_CR
GOBP_VIRAL_TRANSLATION,0.44856895056374674,1,0.02443132297010355,0.3835288521001907,1.0120481013018008,12,MCTS1;CSDE1;PCBP2;EIF3B;SSB,GO:BP,Training_CR
GOBP_WNT_SIGNALING_PATHWAY,0.46853146853146854,1,0.03141706917943251,-0.24282885916209704,-0.9921077424531778,51,GNAQ;PIN1;RHOA;PRKAA2;MESD;EPM2A;PPM1B;EMD;CAV1;GSK3A;YAP1;NXN;PPP2R3A;VCP;VPS4B;CSNK2B;CUL3;KPNA1;FERMT2;UBE2B;RAC1;ILK;CDC42;PFDN5,GO:BP,Training_CR
GOBP_WOUND_HEALING,0.4017857142857143,1,0.03724786576248341,-0.22045526726898468,-1.0218454390052312,98,DAG1;MYLK;GNAQ;RHOA;VWF;PRKCD;MCAM;GNAS;ITGB1;CD36;PROS1;HMGB1;HBB;PRKG1;CAV1;CHMP3;GNA13;YAP1;CHMP6;CLASP2;CSRP1;VCL;PPIA;GPX1;KRT1;DMTN;CD9;VPS4B;PRDX2;PAK1;PRKCQ;AHNAK;FERMT2;ANXA5,GO:BP,Training_CR
GOBP_ZYMOGEN_ACTIVATION,0.6689688020957371,1,0.023086138883826976,-0.28292941656726234,-0.8467375174572367,15,ENO1;PGK1,GO:BP,Training_CR
HALLMARK_OXIDATIVE_PHOSPHORYLATION,2.8804607097026322e-19,1.2097934980751055e-17,1.133089932009015,-0.5319644276614711,-2.9496942816293905,158,NDUFA4;SDHC;MFN2;SLC25A3;HADHA;HADHB;NNT;MAOB;ATP5F1D;SLC25A11;DLAT;PDHX;ATP1B1;AIFM1;SLC25A6;ACADVL;SDHD;DLD;TIMM50;PDHB;ETFDH;ATP5PD;SLC25A20;DLST;PDHA1;LRPPRC;NDUFB5;SUPV3L1;FH;OPA1;SDHA;MRPL15;SUCLA2;ATP5F1C;ACADSB;SDHB;UQCRQ;PRDX3;COX11;CPT1A;OGDH;ACAT1;SUCLG1;AFG3L2;NDUFB4;ECH1;IDH2;ATP5MF;VDAC1;IDH3A;ATP5PO;HSD17B10;ATP5MG;ATP5ME;NDUFS6;NDUFA2;UQCRB;ACAA1;COX7C;NDUFA8;NDUFB3;IDH3G;ECI1;MDH2;NDUFS4;ACO2;IDH3B;NDUFV2;VDAC3;NDUFS3;NDUFS8;GOT2;ACADM;IMMT;FXN;NDUFB1;COX5A;MGST3;UQCRC2;SLC25A4;COX4I1;VDAC2;HSPA9;NDUFB7;CYC1;TIMM13;NDUFV1;SLC25A5;NDUFA9;NDUFA6;ATP5PF;SURF1;ETFB;ATP5PB;NDUFS1;UQCR10;CS;SLC25A12;PHB2;NDUFS2;COX5B;ATP5F1A;UQCRC1;NDUFA3;NDUFA7;NDUFA5;COX7A2;HCCS,Hallmark,Cancer_vs_Healthy
HALLMARK_COAGULATION,2.7101654566411964e-11,5.691347458946513e-10,0.8634153916066928,0.6994233703814453,2.606543192706908,47,CFH;CLU;SERPING1;APOC2;C3;A2M;CFB;CFI;CSRP1;TF;CRIP2;FN1;SPARC;SERPINA1;ANXA1;GSN;FBN1;C8G;GNG12;CD9;COMP;GNB2;C1S;APOC1;RGN;VWF;C1R;CTSB;THBS1;S100A13;PROS1;KLKB1;C2;CTSH;PECAM1,Hallmark,Cancer_vs_Healthy
HALLMARK_HEME_METABOLISM,8.572955277590776e-10,1.2002137388627087e-8,0.8012155746177786,0.6091348292145949,2.4178581196364717,67,SNCA;CAT;C3;SLC2A1;BPGM;UROD;ADD1;ANK1;EPB41;HBB;FBXO7;SPTB;ALAD;CA2;PRDX2;BLVRB;HEBP1;GCLC;PGLS;SELENBP1;TNS1;MPP1;CAST;BLVRA;PICALM;DCUN1D1;PSMD9;GCLM;GYPC;SDCBP;HMBS,Hallmark,Cancer_vs_Healthy
HALLMARK_COMPLEMENT,9.631381171900556e-8,1.0112950230495584e-6,0.7049757151672383,0.5878532458703445,2.284464107778625,59,CFH;CLU;SERPING1;CP;C3;CFB;GNAI3;CSRP1;S100A9;FN1;SERPINA1;CA2;EHD1;GNAI2;C1QC;CTSD;LGALS3;ANXA5;CD36;RHOG;GNB2;C1S;CALM1;GNG2;APOC1;C1R;CTSB;S100A13;KLKB1;C2;PFN1;CTSH;USP14;USP15;LTF;COL4A2;LGMN;GMFB;CTSL,Hallmark,Cancer_vs_Healthy
HALLMARK_EPITHELIAL_MESENCHYMAL_TRANSITION,6.212567382424981e-7,5.2185566012369845e-6,0.6594443980379349,0.5894516021240943,2.2348430799245245,51,FBLN1;TAGLN;FN1;THY1;SPARC;LGALS1;FLNA;TPM4;FBLN2;VIM;LUM;FBN1;COL6A2;CALD1;DCN;PPIB;BGN;COMP;ITGB1;TGFBI;LAMC1;MYL9;CAPG;COL6A3;THBS1;CD44;FERMT2,Hallmark,Cancer_vs_Healthy
HALLMARK_APICAL_JUNCTION,2.153111026136351e-6,1.5071777182954455e-5,0.6272567397185284,0.5751627158059879,2.170586355964225,50,FSCN1;THY1;CAP1;EPB41L2;MSN;FBN1;GNAI2;ACTN4;MYL12B;PARVA;ZYX;MYH9;CD34;CTNNA1;RRAS;ACTB;ITGB1;RSU1;TGFBI;CNN2;MYL9;MYH10;GNAI1;VWF;VCL;YWHAH;ARPC2;PFN1;PECAM1;ACTN1;VASP;HADH;ACTN3;ACTC1,Hallmark,Cancer_vs_Healthy
HALLMARK_KRAS_SIGNALING_UP,1.092083454380103e-5,6.552500726280618e-5,0.5933254763964051,0.6908537948228604,2.202151207948118,23,CFH;SERPINA3;CFB;RBP4;BPGM;AKAP12;CA2;LCP1;APOD;F13A1;GYPC;PPBP,Hallmark,Cancer_vs_Healthy
HALLMARK_XENOBIOTIC_METABOLISM,2.553550694228102e-4,0.0013406141144697535,0.49849310876659025,0.47175367998088197,1.8639034974245838,65,ITIH4;CAT;FBLN1;APOE;CFB;RBP4;HPRT1;FAH;DDAH2;CA2;PGD;BLVRB;GCLC;AKR1C3;AKR1C2;ADH1C;DDT;RETSAT;IDH1;CD36;CYB5A;CBR1;GSS;AOX1;ALDH2;PTGDS;PROS1;MAOA;CNDP2;TKFC;GSTO1;ADH5;EPHX1,Hallmark,Cancer_vs_Healthy
HALLMARK_IL2_STAT5_SIGNALING,3.590268130134865e-4,0.0016754584607296037,0.49849310876659025,0.5373122545782842,1.9147206994316968,38,PNP;FAH;CA2;CD81;MYO1C;ANXA4;NDRG1;GLIPR2;AHNAK;COL6A1;CYFIP1;CTSZ;CAPG;CD44;NRP1;TGM2;RNH1;SNX9;GSTO1;ITGA6,Hallmark,Cancer_vs_Healthy
HALLMARK_APOPTOSIS,5.391673488090439e-4,0.0022645028649979845,0.47727081536286214,0.5269488964744279,1.906817951890418,41,CLU;ADD1;SOD1;GPX3;ANXA1;PEA15;SPTAN1;GSN;LUM;CAV1;DCN;LGALS3;RETSAT;BGN,Hallmark,Cancer_vs_Healthy
HALLMARK_INTERFERON_GAMMA_RESPONSE,0.002070152205067107,0.007904217510256228,0.4317076958033464,0.5140958820582275,1.8095097000892155,36,CFH;PNP;SERPING1;CFB;BPGM;SRI;LGALS3BP;B2M;HLA-B;PSME2;C1S;PSME1;C1R;SAMHD1;SOD2;MVP;HLA-A,Hallmark,Cancer_vs_Healthy
HALLMARK_INTERFERON_ALPHA_RESPONSE,0.00594679186228482,0.02081377151799687,0.23514199556110812,0.6193580564902808,1.7653989871378877,15,LGALS3BP;B2M;IFITM1;PSME2;C1S;CNP;PSME1,Hallmark,Cancer_vs_Healthy
HALLMARK_REACTIVE_OXYGEN_SPECIES_PATHWAY,0.010050983248361253,0.03247240741778251,0.17371321926215616,0.5044441923921834,1.6658826679978156,27,CAT;SOD1;GPX3;PRDX2;GCLC;TXN;GCLM;PTPA;MGST1;G6PD;SOD2;PRDX6;PDLIM1;PRDX1,Hallmark,Cancer_vs_Healthy
HALLMARK_ESTROGEN_RESPONSE_LATE,0.017988100179881002,0.05036668050366681,0.1259529316386221,0.4313295330712561,1.560809600975597,41,SERPINA3;S100A9;HPRT1;SERPINA1;CA2;BLVRB;CD9;CAV1;ATP2B4;SORD,Hallmark,Cancer_vs_Healthy
HALLMARK_PROTEIN_SECRETION,0.017271623262717584,0.05036668050366681,0.12694980276989196,0.41361159432967,1.5552676581950573,49,SOD1;ATP6V1H;STAM;CAV2;ARFIP1;GNAS;ARF1;SEC22B;CLTC;AP3B1;SNAP23;RAB14;AP2B1;SNX2;STX7;COPE;NAPA;CD63;ADAM10;AP2M1;PPT1;SEC31A;TMED2;AP1G1;SCAMP3;CLTA;LAMP2;VAMP3;CTSC,Hallmark,Cancer_vs_Healthy
HALLMARK_MITOTIC_SPINDLE,0.023661270236612703,0.06211083437110835,0.10954123067857044,0.42262623806990185,1.5293158465333465,41,FSCN1;MARCKS;EPB41;CTTN;SPTBN1;FLNA;EPB41L2;SPTAN1;GSN;ACTN4;MYH9;ARHGDIA;MYH10;VCL;MAPRE1;CDC42,Hallmark,Cancer_vs_Healthy
HALLMARK_ANDROGEN_RESPONSE,0.03518728717366629,0.07827973739846446,0.09056176736605151,0.4312800337753561,1.4995653491397942,34,GNAI3;AZGP1;AKAP12;B2M;NDRG1;STEAP4;SORD;DBI;PA2G4,Hallmark,Cancer_vs_Healthy
HALLMARK_CHOLESTEROL_HOMEOSTASIS,0.033580396309181665,0.07827973739846446,0.09585696237894661,0.4961465054112819,1.5450723085663711,21,CLU;S100A11;ACAT2;CD9;LGALS3;ANXA5;FABP5;GNAI1;FASN;NIBAN1,Hallmark,Cancer_vs_Healthy
HALLMARK_HYPOXIA,0.0354122621564482,0.07827973739846446,0.08702116448082649,0.3752785782751782,1.4583749405322193,59,CP;LXN;SLC2A1;S100A4;PGM2;AKAP12;HDLBP;ANXA2;SELENBP1;CAV1;DCN;CAVIN1;NDRG1;MYH9;BGN,Hallmark,Cancer_vs_Healthy
HALLMARK_INFLAMMATORY_RESPONSE,0.045551718467357345,0.09135987978963185,0.08555361119423137,0.6036549740184385,1.5409813203042415,10,GNAI3;SRI;IFITM1;RHOG,Hallmark,Cancer_vs_Healthy
HALLMARK_UV_RESPONSE_DN,0.045679939894815925,0.09135987978963185,0.08154603126573544,0.4766853162276611,1.5049408793127133,22,SRI;EFEMP1;ANXA2;CAV1;MGLL;ANXA4;ATP2B4;LAMC1;MAP1B;NRP1,Hallmark,Cancer_vs_Healthy
HALLMARK_P53_PATHWAY,0.11098299221677717,0.21187662150475642,0.04996705025811024,0.3932346286954041,1.3386585998944898,31,S100A4;STOM;CD81;S100A10;NDRG1;CTSD;RETSAT;HINT1;LDHB,Hallmark,Cancer_vs_Healthy
HALLMARK_FATTY_ACID_METABOLISM,0.12813522355507087,0.23398606040491202,0.09310012870111214,-0.22828882136265816,-1.1810862480085829,101,SDHC;HADHB;ECI2;CPT2;ACADVL;SDHD;DLD;HSDL2;PDHB;ETFDH;CRAT;DLST;PDHA1;FH;SDHA;SUCLA2;HSD17B4;CPT1A;SUCLG1;ECH1;HSD17B10;AUH;ACAA1;ENO3;IDH3G;ECI1;MDH2;GCDH;ACO2;IDH3B;GPD2;ME1;SMS,Hallmark,Cancer_vs_Healthy
HALLMARK_ADIPOGENESIS,0.18036529680365296,0.3156392694063927,0.034336429712643037,0.27408747665208155,1.185506772676665,115,CAT;C3;APOE;STOM;ORM1;SOD1;TKT;GPX3;FAH;CAVIN2;MGLL;FABP4;CAVIN1;ACADL;TALDO1;SNCG;DDT;RETSAT;CMPK1;SULT1A1;IDH1;CD36;ESYT1;SORBS1,Hallmark,Cancer_vs_Healthy
HALLMARK_PI3K_AKT_MTOR_SIGNALING,0.22126834671836057,0.37173082248684575,0.033087230871802445,0.33142285803473176,1.1944413732862826,40,SLC2A1;ACTR2;ACTR3;ARF1;ARHGDIA;CFL1;PTPN11;ARPC3;HSP90B1;CLTC;YWHAB;CALR,Hallmark,Cancer_vs_Healthy
HALLMARK_KRAS_SIGNALING_DN,0.23705501618122976,0.3829350261389096,0.04648767296280473,-0.3800133600843382,-1.1779158709359832,14,COQ8A;RYR1;CACNG1;MYH7;GAMT,Hallmark,Cancer_vs_Healthy
HALLMARK_GLYCOLYSIS,0.2577544219430915,0.4009513230225868,0.028759744749294113,0.28344722138107514,1.1395193537417558,72,SOD1;PGM2;PYGL;GCLC;HDLBP;PGLS;DCN;PPIA;TALDO1;TXN;PGAM1;IDH1;TGFBI;PMM2;LHPP;CYB5A;G6PD;PGK1;CD44;STMN1;ENO1,Hallmark,Cancer_vs_Healthy
HALLMARK_BILE_ACID_METABOLISM,0.33437129300118623,0.49338452046342635,0.026740979054125046,0.34159572331239396,1.0990051613220577,24,CAT;TTR;SOD1;RETSAT;IDH1;GCLM,Hallmark,Cancer_vs_Healthy
HALLMARK_DNA_REPAIR,0.3406702641295087,0.49338452046342635,0.025683709494435294,0.31235254811688007,1.0919561293880413,35,PNP;HPRT1;NME1;GUK1;BOLA2;SDCBP;DUT;ALYREF;GMPR2;BCAP31,Hallmark,Cancer_vs_Healthy
HALLMARK_TNFA_SIGNALING_VIA_NFKB,0.4445643793369314,0.6223901310717039,0.022670338913771557,0.34329535972034353,1.0123584082473371,17,MARCKS;EHD1;CD44;TUBB2A;SOD2;DNAJB4,Hallmark,Cancer_vs_Healthy
HALLMARK_MYC_TARGETS_V1,0.4726890756302521,0.6404174573055028,0.05364390290624236,-0.18290187694657606,-0.9906911982171008,135,RPS2;EIF3B;EPRS1;KARS1;SLC25A3;EIF3J;RPS3;AIMP2;IMPDH2;GSPT1;EIF2S1;COPS5;PABPC4;PSMD3;EIF3D;C1QBP;PRDX3;IARS1;ETF1;VDAC1;PSMD1;CUL1;PCBP1;EIF2S2;PSMD7;VDAC3;MRPS18B;PSMA1;GOT2;PSMC4;TUFM;COX5A;HDDC2;CNBP;PSMD8;CYC1;TRIM28,Hallmark,Cancer_vs_Healthy
HALLMARK_E2F_TARGETS,0.5338129496402878,0.682412914188615,0.034567121849770156,-0.2250403544426008,-0.9517585039353433,40,CSE1L;GSPT1;EIF2S1;PRKDC;IPO7;SNRPB,Hallmark,Cancer_vs_Healthy
HALLMARK_MYC_TARGETS_V2,0.5361815754339119,0.682412914188615,0.028786628676746216,-0.30851468779411656,-0.9295567744448537,13,AIMP2;SUPV3L1;FARSA,Hallmark,Cancer_vs_Healthy
HALLMARK_ALLOGRAFT_REJECTION,0.6585471317382531,0.7475399873785575,0.0157310150456902,0.2544584879418834,0.8662335876411376,31,THY1;NME1;FLNA;B2M;HLA-DRA;EIF5A;CAPG,Hallmark,Cancer_vs_Healthy
HALLMARK_ESTROGEN_RESPONSE_EARLY,0.6220302375809935,0.7475399873785575,0.028715060479294525,-0.24179010395819828,-0.8954974769302972,25,ENDOD1;MAPT;AKAP1;MYOF;SLC16A1,Hallmark,Cancer_vs_Healthy
HALLMARK_MTORC1_SIGNALING,0.638130381303813,0.7475399873785575,0.01389608802971301,0.21508682273098814,0.9064713553525828,97,PNP;SLC2A1;RAB1A;HPRT1;GCLC;CD9;ACTR2;PHGDH;PPIA;SORD;ACTR3;IDH1;UFM1;HMBS;HSP90B1;G6PD;CALR;PGK1;PPA1;ENO1;NIBAN1;ACLY;RDH11;GAPDH,Hallmark,Cancer_vs_Healthy
HALLMARK_SPERMATOGENESIS,0.6476510067114094,0.7475399873785575,0.02493190766138743,-0.28965660069274257,-0.8553922885811239,12,PRKAR2A;HSPA2;VDAC3;GSTM3;TSN;IDE,Hallmark,Cancer_vs_Healthy
HALLMARK_PEROXISOME,0.7784488675360329,0.8603908535924575,0.012606570346577745,0.21743226873169022,0.7947222526656422,43,CAT;TTR;SOD1;ALB,Hallmark,Cancer_vs_Healthy
HALLMARK_G2M_CHECKPOINT,0.8395396073121192,0.8815165876777252,0.025125772087930064,-0.19094018100627458,-0.7721243095928543,34,CUL5;GSPT1;PRMT5;CUL4A;MAPK14;CUL1;CUL3;PAFAH1B1;DMD,Hallmark,Cancer_vs_Healthy
HALLMARK_MYOGENESIS,0.8241545893719807,0.8815165876777252,0.00984393393758485,0.1877899740901612,0.8077434140190443,111,CLU;TAGLN;SPARC;GPX3;SOD3;SPTAN1;GSN;APOD;COL6A2;MYO1C;MYH9;CD36;ITGB1;CNN3;SORBS1,Hallmark,Cancer_vs_Healthy
HALLMARK_UNFOLDED_PROTEIN_RESPONSE,0.8930701505254189,0.9148523493187218,0.01108393912990471,0.19886711915192845,0.6952213804589573,35,HSP90B1;YWHAZ;FUS;RPS14;CALR;TUBB2A;PDIA6;SPCS1;HYOU1;TARS1;KHSRP;HSPA5;SEC31A;PAIP1,Hallmark,Cancer_vs_Healthy
HALLMARK_UV_RESPONSE_UP,0.9466448890703688,0.9466448890703688,0.009547632075394427,0.17549518328529218,0.6540184310622295,47,UROD;GPX3;CA2;APOM;SULT1A1;DNAJB1;CNP;MAOA;SOD2;EPHX1;AGO2;RPN1;TARS1,Hallmark,Cancer_vs_Healthy
HALLMARK_OXIDATIVE_PHOSPHORYLATION,1.9753724157260697e-10,8.4941013876221e-9,0.826657301178302,0.4904814392963023,2.2225972290595024,156,NDUFB1;NDUFA9;SLC25A3;NDUFS3;CYC1;ATP5F1D;UQCRQ;BDH2;PMPCA;SLC25A4;PDP1;COX5A;FH;UQCR11;NDUFB5;VDAC2;NDUFB4;IDH3B;NDUFA8;COX5B;IDH3A;NDUFB3;UQCRC2;COX4I1;NDUFS1;GOT2;NNT;COX6C;PDHB;ECH1;NDUFAB1;NDUFV1;NDUFV2;NDUFA2;SLC25A6;NDUFS4;IDH2;ATP5F1C;SLC25A20;ATP5MG;SLC25A11;MDH2;LRPPRC;HADHA;ATP5PO;SUCLA2;PRDX3;DLST;UQCRC1;HADHB;UQCRH;ACO2;PDHA1;NDUFS2;VDAC3;ATP5PF;TOMM70;UQCRB;TOMM22;DLAT;ATP5PD;NDUFA6;GRPEL1;ATP5PB;ECI1;ATP5ME;SLC25A5;NDUFA4;NDUFA3;ETFA;HSD17B10;ATP5MF;IDH3G;TIMM50;CS;PDHX;IMMT;NDUFA7;COX6B1;COX7A2;OGDH;ATP6V1E1;SUCLG1;NDUFB8;ETFDH;NDUFS8;ACADVL;LDHA;VDAC1;GPI;CYCS;SLC25A12;GLUD1;NDUFS6;NDUFS7;ATP5F1B,Hallmark,Training_CR
HALLMARK_XENOBIOTIC_METABOLISM,0.0010600083448790048,0.022790179414898602,0.45505986738722953,-0.3959514845307799,-1.7116169003305481,66,RETSAT;ALDH9A1;MTHFD1;MAOA;PC;CES1;IDH1;FAH;AOX1;ALDH2;AKR1C2;ARPP19;TKFC;ADH1C;CA2;ACP1;CD36;PROS1;EPHX1;ADH5;CYB5A;PGD;SHMT2;CAT;DDT;GSTM4;BLVRB;GCLC,Hallmark,Training_CR
HALLMARK_MYC_TARGETS_V1,0.0016075848737987207,0.023042049857781664,0.45505986738722953,0.35787875862998236,1.5870853675936158,133,RPS2;SYNCRIP;PSMD7;ABCE1;SLC25A3;RPLP0;APEX1;CTPS1;CYC1;FAM120A;COX5A;HSP90AB1;SET;EPRS1;PABPC1;PSMD3;GSPT1;GOT2;RPS3;NDUFAB1;SRM;ETF1;RUVBL2;EIF2S1;RPL6;PRDX3;HNRNPR;AIMP2;KPNB1;CCT5;KARS1;VDAC3;TRA2B;SRSF7;COPS5;DHX15;NAP1L1;TOMM70;SERBP1;ILF2;LSM2;RPS5;RACK1;CCT7;IARS1;EEF1B2;CUL1;EIF3B;PRDX4;RPL18;PSMC4;LDHA;XRCC6;TUFM;VDAC1;PSMD8;RPS6;PSMD1;YWHAQ;HDDC2;EIF2S2;PSMB2;PSMA6;SSB,Hallmark,Training_CR
HALLMARK_MYOGENESIS,0.004060324825986079,0.04364849187935035,0.27471745859524166,0.36060893870074917,1.5595367771232937,112,GAA;MYL1;MYOZ1;LAMA2;FHL1;CSRP3;COX7A1;CKM;PYGM;MYBPH;TNNT3;TPM2;MYH2;PFKM;COL15A1;CKMT2;AEBP1;ACTA1;AKT2;DES;AGL;TNNC2;LDB3;COL1A1;TCAP;MYL4;ENO3;MYL3;COL6A3;AK1;MYH11;HSPB2;MYH8;LPIN1;BIN1;FABP3;MYOM1;TPM3;MB;ACTN2,Hallmark,Training_CR
HALLMARK_BILE_ACID_METABOLISM,0.0066699604743083,0.05736166007905138,0.27986565266193214,-0.5124296963374223,-1.763106747318247,25,SOD1;RETSAT;ALDH9A1;LIPE;SCP2;IDH1;ALDH1A1;IDI1;HSD17B4;CAT,Hallmark,Training_CR
HALLMARK_FATTY_ACID_METABOLISM,0.015693659761456372,0.11247122829043733,0.20454413181854614,-0.3067630108199399,-1.4316393582263467,100,RETSAT;ALDH9A1;GPD1;ACADL;MDH1;MAOA;HADH;LGALS1;ACAA1;FASN;HMGCS2;ME1;IDH1;ACSL4;ACOT2;ALDH1A1;PRDX6;CPT1A;ACAT2;ADH1C;CA2;HCCS;IDI1;CD36;EPHX1;HSD17B4;AOC3,Hallmark,Training_CR
HALLMARK_EPITHELIAL_MESENCHYMAL_TRANSITION,0.030616978506262563,0.18807572510989862,0.10163871365230946,0.37559755122296384,1.45773397605377,60,THY1;LAMA2;NNMT;COL12A1;MYL9;PCOLCE;TPM2;COPA;TPM1;BGN;COL1A1;COL6A3;TPM4;DPYSL3;CD44;CALU;PPIB;TGM2;CAPG;FBLN5;BASP1;CALD1,Hallmark,Training_CR
HALLMARK_HEME_METABOLISM,0.06206896551724138,0.27481203007518795,0.09721204099944558,-0.30446569609672397,-1.317972623037143,67,DCUN1D1;PC;RHCE;SELENBP1;TNS1;BCAM;ALDH6A1;ISCA1;CA2;RAD23A;SDCBP;HBB;UROD;CAT;NEK7;BLVRB;GCLC;HEBP1;DMTN,Hallmark,Training_CR
HALLMARK_REACTIVE_OXYGEN_SPECIES_PATHWAY,0.06390977443609022,0.27481203007518795,0.08927558514084524,-0.39499016794306147,-1.404034522640712,28,SOD1;GPX4;PRDX1;PTPA;PRDX6;OXSR1;TXN;G6PD;CAT;MGST1;TXNRD2;GPX3;GCLC;MPO,Hallmark,Training_CR
HALLMARK_SPERMATOGENESIS,0.05172010297215071,0.27481203007518795,0.09607899060915376,-0.5424607211900438,-1.5127913204933525,12,ART3;PEBP1;TALDO1,Hallmark,Training_CR
HALLMARK_MITOTIC_SPINDLE,0.07439754164644995,0.2908267537088498,0.06573819602828511,0.3855696114292122,1.3756767387293258,40,FSCN1;ARF6;DYNC1H1;CAPZB;LRPPRC;MAP1S;DYNLL2;BIN1;SEPTIN9;PDLIM5;TUBA4A;PXN;SYNPO;ACTN4,Hallmark,Training_CR
HALLMARK_ADIPOGENESIS,0.13421306726746057,0.4122258494643432,0.06920372515975116,-0.24744650598121198,-1.1818254584595322,116,SOD1;RETSAT;LIPE;ACADL;HADH;SCP2;GPX4;MYLK;QDPR;ME1;ITGA7;IDH1;TALDO1;CAVIN2;FAH;ALDH2;CAVIN1;ESYT1;SORBS1;CD36;CMPK1;PPM1B;ATL2;SQOR;TST;LAMA4;PLIN2;CAT;DDT;COL4A1,Hallmark,Training_CR
HALLMARK_GLYCOLYSIS,0.12191582002902758,0.4122258494643432,0.06894503748276197,-0.2774387126802846,-1.2227560401306397,74,SOD1;ALDH9A1;PGAM1;MDH1;PYGL;PC;PFKFB1;ENO1;ME1;IDH1;TALDO1;STMN1;TXN;ARPP19;PGK1,Hallmark,Training_CR
HALLMARK_INTERFERON_ALPHA_RESPONSE,0.12914691943127962,0.4122258494643432,0.060119921804746214,-0.4330198144281481,-1.3154178791128748,16,CD74;LAP3;PSMA3;PNPT1;B2M;CNP;PSME2;IFITM1,Hallmark,Training_CR
HALLMARK_ESTROGEN_RESPONSE_LATE,0.14549288350026357,0.4170795993674222,0.059715047901050484,-0.31835925302835455,-1.2405292018134626,41,PRKAR2B;SORD;KRT19;HMGCS2;SLC1A4;CA2;ASS1;CKB;TST;S100A9;CAV1;SERPINA5;BLVRB;FABP5,Hallmark,Training_CR
HALLMARK_PEROXISOME,0.17040951122853368,0.4579755614266843,0.05496639836264192,-0.3067494659004192,-1.2107835338781312,43,SOD1;RETSAT;ALDH9A1;SCP2;ACAA1;PRDX1;IDH1;ACSL4;ALDH1A1,Hallmark,Training_CR
HALLMARK_IL2_STAT5_SIGNALING,0.20057531380753138,0.4791521385402138,0.050072872271063,-0.30886453413923004,-1.177708537707584,38,GPX4;ITGA6;ECM1;FAH;NRP1;CD81;CA2;SNX9;RNH1;PLIN2;CYFIP1;HUWE1;MYO1C;AHCY;NT5E;NDRG1;AHNAK,Hallmark,Training_CR
HALLMARK_PI3K_AKT_MTOR_SIGNALING,0.1958562641631596,0.4791521385402138,0.038893754761451835,0.34159832023700354,1.2044334116723068,38,MAPK1;AKT1;ACTR3;UBE2D3;PPP1CA;MAPK9;AP2M1;ACACA;ACTR2;PRKAG1;CLTC;MAP2K6;ARPC3,Hallmark,Training_CR
HALLMARK_ANDROGEN_RESPONSE,0.25288831835686776,0.49440770035810655,0.04365789102239294,-0.30683803613869964,-1.1333772257760537,33,SORD;KRT19;DBI;NGLY1;PA2G4;SELENOP;IDI1,Hallmark,Training_CR
HALLMARK_DNA_REPAIR,0.24265644955300128,0.49440770035810655,0.04454146094208508,-0.3073371125044705,-1.1454250388736265,34,GPX4;BCAM;GMPR2;NT5C3A;TMED2;ALYREF;SDCBP;NME1;BCAP31;GUK1;IMPDH2;MPC2;HPRT1,Hallmark,Training_CR
HALLMARK_G2M_CHECKPOINT,0.2644506304241035,0.49440770035810655,0.03287926329228651,0.3352933932659778,1.1479136704791348,33,SYNCRIP;GSPT1;CUL4A;MAPK14;KPNB1;TRA2B;ILF3;PURA;CUL5;CUL1,Hallmark,Training_CR
HALLMARK_TNFA_SIGNALING_VIA_NFKB,0.2640507196710075,0.49440770035810655,0.03380788505062605,0.4030140015445958,1.1631224704837542,17,IL18;NAMPT;DNAJB4;CD44;TRIP10;PDLIM5,Hallmark,Training_CR
HALLMARK_UV_RESPONSE_DN,0.23380210949271724,0.49440770035810655,0.04504111299111392,-0.3354766387089533,-1.1647939240384348,26,PRKAR2B;MAP1B;NRP1;ATP2B1;SRI;CAV1;NEK7;BCKDHB,Hallmark,Training_CR
HALLMARK_IL6_JAK_STAT3_SIGNALING,0.2949689869055824,0.5284861015391684,0.03759665920792369,-0.43250213848082497,-1.1402266240013845,10,CD36;STAT3;CD38;CD9;PTPN11;STAT1,Hallmark,Training_CR
HALLMARK_INTERFERON_GAMMA_RESPONSE,0.3562920766442258,0.6128223718280683,0.03612542169201886,-0.2792015191805623,-1.0610693037612844,37,CD74;LAP3;NUP93;SRI;PSMA3;SPPL2A;PNPT1;STAT3;CD38;B2M;ISOC1;PSMA2;PSME2;STAT1;HLA-B,Hallmark,Training_CR
HALLMARK_CHOLESTEROL_HOMEOSTASIS,0.37913299044819987,0.6270276380489459,0.033717376744851126,-0.3189501599717313,-1.0438129281975095,21,LSS;FASN;ACSS2;ACAT2;IDI1;NIBAN1;FABP5;CD9;ANXA5;GSTM2,Hallmark,Training_CR
HALLMARK_HYPOXIA,0.4163811896605419,0.6394425412644037,0.02388287909279082,0.26731467216118104,1.0256711284042177,57,GAA;HK1;FAM162A;FBP1;PYGM;BGN;STBD1;GYS1;ENO3;GBE1;GAPDH;TGM2;HK2;ALDOA;CP;NAGK;PGAM2;LDHA;GPI,Hallmark,Training_CR
HALLMARK_KRAS_SIGNALING_UP,0.4108015640273705,0.6394425412644037,0.032100077352740126,-0.2993174549922052,-1.020434461216229,24,SCN1B;NRP1;EPB41L3;CA2;CBR4,Hallmark,Training_CR
HALLMARK_APICAL_JUNCTION,0.4906106990689601,0.7032086686655095,0.02148131570017807,0.26176563170738226,0.9814100663145541,51,THY1;FSCN1;ARPC2;MYL9;FLNC;ACTA1;AKT2;YWHAH;JUP;MAPK14,Hallmark,Training_CR
HALLMARK_E2F_TARGETS,0.4840330685686497,0.7032086686655095,0.022114085224608653,0.2762269283117429,0.9793588121165389,39,SYNCRIP;CTPS1;ANP32E;SNRPB;GSPT1;EIF2S1;TRA2B;NAP1L1;ILF3;PAICS;CSE1L,Hallmark,Training_CR
HALLMARK_COMPLEMENT,0.5769991523029104,0.800353662871779,0.02848513202362274,-0.21957186171603957,-0.9406575659511344,63,GNG2;STX4;ME1;PRKCD;LAP3;CA2;CD36;CTSD;LTA4H;CALM1;EHD1;S100A9,Hallmark,Training_CR
HALLMARK_P53_PATHWAY,0.6047798742138365,0.8126729559748428,0.02564854171854537,-0.25341415441336934,-0.9095752670153517,29,SESN1;RETSAT;CD81;CTSD;EPHX1;HINT1;LDHB;S100A4;MAPKAPK3;NDRG1;RPL36,Hallmark,Training_CR
HALLMARK_ALLOGRAFT_REJECTION,0.6708860759493671,0.8473193135122069,0.017376721570643527,0.25364280057237965,0.8619229250770075,32,IL18;THY1;ABCE1,Hallmark,Training_CR
HALLMARK_ESTROGEN_RESPONSE_EARLY,0.6896785109983079,0.8473193135122069,0.017394718653521834,0.26865178494267,0.84988297481652,24,MYOF;SLC16A1;MAPT;PDLIM3;ENDOD1;CD44;TGM2;SVIL;PPIF;FKBP5,Hallmark,Training_CR
HALLMARK_INFLAMMATORY_RESPONSE,0.6525962557400212,0.8473193135122069,0.018847893868579938,0.3352911844009079,0.8579984987155822,11,IL18;NAMPT,Hallmark,Training_CR
HALLMARK_KRAS_SIGNALING_DN,0.794373046196596,0.9488344718459341,0.015715176010793173,0.2804324779285585,0.7518682958043615,13,CKM;SYNPO;ACTC1;MYOT;MYH7;COQ8A,Hallmark,Training_CR
HALLMARK_MYC_TARGETS_V2,0.8397012851684613,0.9501882963748378,0.014913002792086152,0.2675670435671295,0.7173747439891015,13,FARSA;SRM;NDUFAF4;AIMP2,Hallmark,Training_CR
HALLMARK_PROTEIN_SECRETION,0.8369995252413357,0.9501882963748378,0.013617584136152668,0.2094840586257853,0.773882242292449,47,ARCN1;MAPK1;ANP32E;COPE;AP2M1;ATP1A1;CLTC;AP2B1;SEC31A;COPB1,Hallmark,Training_CR
HALLMARK_APOPTOSIS,0.8992289284764691,0.9914575365253377,0.02018390410849028,-0.19063078624916008,-0.7469815093090302,42,SOD1;RETSAT;GPX4;PPP3R1;CAV1;BCAP31;GPX3;HMGB2;GPX1;CD38;PAK1,Hallmark,Training_CR
HALLMARK_COAGULATION,0.9977928425035473,0.9977928425035473,0.010989163246922756,0.13689056587590814,0.5174191862333662,53,S100A13;ANG;CAPN2;MSRB2,Hallmark,Training_CR
HALLMARK_MTORC1_SIGNALING,0.9409918392969241,0.9977928425035473,0.022050891196118947,-0.16567979820060527,-0.7732148648984617,100,SORD;PITPNB;ENO1;PRDX1;QDPR;ME1;IDH1;SLC1A4;PGK1;PSMC6;IDI1;LTA4H;G6PD;ARPC5L;SHMT2;PSMA3;PPA1,Hallmark,Training_CR
HALLMARK_UNFOLDED_PROTEIN_RESPONSE,0.9802028795811518,0.9977928425035473,0.011803324062787694,0.16920378875704856,0.5854761428102951,35,DCTN1;PREB;EIF2S1;SRPRB;SEC31A;DNAJA4;IARS1;GOSR2;EEF2;TARS1;BAG3;HYOU1,Hallmark,Training_CR
HALLMARK_UV_RESPONSE_UP,0.9725767037740972,0.9977928425035473,0.01931367370153982,-0.16541267725893496,-0.6648485951876391,47,MAOA;ACAA1;PRKCD;CA2;EPHX1;TST;PSMC3;UROD;GPX3;SELENOW;CNP;PLCL1;YKT6,Hallmark,Training_CR
KEGG_MEDICUS_REFERENCE_MITOCHONDRIAL_COMPLEX_UCP1_IN_THERMOGENESIS,7.050160199313008e-10,4.864610537525975e-8,0.8012155746177786,-0.6160548298711046,-2.7666159327802613,51,NDUFA4;SDHC;ATP5F1D;SDHD;COA3;NDUFAF3;SDHA;SDHB;UQCRQ;COX11;MT-ATP6;ATP5PO;NDUFS6;NDUFA2;UQCRB;NDUFA12;NDUFB9;NDUFA8;NDUFB3;NDUFS4;NDUFV2;NDUFS3;NDUFB11;NDUFS8;COA6;COX5A;UQCRC2;COX4I1;NDUFA10;NDUFB7;NDUFA13;CYC1;NDUFV1;NDUFA9;NDUFA6;NDUFS1;NDUFS2;ATP5F1A;NDUFA11;NDUFAF4,KEGG,Cancer_vs_Healthy
KEGG_MEDICUS_VARIANT_MUTATION_CAUSED_ABERRANT_ABETA_TO_ELECTRON_TRANSFER_IN_COMPLEX_I,9.713464932017491e-9,3.3511454015460346e-7,0.7477396631498854,-0.6197539001637975,-2.6668647630353086,43,NDUFA4;MAPT;MT-ND4;MT-ND5;NDUFB5;NDUFS5;NDUFB4;MT-ND3;NDUFS6;NDUFA2;NDUFA12;NDUFB9;NDUFA8;NDUFB3;NDUFS4;NDUFV2;NDUFS3;NDUFB11;NDUFS8;NDUFB1;NDUFA10;NDUFB7;NDUFA13;NDUFV1;NDUFA9;NDUFA6;NDUFS1;NDUFS2;NDUFA11;NDUFA3;NDUFA7;NDUFA5,KEGG,Cancer_vs_Healthy
KEGG_MEDICUS_VARIANT_MUTATION_CAUSED_ABERRANT_TDP43_TO_ELECTRON_TRANSFER_IN_COMPLEX_I,1.5798325338544277e-8,3.633614827865184e-7,0.7337619883564803,-0.6172958095039024,-2.6239105819842217,41,NDUFA4;MT-ND4;MT-ND5;NDUFB5;NDUFS5;NDUFB4;MT-ND3;NDUFS6;NDUFA2;NDUFA12;NDUFB9;NDUFA8;NDUFB3;NDUFS4;NDUFV2;NDUFS3;NDUFB11;NDUFS8;NDUFB1;NDUFA10;NDUFB7;NDUFA13;NDUFV1;NDUFA9;NDUFA6;NDUFS1;NDUFS2;NDUFA11;NDUFA3;NDUFA7;NDUFA5,KEGG,Cancer_vs_Healthy
KEGG_MEDICUS_REFERENCE_ELECTRON_TRANSFER_IN_COMPLEX_I,4.054268245155512e-8,5.594890178314607e-7,0.7195128263389107,-0.6213037726357953,-2.6182991609489705,40,NDUFA4;MT-ND4;MT-ND5;NDUFB5;NDUFS5;NDUFB4;MT-ND3;NDUFS6;NDUFA2;NDUFA12;NDUFB9;NDUFA8;NDUFB3;NDUFS4;NDUFV2;NDUFS3;NDUFB11;NDUFS8;NDUFB1;NDUFA10;NDUFB7;NDUFA13;NDUFV1;NDUFA9;NDUFA6;NDUFS1;NDUFS2;NDUFA11;NDUFA3;NDUFA7;NDUFA5,KEGG,Cancer_vs_Healthy
KEGG_MEDICUS_VARIANT_MUTATION_INACTIVATED_PINK1_TO_ELECTRON_TRANSFER_IN_COMPLEX_I,4.054268245155512e-8,5.594890178314607e-7,0.7195128263389107,-0.6213037726357953,-2.6182991609489705,40,NDUFA4;MT-ND4;MT-ND5;NDUFB5;NDUFS5;NDUFB4;MT-ND3;NDUFS6;NDUFA2;NDUFA12;NDUFB9;NDUFA8;NDUFB3;NDUFS4;NDUFV2;NDUFS3;NDUFB11;NDUFS8;NDUFB1;NDUFA10;NDUFB7;NDUFA13;NDUFV1;NDUFA9;NDUFA6;NDUFS1;NDUFS2;NDUFA11;NDUFA3;NDUFA7;NDUFA5,KEGG,Cancer_vs_Healthy
KEGG_MEDICUS_VARIANT_MUTATION_CAUSED_ABERRANT_SNCA_TO_ELECTRON_TRANSFER_IN_COMPLEX_I,8.956468836054554e-6,1.0299939161462737e-4,0.5933254763964051,-0.5307979611875645,-2.2562382018679425,41,NDUFA4;MT-ND4;MT-ND5;NDUFB5;NDUFS5;NDUFB4;MT-ND3;NDUFS6;NDUFA2;NDUFA12;NDUFB9;NDUFA8;NDUFB3;NDUFS4;NDUFV2;NDUFS3;NDUFB11;NDUFS8;NDUFB1;NDUFA10;NDUFB7;NDUFA13;NDUFV1;NDUFA9;NDUFA6;NDUFS1;NDUFS2;NDUFA11;NDUFA3;NDUFA7;NDUFA5,KEGG,Cancer_vs_Healthy
KEGG_MEDICUS_REFERENCE_CITRATE_CYCLE_SECOND_CARBON_OXIDATION_2,8.741739058045863e-5,8.616857071502351e-4,0.5384340963099162,-0.7897023785707303,-2.2010294278708415,10,SDHC;SDHD;FH;SDHA;SUCLA2;SDHB;SUCLG1;MDH2,KEGG,Cancer_vs_Healthy
KEGG_MEDICUS_REFERENCE_ITGA_B_TALIN_VINCULIN_SIGNALING_PATHWAY,2.7895729691531664e-4,0.002406006685894606,0.49849310876659025,0.7443438044089118,1.9902715563143607,12,FN1;TLN1;ILK;ACTN4;ITGA1;ACTB;ITGB1;VCL;TLN2;ACTN1;ITGA7,KEGG,Cancer_vs_Healthy
KEGG_MEDICUS_PATHOGEN_SALMONELLA_SOPB_TO_ARNO_ARF_ACTB_G_SIGNALING_PATHWAY,0.0017858142076345484,0.011201925484253077,0.45505986738722953,0.6778612386582606,1.8905298971480506,14,ARPC5;ARPC1B;ACTR2;ACTR3;CYFIP1;ARF1;ACTB;ARPC3,KEGG,Cancer_vs_Healthy
KEGG_MEDICUS_PATHOGEN_SHIGELLA_IPGD_TO_ARNO_ARF_ACTB_G_SIGNALING_PATHWAY,0.0017858142076345484,0.011201925484253077,0.45505986738722953,0.6778612386582606,1.8905298971480506,14,ARPC5;ARPC1B;ACTR2;ACTR3;CYFIP1;ARF1;ACTB;ARPC3,KEGG,Cancer_vs_Healthy
KEGG_MEDICUS_REFERENCE_ARNO_ARF_ACTB_G_SIGNALING_PATHWAY,0.0017858142076345484,0.011201925484253077,0.45505986738722953,0.6778612386582606,1.8905298971480506,14,ARPC5;ARPC1B;ACTR2;ACTR3;CYFIP1;ARF1;ACTB;ARPC3,KEGG,Cancer_vs_Healthy
KEGG_MEDICUS_PATHOGEN_SHIGELLA_IPAC_TO_ACTIN_SIGNALING_PATHWAY,0.005243322955923316,0.027829944919900675,0.25663501697244306,0.6881607586695794,1.7955212642886051,11,ARPC5;ARPC1B;CTTN;ACTR2;ACTR3;ACTB;ARPC3,KEGG,Cancer_vs_Healthy
KEGG_MEDICUS_REFERENCE_TIGHT_JUNCTION_ACTIN_SIGNALING_PATHWAY,0.005243322955923316,0.027829944919900675,0.25663501697244306,0.6881607586695794,1.7955212642886051,11,ARPC5;ARPC1B;CTTN;ACTR2;ACTR3;ACTB;ARPC3,KEGG,Cancer_vs_Healthy
KEGG_MEDICUS_PATHOGEN_ESCHERICHIA_MAP_TO_CDC42_SIGNALING_PATHWAY,0.006881861379649353,0.03203342618384401,0.2234791191174785,0.6786278218809358,1.7706483105499757,11,ARPC5;ARPC1B;ACTR2;ACTR3;ACTB;ARPC3;CDC42;ARPC2,KEGG,Cancer_vs_Healthy
KEGG_MEDICUS_PATHOGEN_SALMONELLA_SOPE_TO_RAC_SIGNALING_PATHWAY,0.008147303242626691,0.03203342618384401,0.20454413181854614,0.6575067667227975,1.7580814243920344,12,ARPC5;ARPC1B;ACTR2;ACTR3;CYFIP1;ACTB;ARPC3;ARPC2,KEGG,Cancer_vs_Healthy
KEGG_MEDICUS_REFERENCE_EGF_EGFR_ACTIN_SIGNALING_PATHWAY,0.008310249307479225,0.03203342618384401,0.20249877596914143,0.6562500424340373,1.754721118856832,12,ARPC5;ARPC1B;CTTN;ACTR2;ACTR3;ACTB;ARPC3,KEGG,Cancer_vs_Healthy
KEGG_MEDICUS_REFERENCE_VGCC_CA2_APOPTOTIC_PATHWAY,0.008356545961002786,0.03203342618384401,0.2526439095662764,-0.658785355038075,-1.8361423144165856,10,SLC25A6;MCU;CACNA1S;VDAC1;VDAC3;SLC25A4;VDAC2;SLC25A5,KEGG,Cancer_vs_Healthy
KEGG_MEDICUS_VARIANT_SCRAPIE_CONFORMATION_PRPSC_TO_MGLUR5_CA2_APOPTOTIC_PATHWAY,0.00785008863003292,0.03203342618384401,0.2608205677188685,-0.6608922297439488,-1.8420145181154752,10,SLC25A6;RYR1;MCU;VDAC1;VDAC3;SLC25A4;VDAC2;SLC25A5,KEGG,Cancer_vs_Healthy
KEGG_MEDICUS_REFERENCE_MICROTUBULE_RHOA_SIGNALING_PATHWAY,0.009831230542356219,0.03506210679141797,0.18647262923999633,0.6667834485529659,1.739744449926394,11,TUBB6;TUBB4A;RHOA;TUBB2B;TUBB;TUBB4B;TUBA1B;TUBB2A;TUBA1C,KEGG,Cancer_vs_Healthy
KEGG_MEDICUS_VARIANT_MUTATION_CAUSED_ABERRANT_SNCA_TO_ANTEROGRADE_AXONAL_TRANSPORT,0.010162929504758831,0.03506210679141797,0.18191499890750512,0.6380425001109473,1.7426088429834699,13,SNCA;TUBB6;TUBB4A;TUBB2B;TUBB;TUBB4B;TUBA1B;TUBB2A;TUBA1C,KEGG,Cancer_vs_Healthy
KEGG_MEDICUS_PATHOGEN_ESCHERICHIA_EAE_TIR_TCCP_TO_ACTIN_SIGNALING_PATHWAY,0.012718863561281797,0.04179055170135448,0.16431349235665232,0.6683861512085509,1.696874617622137,10,ARPC5;ARPC1B;ACTR2;ACTR3;ACTB;ARPC3;ARPC2,KEGG,Cancer_vs_Healthy
KEGG_MEDICUS_PATHOGEN_ESCHERICHIA_ESPG_TO_MICROTUBULE_RHOA_SIGNALING_PATHWAY,0.019986785596299968,0.04925315021945349,0.13063133623685996,0.6509812530086406,1.652687690762083,10,TUBB6;TUBB4A;TUBB2B;TUBB;TUBB4B;TUBA1B;TUBB2A;TUBA1C,KEGG,Cancer_vs_Healthy
KEGG_MEDICUS_PATHOGEN_ESCHERICHIA_ESPT_TO_RAC_SIGNALING_PATHWAY,0.018679338030476816,0.04925315021945349,0.13464697390437824,0.6407579642615734,1.671839807195899,11,ARPC5;ARPC1B;ACTR2;ACTR3;ACTB;ARPC3;ARPC2,KEGG,Cancer_vs_Healthy
KEGG_MEDICUS_REFERENCE_BRANCHING_MICROTUBULE_NUCLEATION,0.019986785596299968,0.04925315021945349,0.13063133623685996,0.6509812530086406,1.652687690762083,10,TUBB6;TUBB4A;TUBB2B;TUBB;TUBB4B;TUBA1B;TUBB2A;TUBA1C,KEGG,Cancer_vs_Healthy
KEGG_MEDICUS_REFERENCE_KINETOCHORE_FIBER_ORGANIZATION,0.015809001451847073,0.04925315021945349,0.1453927802364807,0.6193146026192667,1.6914595860392763,13,TUBB6;TUBB4A;TUBB2B;CLTC;TUBB;TUBB4B;TUBA1B;TUBB2A;TUBA1C,KEGG,Cancer_vs_Healthy
KEGG_MEDICUS_REFERENCE_KINETOCHORE_MICROTUBULE_ATTACHMENT,0.019986785596299968,0.04925315021945349,0.13063133623685996,0.6509812530086406,1.652687690762083,10,TUBB6;TUBB4A;TUBB2B;TUBB;TUBB4B;TUBA1B;TUBB2A;TUBA1C,KEGG,Cancer_vs_Healthy
KEGG_MEDICUS_REFERENCE_MICROTUBULE_DEPOLYMERIZATION_AT_THE_MINUS_ENDS,0.019986785596299968,0.04925315021945349,0.13063133623685996,0.6509812530086406,1.652687690762083,10,TUBB6;TUBB4A;TUBB2B;TUBB;TUBB4B;TUBA1B;TUBB2A;TUBA1C,KEGG,Cancer_vs_Healthy
KEGG_MEDICUS_REFERENCE_MICROTUBULE_NUCLEATION,0.019986785596299968,0.04925315021945349,0.13063133623685996,0.6509812530086406,1.652687690762083,10,TUBB6;TUBB4A;TUBB2B;TUBB;TUBB4B;TUBA1B;TUBB2A;TUBA1C,KEGG,Cancer_vs_Healthy
KEGG_MEDICUS_PATHOGEN_ESCHERICHIA_EAE_TIR_TO_ACTIN_SIGNALING_PATHWAY,0.02523349172538096,0.060038307898320216,0.11554753392227891,0.6294584971185674,1.6423576937873674,11,ARPC5;ARPC1B;ACTR2;ACTR3;ACTB;ARPC3;ARPC2,KEGG,Cancer_vs_Healthy
KEGG_MEDICUS_PATHOGEN_SALMONELLA_SIFA_TO_MICROTUBULE_PLUS_END_DIRECTED_TRANSPORT,0.028352615284340882,0.061135326706860026,0.10857349262899328,0.5990743452136083,1.6018412759452256,12,TUBB6;TUBB4A;TUBB2B;TUBB;TUBB4B;TUBA1B;TUBB2A;TUBA1C,KEGG,Cancer_vs_Healthy
KEGG_MEDICUS_REFERENCE_ANTEROGRADE_AXONAL_TRANSPORT,0.028352615284340882,0.061135326706860026,0.10857349262899328,0.5990743452136083,1.6018412759452256,12,TUBB6;TUBB4A;TUBB2B;TUBB;TUBB4B;TUBA1B;TUBB2A;TUBA1C,KEGG,Cancer_vs_Healthy
KEGG_MEDICUS_VARIANT_MUTATION_CAUSED_ABERRANT_HTT_TO_ANTEROGRADE_AXONAL_TRANSPORT,0.028352615284340882,0.061135326706860026,0.10857349262899328,0.5990743452136083,1.6018412759452256,12,TUBB6;TUBB4A;TUBB2B;TUBB;TUBB4B;TUBA1B;TUBB2A;TUBA1C,KEGG,Cancer_vs_Healthy
KEGG_MEDICUS_REFERENCE_ISOLEUCINE_DEGRADATION,0.03519878450240567,0.0711356359425029,0.12173636722330919,-0.5806754643856966,-1.6184372997187477,10,HADHA;HADHB;ACADSB;HSD17B10;ACAA1;ACADM;ACADS,KEGG,Cancer_vs_Healthy
KEGG_MEDICUS_REFERENCE_RETROGRADE_AXONAL_TRANSPORT,0.03608329359402321,0.0711356359425029,0.09476880080557594,0.549298467692822,1.5628821487283449,15,TUBB6;TUBB4A;TUBB2B;TUBB;TUBB4B;TUBA1B;TUBB2A;DCTN3;TUBA1C,KEGG,Cancer_vs_Healthy
KEGG_MEDICUS_VARIANT_MUTATION_CAUSED_ABERRANT_HTT_TO_RETROGRADE_AXONAL_TRANSPORT,0.03608329359402321,0.0711356359425029,0.09476880080557594,0.549298467692822,1.5628821487283449,15,TUBB6;TUBB4A;TUBB2B;TUBB;TUBB4B;TUBA1B;TUBB2A;DCTN3;TUBA1C,KEGG,Cancer_vs_Healthy
KEGG_MEDICUS_REFERENCE_MICROTUBULE_DEPOLYMERIZATION,0.03845527130519798,0.07370593666829613,0.09289749767139441,0.5845931817729954,1.563120663873928,12,TUBB6;TUBB4A;TUBB2B;TUBB;TUBB4B;MAPRE1;TUBA1B;TUBB2A;TUBA1C,KEGG,Cancer_vs_Healthy
KEGG_MEDICUS_PATHOGEN_KSHV_VGPCR_TO_GNB_G_ERK_SIGNALING_PATHWAY,0.04377271225635943,0.07378986866791745,0.08752676165983822,0.6136219278451385,1.5578411855093757,10,GNG12;GNB1;GNB2;GNG2;KRAS;MAPK3,KEGG,Cancer_vs_Healthy
KEGG_MEDICUS_REFERENCE_ARL8_REGULATED_MICROTUBULE_PLUS_END_DIRECTED_TRANSPORT,0.039762706429373094,0.07378986866791745,0.09056176736605151,0.555766873706393,1.5500132337794599,14,TUBB6;TUBB4A;TUBB2B;TUBB;TUBB4B;TUBA1B;TUBB2A;TUBA1C,KEGG,Cancer_vs_Healthy
KEGG_MEDICUS_REFERENCE_CXCR_GNB_G_ERK_SIGNALING_PATHWAY,0.04377271225635943,0.07378986866791745,0.08752676165983822,0.6136219278451385,1.5578411855093757,10,GNG12;GNB1;GNB2;GNG2;KRAS;MAPK3,KEGG,Cancer_vs_Healthy
KEGG_MEDICUS_REFERENCE_ELECTRON_TRANSFER_IN_COMPLEX_IV,0.04384615384615385,0.07378986866791745,0.10954123067857044,-0.5414654206793649,-1.5578324389040716,11,MT-CO2;COX7C;COX7A1;COX5A;COX4I1;COX5B;COX7A2;COX6B1,KEGG,Cancer_vs_Healthy
KEGG_MEDICUS_VARIANT_MUTATION_CAUSED_ABERRANT_ABETA_TO_ELECTRON_TRANSFER_IN_COMPLEX_IV,0.04384615384615385,0.07378986866791745,0.10954123067857044,-0.5414654206793649,-1.5578324389040716,11,MT-CO2;COX7C;COX7A1;COX5A;COX4I1;COX5B;COX7A2;COX6B1,KEGG,Cancer_vs_Healthy
KEGG_MEDICUS_REFERENCE_TLR2_4_MAPK_SIGNALING_PATHWAY,0.05115219042795644,0.08403574141735701,0.1006043085747754,-0.5579147543410392,-1.5549994857182425,10,MAP2K4;MAP2K6;MAPK14;MAPK9;MAP2K3;MAPK12,KEGG,Cancer_vs_Healthy
KEGG_MEDICUS_VARIANT_MUTATION_CAUSED_ABERRANT_DCTN1_TO_RETROGRADE_AXONAL_TRANSPORT,0.052924791086350974,0.08492582755716784,0.07902990347209932,0.5850752397811593,1.5265546908934269,11,TUBB6;TUBB4A;TUBB2B;TUBB;TUBB4B;TUBA1B;TUBB2A;TUBA1C,KEGG,Cancer_vs_Healthy
KEGG_MEDICUS_VARIANT_MUTATION_CAUSED_ABERRANT_ABETA_TO_ANTEROGRADE_AXONAL_TRANSPORT,0.054363607033392485,0.0852520201205473,0.0773124512019339,0.549945411416595,1.50199984628939,13,TUBB6;TUBB4A;TUBB2B;TUBB;TUBB4B;TUBA1B;TUBB2A;TUBA1C,KEGG,Cancer_vs_Healthy
KEGG_MEDICUS_ENV_FACTOR_IRON_TO_ANTEROGRADE_AXONAL_TRANSPORT,0.0766835982303785,0.11502539734556774,0.06514597434552191,0.558524194835565,1.4572787765255937,11,TUBB6;TUBB4A;TUBB2B;TUBB;TUBB4B;TUBA1B;TUBB2A;TUBA1C,KEGG,Cancer_vs_Healthy
KEGG_MEDICUS_PATHOGEN_HCV_CORE_TO_ERK_SIGNALING_PATHWAY,0.07602818286088808,0.11502539734556774,0.06544019964710829,0.5589322457949333,1.4583434466120944,11,YWHAQ;YWHAZ;YWHAB;YWHAH;YWHAE;MAPK3,KEGG,Cancer_vs_Healthy
KEGG_MEDICUS_REFERENCE_MGLUR5_CA2_APOPTOTIC_PATHWAY,0.08381868827551278,0.11803039777572208,0.07803528407169529,-0.5223498214510184,-1.4558742126845408,10,SLC25A6;MCU;VDAC1;VDAC3;SLC25A4;VDAC2;SLC25A5,KEGG,Cancer_vs_Healthy
KEGG_MEDICUS_VARIANT_MUTATION_CAUSED_ABERRANT_ABETA_TO_MGLUR5_CA2_APOPTOTIC_PATHWAY,0.08381868827551278,0.11803039777572208,0.07803528407169529,-0.5223498214510184,-1.4558742126845408,10,SLC25A6;MCU;VDAC1;VDAC3;SLC25A4;VDAC2;SLC25A5,KEGG,Cancer_vs_Healthy
KEGG_MEDICUS_VARIANT_MUTATION_CAUSED_ABERRANT_HTT_TO_MGLUR5_CA2_APOPTOTIC_PATHWAY,0.08381868827551278,0.11803039777572208,0.07803528407169529,-0.5223498214510184,-1.4558742126845408,10,SLC25A6;MCU;VDAC1;VDAC3;SLC25A4;VDAC2;SLC25A5,KEGG,Cancer_vs_Healthy
KEGG_MEDICUS_ENV_FACTOR_ZN_TO_ANTEROGRADE_AXONAL_TRANSPORT,0.08733909076095812,0.1205279452501222,0.0606518687881186,0.532995413692636,1.425155425806025,12,TUBB6;TUBB4A;TUBB2B;TUBB;TUBB4B;TUBA1B;TUBB2A;TUBA1C,KEGG,Cancer_vs_Healthy
KEGG_MEDICUS_REFERENCE_ASSEMBLY_AND_TRAFFICKING_OF_TELOMERASE,0.10621076973901553,0.13948702382759146,0.05505776648013986,0.5530300908141992,1.4040128183192588,10,CCT2;RUVBL1;RUVBL2;CCT7;CCT3;CCT4;CCT6A;CCT5,KEGG,Cancer_vs_Healthy
KEGG_MEDICUS_REFERENCE_BETA_OXIDATION,0.10948717948717948,0.13948702382759146,0.06835192840592749,-0.4807258173477964,-1.3830805142523315,11,HADHA;HADHB;ACADVL;ACADSB;ACAT1,KEGG,Cancer_vs_Healthy
KEGG_MEDICUS_VARIANT_MUTATION_CAUSED_ABERRANT_ABETA_TO_26S_PROTEASOME_MEDIATED_PROTEIN_DEGRADATION,0.11118530884808013,0.13948702382759146,0.07779219192106737,-0.32674879236962684,-1.3019322960830166,32,PSMD3;PSMD1;PSMD12;PSMD11;PSMD7;PSMD6;PSMA1;PSMD2;PSMC4;PSMC5;PSMD8;PSMD13,KEGG,Cancer_vs_Healthy
KEGG_MEDICUS_VARIANT_MUTATION_CAUSED_ABERRANT_HTT_TO_26S_PROTEASOME_MEDIATED_PROTEIN_DEGRADATION,0.11118530884808013,0.13948702382759146,0.07779219192106737,-0.32674879236962684,-1.3019322960830166,32,PSMD3;PSMD1;PSMD12;PSMD11;PSMD7;PSMD6;PSMA1;PSMD2;PSMC4;PSMC5;PSMD8;PSMD13,KEGG,Cancer_vs_Healthy
KEGG_MEDICUS_VARIANT_SCRAPIE_CONFORMATION_PRPSC_TO_26S_PROTEASOME_MEDIATED_PROTEIN_DEGRADATION,0.11118530884808013,0.13948702382759146,0.07779219192106737,-0.32674879236962684,-1.3019322960830166,32,PSMD3;PSMD1;PSMD12;PSMD11;PSMD7;PSMD6;PSMA1;PSMD2;PSMC4;PSMC5;PSMD8;PSMD13,KEGG,Cancer_vs_Healthy
KEGG_MEDICUS_REFERENCE_COPI_VESICLE_FORMATION,0.1329246652685917,0.1637821768488005,0.04815952745077677,0.49328912264600977,1.3472613299600247,13,ARF1;COPE;COPA;TMED9;TMED7;TMED2;COPG1;TMED10;COPZ1,KEGG,Cancer_vs_Healthy
KEGG_MEDICUS_ENV_FACTOR_ARSENIC_TO_ELECTRON_TRANSFER_IN_COMPLEX_IV,0.14200724262803932,0.16779154399968477,0.05988763443436449,-0.44417591387026634,-1.3207392787263565,12,MT-CO2;COX7C;COX7A1;COX5A;COX4I1;COX5B;COX7A2;COX6B1,KEGG,Cancer_vs_Healthy
KEGG_MEDICUS_REFERENCE_26S_PROTEASOME_MEDIATED_PROTEIN_DEGRADATION,0.14347392892726668,0.16779154399968477,0.06793701445868107,-0.31198952599331686,-1.2558587017390979,33,PSMD3;PSMD1;PSMD12;PSMD11;PSMD7;PSMD6;PSMA1;PSMD2;PSMC4;PSMC5;PSMD8;PSMD13,KEGG,Cancer_vs_Healthy
KEGG_MEDICUS_VARIANT_MUTATION_INACTIVATED_UBQLN2_TO_26S_PROTEASOME_MEDIATED_PROTEIN_DEGRADATION,0.14347392892726668,0.16779154399968477,0.06793701445868107,-0.31198952599331686,-1.2558587017390979,33,PSMD3;PSMD1;PSMD12;PSMD11;PSMD7;PSMD6;PSMA1;PSMD2;PSMC4;PSMC5;PSMD8;PSMD13,KEGG,Cancer_vs_Healthy
KEGG_MEDICUS_REFERENCE_RAB7_REGULATED_MICROTUBULE_MINUS_END_DIRECTED_TRANSPORT,0.1705934983596779,0.19618252311362958,0.040150310122041705,0.3905474736146901,1.2641520272403284,25,TUBB6;TUBB4A;DYNC1LI2;TUBB2B;TUBB;TUBB4B;RAB7A;TUBA1B;TUBB2A;DCTN3;TUBA1C,KEGG,Cancer_vs_Healthy
KEGG_MEDICUS_REFERENCE_PROMOTION_OF_MICROTUBULE_GROWTH,0.2246065808297568,0.25406318159431507,0.035572587882033116,0.42861659542296116,1.2195140984989479,15,TUBB6;TUBB4A;TUBB2B;TUBB;TUBB4B;MAPRE1;TUBA1B;TUBB2A;TUBA1C,KEGG,Cancer_vs_Healthy
KEGG_MEDICUS_VARIANT_MUTATION_INACTIVATED_VCP_TO_26S_PROTEASOME_MEDIATED_PROTEIN_DEGRADATION,0.26246630727762804,0.2920996000347796,0.049653160816504505,-0.27881806362158834,-1.1269872270241608,34,PSMD3;PSMD1;PSMD12;PSMD11;PSMD7;PSMD6;PSMA1;PSMD2;PSMC4;PSMC5;PSMD8;PSMD13,KEGG,Cancer_vs_Healthy
KEGG_MEDICUS_REFERENCE_DYNEIN_RECRUITMENT_TO_THE_KINETOCHORE,0.39229747675962817,0.42965914121292614,0.03466320112287498,-0.3353281978146138,-1.0420847942748572,14,DYNC1LI1;DYNLL2;DCTN1;DYNLT1;DYNLL1;PAFAH1B1;DCTN4,KEGG,Cancer_vs_Healthy
KEGG_MEDICUS_VARIANT_MUTATION_CAUSED_ABERRANT_SNCA_TO_VGCC_CA2_APOPTOTIC_PATHWAY,0.40845783742719677,0.44036860597619654,0.03290357014242998,-0.3691081907689864,-1.0287647751816145,10,SLC25A6;MCU;VDAC1;VDAC3;SLC25A4;VDAC2;SLC25A5,KEGG,Cancer_vs_Healthy
KEGG_MEDICUS_VARIANT_MUTATION_CAUSED_ABERRANT_SOD1_TO_26S_PROTEASOME_MEDIATED_PROTEIN_DEGRADATION,0.4423854447439353,0.46960916442048517,0.03711708999360451,-0.24946859433952107,-1.008356186512671,34,PSMD3;PSMD1;PSMD12;PSMD11;PSMD7;PSMD6;PSMA1;PSMD2;PSMC4;PSMC5;PSMD8;PSMD13,KEGG,Cancer_vs_Healthy
KEGG_MEDICUS_REFERENCE_GLYCOLYSIS,0.45979543666404404,0.4806952292396824,0.02245673891126178,0.3459873230757142,1.0017011654460437,16,BPGM;PGAM1;LDHB;PGK1;ENO1;GAPDH,KEGG,Cancer_vs_Healthy
KEGG_MEDICUS_VARIANT_MUTATION_CAUSED_ABERRANT_SNCA_TO_26S_PROTEASOME_MEDIATED_PROTEIN_DEGRADATION,0.5001660577881103,0.5150963878713375,0.03426928033202956,-0.24068103451416833,-0.9688189710082165,33,PSMD3;PSMD1;PSMD12;PSMD11;PSMD7;PSMD6;PSMA1;PSMD2;PSMC4;PSMC5;PSMD8;PSMD13,KEGG,Cancer_vs_Healthy
KEGG_MEDICUS_REFERENCE_KEAP1_NRF2_SIGNALING_PATHWAY,0.8019751835907825,0.8137689362906468,0.0211939263280767,-0.262192641721038,-0.7307736887454657,10,TXNRD1;MGST2;MGST3;GSTM3,KEGG,Cancer_vs_Healthy
KEGG_MEDICUS_REFERENCE_TRANSLATION_INITIATION,0.9937444146559428,0.9937444146559428,0.026980572442754022,-0.1353757792591432,-0.6522248141900595,69,RPS2;RPS9;RPS3;RPL30;RPS15A;RPS4X;RPS8;RPL4;RPL32;RPL27,KEGG,Cancer_vs_Healthy
KEGG_MEDICUS_REFERENCE_MITOCHONDRIAL_COMPLEX_UCP1_IN_THERMOGENESIS,5.648422111882001e-7,3.7844428149609406e-5,0.6594443980379349,0.5962551133369529,2.226060863110569,49,NDUFAF5;NDUFA9;NDUFA13;NDUFS3;CYC1;ATP5F1D;UQCRQ;COX5A;NDUFA8;NDUFB3;UQCRC2;COX4I1;NDUFA10;NDUFS1;NDUFB11;NDUFB9;NDUFV1;NDUFV2;NDUFA2;NDUFS4;NDUFAF4;NDUFA12;ATP5PO;NDUFS2;UQCRB;NDUFA6;NDUFAF3;NDUFA4;NDUFB10;COX6B1;NDUFB8;NDUFS8;NDUFS6;NDUFS7,KEGG,Training_CR
KEGG_MEDICUS_REFERENCE_ELECTRON_TRANSFER_IN_COMPLEX_I,8.328904797538974e-6,1.3950915535877783e-4,0.5933254763964051,0.593563133566837,2.125980961429765,40,NDUFB1;NDUFA9;NDUFA13;NDUFS3;NDUFS5;NDUFB5;NDUFB4;NDUFA8;NDUFB3;NDUFA10;NDUFS1;NDUFB11;NDUFB9;NDUFAB1;NDUFV1;NDUFV2;NDUFA2;NDUFS4;NDUFA12;NDUFS2;NDUFA6;NDUFA4;NDUFA3;NDUFB10;NDUFA7;NDUFB8;NDUFS8;NDUFS6;MT-ND3;NDUFS7;MT-ND4;NDUFV3,KEGG,Training_CR
KEGG_MEDICUS_VARIANT_MUTATION_CAUSED_ABERRANT_ABETA_TO_ELECTRON_TRANSFER_IN_COMPLEX_I,6.270196565085207e-6,1.3950915535877783e-4,0.610526878385931,0.5934232657576262,2.1560981109498085,43,NDUFB1;NDUFA9;NDUFA13;NDUFS3;NDUFS5;NDUFB5;NDUFB4;NDUFA8;NDUFB3;NDUFA10;NDUFS1;CAPN2;NDUFB11;NDUFB9;NDUFAB1;NDUFV1;NDUFV2;NDUFA2;NDUFS4;MAPT;NDUFA12;NDUFS2;NDUFA6;NDUFA4;NDUFA3;NDUFB10;NDUFA7;NDUFB8;NDUFS8;NDUFS6;MT-ND3;NDUFS7;MT-ND4;NDUFV3,KEGG,Training_CR
KEGG_MEDICUS_VARIANT_MUTATION_INACTIVATED_PINK1_TO_ELECTRON_TRANSFER_IN_COMPLEX_I,8.328904797538974e-6,1.3950915535877783e-4,0.5933254763964051,0.593563133566837,2.125980961429765,40,NDUFB1;NDUFA9;NDUFA13;NDUFS3;NDUFS5;NDUFB5;NDUFB4;NDUFA8;NDUFB3;NDUFA10;NDUFS1;NDUFB11;NDUFB9;NDUFAB1;NDUFV1;NDUFV2;NDUFA2;NDUFS4;NDUFA12;NDUFS2;NDUFA6;NDUFA4;NDUFA3;NDUFB10;NDUFA7;NDUFB8;NDUFS8;NDUFS6;MT-ND3;NDUFS7;MT-ND4;NDUFV3,KEGG,Training_CR
KEGG_MEDICUS_VARIANT_MUTATION_CAUSED_ABERRANT_SNCA_TO_ELECTRON_TRANSFER_IN_COMPLEX_I,1.324727866366161e-5,1.7751353409306558e-4,0.5933254763964051,0.5907247170603585,2.1259953372514038,41,NDUFB1;NDUFA9;NDUFA13;NDUFS3;NDUFS5;NDUFB5;NDUFB4;NDUFA8;NDUFB3;NDUFA10;NDUFS1;NDUFB11;NDUFB9;NDUFAB1;NDUFV1;NDUFV2;NDUFA2;NDUFS4;NDUFA12;NDUFS2;NDUFA6;NDUFA4;NDUFA3;NDUFB10;NDUFA7;NDUFB8;NDUFS8;NDUFS6;MT-ND3;NDUFS7;MT-ND4;NDUFV3,KEGG,Training_CR
KEGG_MEDICUS_VARIANT_MUTATION_CAUSED_ABERRANT_TDP43_TO_ELECTRON_TRANSFER_IN_COMPLEX_I,1.8283335328754098e-5,2.041639111710874e-4,0.5756102610711286,0.5854448343994694,2.1069932444083213,41,NDUFB1;NDUFA9;NDUFA13;NDUFS3;NDUFS5;NDUFB5;NDUFB4;NDUFA8;NDUFB3;NDUFA10;NDUFS1;NDUFB11;NDUFB9;NDUFAB1;NDUFV1;NDUFV2;NDUFA2;NDUFS4;NDUFA12;NDUFS2;NDUFA6;NDUFA4;NDUFA3;NDUFB10;NDUFA7;NDUFB8;NDUFS8;NDUFS6;MT-ND3;NDUFS7;MT-ND4;NDUFV3,KEGG,Training_CR
KEGG_MEDICUS_REFERENCE_ELECTRON_TRANSFER_IN_COMPLEX_IV,0.004702194357366771,0.03938087774294671,0.27986565266193214,0.6944645859490812,1.7835998425435111,11,COX7A1;COX5A;MT-CO2;COX5B;COX4I1;COX6C,KEGG,Training_CR
KEGG_MEDICUS_VARIANT_MUTATION_CAUSED_ABERRANT_ABETA_TO_ELECTRON_TRANSFER_IN_COMPLEX_IV,0.004702194357366771,0.03938087774294671,0.27986565266193214,0.6944645859490812,1.7835998425435111,11,COX7A1;COX5A;MT-CO2;COX5B;COX4I1;COX6C,KEGG,Training_CR
KEGG_MEDICUS_ENV_FACTOR_ARSENIC_TO_ELECTRON_TRANSFER_IN_COMPLEX_IV,0.005894590846047157,0.04388195407612883,0.24883263202204342,0.6667202786312826,1.7578483129950198,12,COX7A1;COX5A;MT-CO2;COX5B;COX4I1;COX6C,KEGG,Training_CR
KEGG_MEDICUS_VARIANT_MUTATION_CAUSED_ABERRANT_SNCA_TO_VGCC_CA2_APOPTOTIC_PATHWAY,0.015124868097080548,0.10133661625043967,0.15535473237528252,0.6634120741925925,1.6568629089102733,10,SLC25A4;VDAC2;SLC25A6;MCU;VDAC3;SLC25A5;VDAC1;CYCS,KEGG,Training_CR
KEGG_MEDICUS_VARIANT_SCRAPIE_CONFORMATION_PRPSC_TO_MGLUR5_CA2_APOPTOTIC_PATHWAY,0.02655645444952515,0.1617529498289259,0.11671125418664188,0.6411428580521946,1.601245835195664,10,SLC25A4;VDAC2;SLC25A6;MCU;VDAC3;SLC25A5;VDAC1;CYCS,KEGG,Training_CR
KEGG_MEDICUS_REFERENCE_MICROTUBULE_RHOA_SIGNALING_PATHWAY,0.03380281690140845,0.1742145178764897,0.1195664178161683,-0.5889233237389966,-1.6021281362233577,11,TUBB4A;TUBB4B;TUBB2B;RHOA,KEGG,Training_CR
KEGG_MEDICUS_REFERENCE_TRANSLATION_INITIATION,0.0337909186906019,0.1742145178764897,0.0954173509538673,0.35924624100714586,1.4332474242986708,68,RPL4;RPS2;RPL30;RPL27;RPL32;RPS13;RPLP0;RPL15;RPS24;RPL11;RPL7;RPS3;RPS4X;RPL6;RPS9;RPL31;RPS15A,KEGG,Training_CR
KEGG_MEDICUS_PATHOGEN_ESCHERICHIA_EAE_TIR_TCCP_TO_ACTIN_SIGNALING_PATHWAY,0.08406612733028491,0.20115823325461032,0.06442639081633493,0.571549195865368,1.4274365814028094,10,ARPC2;ARPC4;ACTR3;ACTR2;ARPC3,KEGG,Training_CR
KEGG_MEDICUS_PATHOGEN_ESCHERICHIA_ESPG_TO_MICROTUBULE_RHOA_SIGNALING_PATHWAY,0.07877664504170528,0.20115823325461032,0.07695815920914909,-0.5504863370813808,-1.4554048056391897,10,TUBB4A;TUBB4B;TUBB2B,KEGG,Training_CR
KEGG_MEDICUS_PATHOGEN_SALMONELLA_SIFA_TO_MICROTUBULE_PLUS_END_DIRECTED_TRANSPORT,0.07179971658006613,0.20115823325461032,0.08154603126573544,-0.5230510945631599,-1.464604600817471,12,TUBB4A;TUBB4B;TUBB2B;KLC1;TUBB;TUBA1C;TUBB2A,KEGG,Training_CR
KEGG_MEDICUS_REFERENCE_ANTEROGRADE_AXONAL_TRANSPORT,0.07179971658006613,0.20115823325461032,0.08154603126573544,-0.5230510945631599,-1.464604600817471,12,TUBB4A;TUBB4B;TUBB2B;KLC1;TUBB;TUBA1C;TUBB2A,KEGG,Training_CR
KEGG_MEDICUS_REFERENCE_ARL8_REGULATED_MICROTUBULE_PLUS_END_DIRECTED_TRANSPORT,0.07868142444658326,0.20115823325461032,0.07852807565453862,-0.4904410619871271,-1.4384573609558746,14,TUBB4A;TUBB4B;TUBB2B;KLC1;TUBB;TUBA1C;TUBB2A,KEGG,Training_CR
KEGG_MEDICUS_REFERENCE_ASSEMBLY_AND_TRAFFICKING_OF_TELOMERASE,0.0824832922968695,0.20115823325461032,0.06507299783238983,0.5731261628444547,1.4313750356424386,10,RUVBL2;CCT5;CCT6A;CCT7;CCT8,KEGG,Training_CR
KEGG_MEDICUS_REFERENCE_BRANCHING_MICROTUBULE_NUCLEATION,0.07877664504170528,0.20115823325461032,0.07695815920914909,-0.5504863370813808,-1.4554048056391897,10,TUBB4A;TUBB4B;TUBB2B,KEGG,Training_CR
KEGG_MEDICUS_REFERENCE_KEAP1_NRF2_SIGNALING_PATHWAY,0.07460611677479147,0.20115823325461032,0.07915680514424982,-0.5549168527564059,-1.4671184366060888,10,GSTP1;MGST1;GSTM4;GSTM2;GSTO1;GSTM1,KEGG,Training_CR
KEGG_MEDICUS_REFERENCE_KINETOCHORE_MICROTUBULE_ATTACHMENT,0.07877664504170528,0.20115823325461032,0.07695815920914909,-0.5504863370813808,-1.4554048056391897,10,TUBB4A;TUBB4B;TUBB2B,KEGG,Training_CR
KEGG_MEDICUS_REFERENCE_MICROTUBULE_DEPOLYMERIZATION,0.07699574870099198,0.20115823325461032,0.07865267464404885,-0.5186065923563358,-1.4521594717505015,12,TUBB4A;TUBB4B;TUBB2B,KEGG,Training_CR
KEGG_MEDICUS_REFERENCE_MICROTUBULE_DEPOLYMERIZATION_AT_THE_MINUS_ENDS,0.07877664504170528,0.20115823325461032,0.07695815920914909,-0.5504863370813808,-1.4554048056391897,10,TUBB4A;TUBB4B;TUBB2B,KEGG,Training_CR
KEGG_MEDICUS_REFERENCE_MICROTUBULE_NUCLEATION,0.07877664504170528,0.20115823325461032,0.07695815920914909,-0.5504863370813808,-1.4554048056391897,10,TUBB4A;TUBB4B;TUBB2B,KEGG,Training_CR
KEGG_MEDICUS_REFERENCE_PROMOTION_OF_MICROTUBULE_GROWTH,0.06256015399422522,0.20115823325461032,0.08838864914529622,-0.5056440947640556,-1.4830476616093713,14,TUBB4A;TUBB4B;TUBB2B;CLIP1;CLASP2;TUBB;TUBA1C;TUBB2A,KEGG,Training_CR
KEGG_MEDICUS_VARIANT_MUTATION_CAUSED_ABERRANT_HTT_TO_ANTEROGRADE_AXONAL_TRANSPORT,0.07179971658006613,0.20115823325461032,0.08154603126573544,-0.5230510945631599,-1.464604600817471,12,TUBB4A;TUBB4B;TUBB2B;KLC1;TUBB;TUBA1C;TUBB2A,KEGG,Training_CR
KEGG_MEDICUS_VARIANT_MUTATION_CAUSED_ABERRANT_SNCA_TO_ANTEROGRADE_AXONAL_TRANSPORT,0.065717674970344,0.20115823325461032,0.08555361119423137,-0.5126507210661927,-1.4710242628458234,13,TUBB4A;TUBB4B;TUBB2B;KLC1;TUBB;TUBA1C;TUBB2A,KEGG,Training_CR
KEGG_MEDICUS_PATHOGEN_ESCHERICHIA_EAE_TIR_TO_ACTIN_SIGNALING_PATHWAY,0.1154649947753396,0.21812310531171744,0.05416236645338977,0.5316161523924936,1.3653546989800873,11,ARPC2;ARPC4;ACTR3;ACTR2;ARPC3,KEGG,Training_CR
KEGG_MEDICUS_PATHOGEN_ESCHERICHIA_MAP_TO_CDC42_SIGNALING_PATHWAY,0.11285266457680251,0.21812310531171744,0.05483012254417753,0.5340961625449729,1.3717241320756905,11,ARPC2;ARPC4;ACTR3;ACTR2;ARPC3,KEGG,Training_CR
KEGG_MEDICUS_REFERENCE_COPI_VESICLE_FORMATION,0.11353032659409021,0.21812310531171744,0.05442678567563595,0.5050231135740268,1.3590982473255007,13,ARCN1;COPE;COPA,KEGG,Training_CR
KEGG_MEDICUS_REFERENCE_DYNEIN_RECRUITMENT_TO_THE_KINETOCHORE,0.1111871365035922,0.21812310531171744,0.0547397849350589,0.49560032811524257,1.3671900901415108,14,DYNLT1;DCTN1;DYNC1H1;ACTR1A;DYNC1LI1;DYNC1I2;DYNLL2,KEGG,Training_CR
KEGG_MEDICUS_REFERENCE_KINETOCHORE_FIBER_ORGANIZATION,0.11720047449584817,0.21812310531171744,0.0633201262592919,-0.4727411791452949,-1.3565059327777325,13,TUBB4A;TUBB4B;TUBB2B;CLTA,KEGG,Training_CR
KEGG_MEDICUS_REFERENCE_MGLUR5_CA2_APOPTOTIC_PATHWAY,0.11501934576151952,0.21812310531171744,0.054560326671704434,0.5481113950715168,1.3689009829227519,10,SLC25A4;VDAC2;SLC25A6;MCU;VDAC3;SLC25A5;VDAC1;CYCS,KEGG,Training_CR
KEGG_MEDICUS_VARIANT_MUTATION_CAUSED_ABERRANT_ABETA_TO_MGLUR5_CA2_APOPTOTIC_PATHWAY,0.11501934576151952,0.21812310531171744,0.054560326671704434,0.5481113950715168,1.3689009829227519,10,SLC25A4;VDAC2;SLC25A6;MCU;VDAC3;SLC25A5;VDAC1;CYCS,KEGG,Training_CR
KEGG_MEDICUS_VARIANT_MUTATION_CAUSED_ABERRANT_HTT_TO_MGLUR5_CA2_APOPTOTIC_PATHWAY,0.11501934576151952,0.21812310531171744,0.054560326671704434,0.5481113950715168,1.3689009829227519,10,SLC25A4;VDAC2;SLC25A6;MCU;VDAC3;SLC25A5;VDAC1;CYCS,KEGG,Training_CR
KEGG_MEDICUS_PATHOGEN_ESCHERICHIA_ESPT_TO_RAC_SIGNALING_PATHWAY,0.12121212121212122,0.2194922194922195,0.05276831946555348,0.5280016378568958,1.3560715077461485,11,ARPC2;ARPC4;ACTR3;ACTR2;ARPC3,KEGG,Training_CR
KEGG_MEDICUS_PATHOGEN_SALMONELLA_SOPB_TO_ARNO_ARF_ACTB_G_SIGNALING_PATHWAY,0.13787204926445432,0.2308677912126188,0.048742381660649085,0.4795963113551437,1.3230405368107512,14,ARPC2;ARF6;ARPC4;ACTR3;ACTR2,KEGG,Training_CR
KEGG_MEDICUS_PATHOGEN_SHIGELLA_IPAC_TO_ACTIN_SIGNALING_PATHWAY,0.14472309299895506,0.2308677912126188,0.04793784454378861,0.5138471974065807,1.3197185269473197,11,ARPC2;ARPC4;ACTR3;ACTR2;ARPC3,KEGG,Training_CR
KEGG_MEDICUS_PATHOGEN_SHIGELLA_IPGD_TO_ARNO_ARF_ACTB_G_SIGNALING_PATHWAY,0.13787204926445432,0.2308677912126188,0.048742381660649085,0.4795963113551437,1.3230405368107512,14,ARPC2;ARF6;ARPC4;ACTR3;ACTR2,KEGG,Training_CR
KEGG_MEDICUS_REFERENCE_ARNO_ARF_ACTB_G_SIGNALING_PATHWAY,0.13787204926445432,0.2308677912126188,0.048742381660649085,0.4795963113551437,1.3230405368107512,14,ARPC2;ARF6;ARPC4;ACTR3;ACTR2,KEGG,Training_CR
KEGG_MEDICUS_REFERENCE_TIGHT_JUNCTION_ACTIN_SIGNALING_PATHWAY,0.14472309299895506,0.2308677912126188,0.04793784454378861,0.5138471974065807,1.3197185269473197,11,ARPC2;ARPC4;ACTR3;ACTR2;ARPC3,KEGG,Training_CR
KEGG_MEDICUS_ENV_FACTOR_IRON_TO_ANTEROGRADE_AXONAL_TRANSPORT,0.16549295774647887,0.25786112020962987,0.05240481612025527,-0.4751195628662893,-1.2925323026866224,11,TUBB4A;TUBB4B;TUBB2B,KEGG,Training_CR
KEGG_MEDICUS_ENV_FACTOR_ZN_TO_ANTEROGRADE_AXONAL_TRANSPORT,0.17123287671232876,0.2607409713574097,0.051620810578190644,-0.4556105421197826,-1.2757631197137254,12,TUBB4A;TUBB4B;TUBB2B,KEGG,Training_CR
KEGG_MEDICUS_REFERENCE_EGF_EGFR_ACTIN_SIGNALING_PATHWAY,0.1848127600554785,0.2751656649714902,0.04177670807757895,0.4793158736302666,1.2637452719788402,12,ARPC2;ARPC4;ACTR3;ACTR2;ARPC3,KEGG,Training_CR
KEGG_MEDICUS_VARIANT_MUTATION_CAUSED_ABERRANT_DCTN1_TO_RETROGRADE_AXONAL_TRANSPORT,0.1927230046948357,0.28070524596856505,0.04825537561826889,-0.45998758453862104,-1.2513667260177253,11,TUBB4A;TUBB4B;TUBB2B,KEGG,Training_CR
KEGG_MEDICUS_PATHOGEN_SALMONELLA_SOPE_TO_RAC_SIGNALING_PATHWAY,0.21168515950069347,0.3017639507775843,0.03869385805289945,0.4682879369021369,1.2346694502366917,12,ARPC2;ARPC4;ACTR3;ACTR2;ARPC3,KEGG,Training_CR
KEGG_MEDICUS_REFERENCE_VGCC_CA2_APOPTOTIC_PATHWAY,0.22740063313401337,0.3174133837495603,0.037446187171478275,0.4892257308540361,1.2218348128847236,10,SLC25A4;VDAC2;SLC25A6;MCU;VDAC3;SLC25A5;VDAC1;CYCS,KEGG,Training_CR
KEGG_MEDICUS_VARIANT_MUTATION_CAUSED_ABERRANT_ABETA_TO_ANTEROGRADE_AXONAL_TRANSPORT,0.28113879003558717,0.38441426392621103,0.03935790068340837,-0.39751152486955754,-1.1406383992356819,13,TUBB4A;TUBB4B;TUBB2B,KEGG,Training_CR
KEGG_MEDICUS_REFERENCE_ITGA_B_TALIN_VINCULIN_SIGNALING_PATHWAY,0.30987246102975907,0.41522909777987715,0.0371333747861846,-0.39957321898389886,-1.1188520222408185,12,ITGA7;ITGB1;TLN2;VCL;ITGA1;TLN1;ILK,KEGG,Training_CR
KEGG_MEDICUS_REFERENCE_RETROGRADE_AXONAL_TRANSPORT,0.34197142165173167,0.4406170240512697,0.03558725837418451,-0.36040435918101577,-1.0765581481263746,15,TUBB4A;TUBB4B;TUBB2B;DCTN3,KEGG,Training_CR
KEGG_MEDICUS_VARIANT_MUTATION_CAUSED_ABERRANT_HTT_TO_RETROGRADE_AXONAL_TRANSPORT,0.34197142165173167,0.4406170240512697,0.03558725837418451,-0.36040435918101577,-1.0765581481263746,15,TUBB4A;TUBB4B;TUBB2B;DCTN3,KEGG,Training_CR
KEGG_MEDICUS_REFERENCE_BETA_OXIDATION,0.3570422535211268,0.45135530162104703,0.0340697060515337,-0.39539744277487476,-1.0756533873349208,11,ACADL;HADH,KEGG,Training_CR
KEGG_MEDICUS_REFERENCE_TLR2_4_MAPK_SIGNALING_PATHWAY,0.40538163911361236,0.502973515196519,0.026363790434249766,0.4207935486841464,1.050926340121285,10,MAPK1;MAPK9;MAPK14;MAP2K4;MAP2K6,KEGG,Training_CR
KEGG_MEDICUS_REFERENCE_ISOLEUCINE_DEGRADATION,0.466404077849861,0.568164967562558,0.028741852737738022,-0.37300283530674505,-0.9861645647750656,10,HADH;ACAA1,KEGG,Training_CR
KEGG_MEDICUS_REFERENCE_RAB7_REGULATED_MICROTUBULE_MINUS_END_DIRECTED_TRANSPORT,0.49460985626283366,0.5917653637430331,0.02953408644663027,-0.28015310890836925,-0.9675357792900214,25,TUBB4A;TUBB4B;RAB7A;TUBB2B;DYNC1LI2;DCTN3,KEGG,Training_CR
KEGG_MEDICUS_PATHOGEN_HCV_CORE_TO_ERK_SIGNALING_PATHWAY,0.6008359456635318,0.7062457606922217,0.019881053990372155,0.34861967923858816,0.8953631582922876,11,MAPK1;YWHAH;YWHAQ;MAP2K2;ARAF;MAPK3;MAP2K1,KEGG,Training_CR
KEGG_MEDICUS_REFERENCE_CITRATE_CYCLE_SECOND_CARBON_OXIDATION_2,0.6123812873724939,0.7074059698958118,0.019741082816376286,0.35356747330901894,0.8830301031765236,10,FH;MDH2;SUCLA2,KEGG,Training_CR
KEGG_MEDICUS_REFERENCE_GLYCOLYSIS,0.6741132332878581,0.765518417462483,0.01784570181319017,0.2995848351269352,0.8540560296210989,16,PKM;PFKM;ENO3;GAPDH;ALDOA;PGAM2;LDHA;GPI,KEGG,Training_CR
KEGG_MEDICUS_VARIANT_MUTATION_CAUSED_ABERRANT_ABETA_TO_26S_PROTEASOME_MEDIATED_PROTEIN_DEGRADATION,0.7180269922879178,0.775932394891782,0.01605180536011566,0.24644398507825044,0.8416748348773516,32,PSMD7;PSMD3;PSMD6;PSMD2;PSMC5;PSMC4;PSMD8;PSMD1;PSMB2;PSMA6;PSMD11;PSMB1;PSMD12;PSMA4,KEGG,Training_CR
KEGG_MEDICUS_VARIANT_MUTATION_CAUSED_ABERRANT_HTT_TO_26S_PROTEASOME_MEDIATED_PROTEIN_DEGRADATION,0.7180269922879178,0.775932394891782,0.01605180536011566,0.24644398507825044,0.8416748348773516,32,PSMD7;PSMD3;PSMD6;PSMD2;PSMC5;PSMC4;PSMD8;PSMD1;PSMB2;PSMA6;PSMD11;PSMB1;PSMD12;PSMA4,KEGG,Training_CR
KEGG_MEDICUS_VARIANT_SCRAPIE_CONFORMATION_PRPSC_TO_26S_PROTEASOME_MEDIATED_PROTEIN_DEGRADATION,0.7180269922879178,0.775932394891782,0.01605180536011566,0.24644398507825044,0.8416748348773516,32,PSMD7;PSMD3;PSMD6;PSMD2;PSMC5;PSMC4;PSMD8;PSMD1;PSMB2;PSMA6;PSMD11;PSMB1;PSMD12;PSMA4,KEGG,Training_CR
KEGG_MEDICUS_VARIANT_MUTATION_CAUSED_ABERRANT_SNCA_TO_26S_PROTEASOME_MEDIATED_PROTEIN_DEGRADATION,0.7383057386272304,0.7851822934607053,0.01565515743435453,0.24221510350689096,0.8322851393144768,33,PSMD7;PSMD3;PSMD6;PSMD2;PSMC5;PSMC4;PSMD8;PSMD1;PSMB2;PSMA6;PSMD11;PSMB1;PSMD12;PSMA4,KEGG,Training_CR
KEGG_MEDICUS_REFERENCE_26S_PROTEASOME_MEDIATED_PROTEIN_DEGRADATION,0.844076515029738,0.870048100107576,0.013721770585881712,0.22085374678731656,0.75888451525805245,33,PSMD7;PSMD3;PSMD6;PSMD2;PSMC5;PSMC4;PSMD8;PSMD1;PSMB2;PSMA6;PSMD11;PSMB1;PSMD12;PSMA4,KEGG,Training_CR
KEGG_MEDICUS_VARIANT_MUTATION_INACTIVATED_UBQLN2_TO_26S_PROTEASOME_MEDIATED_PROTEIN_DEGRADATION,0.844076515029738,0.870048100107576,0.013721770585881712,0.22085374678731656,0.75888451525805245,33,PSMD7;PSMD3;PSMD6;PSMD2;PSMC5;PSMC4;PSMD8;PSMD1;PSMB2;PSMA6;PSMD11;PSMB1;PSMD12;PSMA4,KEGG,Training_CR
KEGG_MEDICUS_VARIANT_MUTATION_INACTIVATED_VCP_TO_26S_PROTEASOME_MEDIATED_PROTEIN_DEGRADATION,0.9110503458259611,0.9248541389445363,0.0126245509516998,0.2027678238334199,0.7011697838034698,34,PSMD7;PSMD3;PSMD6;PSMD2;PSMC5;PSMC4;PSMD8;PSMD1;PSMB2;PSMA6;PSMD11;PSMB1;PSMD12;PSMA4,KEGG,Training_CR
KEGG_MEDICUS_VARIANT_MUTATION_CAUSED_ABERRANT_SOD1_TO_26S_PROTEASOME_MEDIATED_PROTEIN_DEGRADATION,0.98825800225189,0.98825800225189,0.01143090377891728,0.16091366078408537,0.5564383668470674,34,PSMD7;PSMD3;PSMD6;PSMD2;PSMC5;PSMC4;PSMD8;PSMD1;PSMB2;PSMA6;PSMD11;PSMB1;PSMD12;PSMA4,KEGG,Training_CR
REACTOME_AEROBIC_RESPIRATION_AND_RESPIRATORY_ELECTRON_TRANSPORT,1.4503602094261026e-23,7.034247015716597e-21,1.2545134794370567,-0.560720927068127,-3.1442184426015416,166,NDUFA4;SDHC;DMAC2L;MPC2;NNT;ATP5F1D;SLC25A11;DLAT;PDHX;TRAP1;SDHD;DLD;ISCA2;MT-ND4;PDHB;ETFDH;COA3;ATP5PD;MT-ND5;DLST;PDHA1;NDUFB5;FH;NDUFAF3;SDHA;SUCLA2;ATP5F1C;SDHB;UQCRQ;COX11;OGDH;NDUFS5;ACAT1;SUCLG1;NDUFB4;IDH2;MT-ATP8;MT-ATP6;ATP5MF;VDAC1;IDH3A;MT-ND3;ATP5PO;SLC25A13;ATP5MG;ATP5ME;NDUFS6;NDUFA2;MT-CO2;UQCRB;NDUFA12;COX7C;SMIM20;NDUFB9;PKM;NDUFA8;NDUFB3;IDH3G;MDH2;NDUFS4;ACO2;IDH3B;NDUFV2;COX7A1;ME1;NDUFS3;NDUFB11;NDUFS8;GOT2;L2HGDH;FXN;NDUFB1;SFXN4;GOT1;COX5A;PDPR;UQCRC2;SLC25A4;COX4I1;HSPA9;NDUFA10;NDUFB7;NDUFA13;CYC1;NDUFV1;GPT;NDUFA9;NDUFA6;ATP5PF;SURF1;ETFB;ME2;ATP5PB;NDUFS1;UQCR10;CS;SLC25A12;LETM1;NDUFS2;COX5B;ATP5F1A;UQCRC1;NDUFA11;NDUFAF4;NDUFA3;NDUFA7;HAGH;NDUFA5;COX7A2;HCCS;TACO1;SCO1;GSTZ1;GLO1;D2HGDH,Reactome,Cancer_vs_Healthy
REACTOME_RESPIRATORY_ELECTRON_TRANSPORT,5.825140321330862e-14,1.4125965279227339e-11,0.9545416307257243,-0.5402891444278163,-2.8373415878504575,107,NDUFA4;SDHC;SLC25A11;TRAP1;SDHD;MT-ND4;ETFDH;COA3;MT-ND5;NDUFB5;NDUFAF3;SDHA;SDHB;UQCRQ;COX11;NDUFS5;NDUFB4;MT-ND3;SLC25A13;NDUFS6;NDUFA2;MT-CO2;UQCRB;NDUFA12;COX7C;SMIM20;NDUFB9;NDUFA8;NDUFB3;MDH2;NDUFS4;NDUFV2;COX7A1;NDUFS3;NDUFB11;NDUFS8;GOT2;FXN;NDUFB1;SFXN4;GOT1;COX5A;UQCRC2;COX4I1;HSPA9;NDUFA10;NDUFB7;NDUFA13;CYC1;NDUFV1;NDUFA9;NDUFA6;SURF1;ETFB;NDUFS1;UQCR10;SLC25A12;LETM1;NDUFS2;COX5B;UQCRC1;NDUFA11;NDUFAF4;NDUFA3;NDUFA7;NDUFA5;COX7A2;HCCS;TACO1;SCO1,Reactome,Cancer_vs_Healthy
REACTOME_MITOCHONDRIAL_PROTEIN_DEGRADATION,1.6969999007551576e-12,2.7434831728875047e-10,0.9101197347744591,-0.5686460718608455,-2.809425047050097,78,DBT;CLPP;ACAD8;SLC25A6;ALDH1B1;DLD;LONP1;PDHB;OXSM;ATP5PD;MT-ND5;PDHA1;FH;OPA1;ATP5F1C;ACADSB;IARS2;UQCRQ;OGDH;ACAT1;AFG3L2;ECH1;IDH2;MT-ATP6;TFAM;IDH3A;FECH;ATP5PO;HSD17B10;ATP5MG;NDUFA2;MT-CO2;BDH1;MRPL12;NADK2;ECI1;MDH2;ACO2;NDUFS3;PCCB;SHMT2;COX5A;UQCRC2;COX4I1;OXCT1;HSPA9;NDUFA13;NDUFV1;SLC25A5;ATP5PF;ME2;NDUFS1;CS,Reactome,Cancer_vs_Healthy
REACTOME_PLATELET_ACTIVATION_SIGNALING_AND_AGGREGATION,3.6129763892200814e-12,4.3807338719293485e-10,0.8986712320616942,0.6073737845301594,2.5232638798621787,87,SERPINA3;CLU;SERPING1;ITIH4;A2M;SERPINF2;GNAI3;TF;ORM1;FN1;SOD1;SPARC;CLEC3B;ALB;TAGLN2;SERPINA1;CAP1;TLN1;FLNA;LGALS3BP;GNG12;CD9;F13A1;GNAI2;ACTN4;GNB1;RAP1B;MGLL;PPIA;ANXA5;ARRB1;RHOA;CD36;RHOG;GNB2;CFL1;PPBP;PTPN11;CALM1;GNG2;YWHAZ;PSAP;GNAQ;CRK;GNAI1;VWF;VCL;MANF;THBS1;CDC42,Reactome,Cancer_vs_Healthy
REACTOME_COMPLEMENT_CASCADE,4.842293859495928e-11,4.69702504371105e-9,0.851339057116899,0.7987026708051421,2.6372168596166454,27,CFH;IGKV3-20;IGKV3-11;IGKV3-15;CLU;SERPING1;IGHV3-7;C3;CFB;CFI;IGLC2;IGHG2;IGHG1;C4A;CD81;C8G;C1QB;C1QC;IGKV4-1;IGLV1-40,Reactome,Cancer_vs_Healthy
REACTOME_NEUTROPHIL_DEGRANULATION,8.619887197737783e-11,6.967742151504707e-9,0.8390889356212738,0.46820667634596075,2.152539426023646,196,SERPINA3;PNP;CAT;C3;S100A9;STOM;TTR;ORM1;HP;ARPC5;LRG1;HBB;CAND1;SERPINA1;PGM2;CAP1;ALAD;S100A8;SPTAN1;S100A11;VAT1;DBNL;B2M;PAFAH1B2;HLA-B;GSN;PYGL;ANXA2;ACTR2;RAP1B;NPC2;PPIA;PDXK;NME2;AP2A2;CTSD;LGALS3;CST3;CYFIP1;PGAM1;LYZ;CTSZ;IDH1;RHOA;CD36;SDCBP;IQGAP1;RHOG;EEF1A1;PPBP;CD58;CNN2;HMGB1;TUBB;PA2G4;LAMP1;FABP5;TUBB4B;MGST1;ASAH1;PSAP;VCP;RAB7A;SNAP23;RAB14;VCL;CTSB;CD44;CTSG;TXNDC5;APEH;KPNB1;ACLY;CTSH;CD63;PRDX6;CSTB;GDI2;PECAM1;ADAM10;MVP;OSTF1;NAPRT;SURF4;LTF;CCT2;ERP44;RAP2B;HSP90AA1;MME;HSPA8;APRT;CYB5R3;DERA;MIF;RAB10,Reactome,Cancer_vs_Healthy
REACTOME_EXTRACELLULAR_MATRIX_ORGANIZATION,7.498946568328794e-9,5.195698693770665e-7,0.7477396631498854,0.5660285689718138,2.2941534277923403,75,FBLN1;A2M;TTR;FN1;SPARC;EFEMP1;FBLN2;LUM;FBN1;COL6A2;DCN;PPIB;CAST;CTSD;COL6A1;BGN;ASPN;ITGA1;COMP;ACTB;ITGB1;NID1;LAMC1;LAMB2;MFAP4;TNXB;VWF;CTSB;COL6A3;THBS1;CAPNS1;CD44;CTSG;KLKB1;COL18A1;P4HB;PECAM1;ADAM10;ACTN1;ITGA7;COL4A1;LAMB1;ITGA6;COL4A2;ACTC1;COL1A2;CTSL,Reactome,Cancer_vs_Healthy
REACTOME_CITRIC_ACID_CYCLE_TCA_CYCLE,1.328297654000079e-8,7.174700468006341e-7,0.7477396631498854,-0.7319695490644497,-2.738708088687208,25,SDHC;NNT;TRAP1;SDHD;DLD;ISCA2;DLST;FH;SDHA;SUCLA2;SDHB;OGDH;ACAT1;SUCLG1;IDH2;IDH3A;IDH3G;MDH2;ACO2;IDH3B,Reactome,Cancer_vs_Healthy
REACTOME_SCAVENGING_OF_HEME_FROM_PLASMA,1.3313877157125169e-8,7.174700468006341e-7,0.7477396631498854,0.829905828460704,2.479627350307355,18,IGKV3-20;IGKV3-11;IGKV3-15;IGHV3-7;IGLC2;IGHA1;HBA1;HP;HBB;IGHA2;ALB;APOL1;JCHAIN;IGKV4-1;IGLV1-40;HPR,Reactome,Cancer_vs_Healthy
REACTOME_RESPONSE_TO_ELEVATED_PLATELET_CYTOSOLIC_CA2,2.7215364794445872e-8,1.3199451925306247e-6,0.7337619883564803,0.6065167631053235,2.3511217340642876,58,SERPINA3;CLU;SERPING1;ITIH4;A2M;SERPINF2;TF;ORM1;FN1;SOD1;SPARC;CLEC3B;ALB;TAGLN2;SERPINA1;CAP1;TLN1;FLNA;LGALS3BP;CD9;F13A1;ACTN4;PPIA;ANXA5;CD36;CFL1;PPBP;CALM1;PSAP;VWF;VCL;MANF;THBS1,Reactome,Cancer_vs_Healthy
REACTOME_BINDING_AND_UPTAKE_OF_LIGANDS_BY_SCAVENGER_RECEPTORS,3.2161487545442094e-8,1.4180292235944924e-6,0.7195128263389107,0.7092007816834719,2.4156916266655264,31,IGKV3-20;IGKV3-11;IGKV3-15;IGHV3-7;APOE;IGLC2;IGHA1;HBA1;HP;SPARC;HBB;IGHA2;ALB;APOL1;JCHAIN;IGKV4-1;IGLV1-40;CD36;HPR;HSP90B1;CALR;CD163;IGLV1-51;COL4A1;HSP90AA1;COL4A2;HYOU1;COL1A2,Reactome,Cancer_vs_Healthy
REACTOME_TRANSLATION,1.1561865457738115e-7,4.672920622502488e-6,0.7049757151672383,-0.3509724327954129,-1.9807716752629485,175,FARSB;RPS2;RPS9;EIF3B;EPRS1;RARS1;DARS1;KARS1;EIF3C;GARS1;EIF3J;MRPL49;RPS3;LARS1;RPL30;HARS1;VARS1;EIF4G1;AIMP2;TSFM;GSPT1;EIF2S1;EIF3A;SRPRB;EEF1G;NARS1;RPS15A;EEF1A2;AIMP1;MRPL46;EIF2B3;MRPL15;RPS4X;RPS8;MRPL13;EIF3D;MRPL38;IARS2;EIF3L;IARS1;ETF1;RPL4;GFM1;EIF3E;RPL32;FARSA;MRPS27;RPL27;EIF2S2;MRPL12;EIF3K;QARS1;RPS11;RPS12;MRPS18B,Reactome,Cancer_vs_Healthy
REACTOME_COMPLEX_I_BIOGENESIS,1.9315122539079186e-7,6.533381257982758e-6,0.6901324587967956,-0.5566304235505409,-2.4884453990445916,50,MT-ND4;MT-ND5;NDUFB5;NDUFAF3;NDUFS5;NDUFB4;MT-ND3;NDUFS6;NDUFA2;NDUFA12;NDUFB9;NDUFA8;NDUFB3;NDUFS4;NDUFV2;NDUFS3;NDUFB11;NDUFS8;NDUFB1;SFXN4;HSPA9;NDUFA10;NDUFB7;NDUFA13;NDUFV1;NDUFA9;NDUFA6;NDUFS1;NDUFS2;NDUFA11;NDUFAF4;NDUFA3;NDUFA7;NDUFA5,Reactome,Cancer_vs_Healthy
REACTOME_IMMUNOREGULATORY_INTERACTIONS_BETWEEN_A_LYMPHOID_AND_A_NON_LYMPHOID_CELL,2.020633378757554e-7,6.533381257982758e-6,0.6901324587967956,0.7832014030749231,2.3759413175783957,19,IGKV3-20;IGKV3-11;IGKV3-15;IGHV3-7;C3;IGLC2;CD81;B2M;HLA-B;IGKV4-1;IGLV1-40;CD34;IFITM1;ITGB1,Reactome,Cancer_vs_Healthy
REACTOME_INITIAL_TRIGGERING_OF_COMPLEMENT,1.7805685754212954e-7,6.533381257982758e-6,0.6901324587967956,0.7993404878093215,2.3883029469214856,18,IGKV3-20;IGKV3-11;IGKV3-15;IGHV3-7;C3;CFB;IGLC2;IGHG2;IGHG1;C4A;C1QB;C1QC;IGKV4-1;IGLV1-40;C1S,Reactome,Cancer_vs_Healthy
REACTOME_INTERLEUKIN_12_SIGNALING,1.1871931718618553e-6,3.386992284429411e-5,0.6435518361507222,0.6767203934082354,2.2517218451506027,28,SOD1;HNRNPA2B1;MSN;LCP1;ANXA2;RAP1B;PITPNA;PPIA;TALDO1;ARF1;PSME2;BOLA2;CFL1;CNN2;HNRNPF;CDC42;CAPZA1;MTAP;SOD2;P4HB;GSTO1,Reactome,Cancer_vs_Healthy
REACTOME_REGULATION_OF_INSULIN_LIKE_GROWTH_FACTOR_IGF_TRANSPORT_AND_UPTAKE_BY_INSULIN_LIKE_GROWTH_FACTOR_BINDING_PROTEINS_IGFBPS,1.1495048571851471e-6,3.386992284429411e-5,0.6435518361507222,0.6773367414114753,2.2537726836898706,28,CP;C3;APOE;TF;FN1;ALB;SERPINA1;LGALS1;APOL1;C4A;FBN1;CST3;HSP90B1;LAMC1;LAMB2;RCN1;CTSG;NUCB1;PDIA6;P4HB;ADAM10;LAMB1,Reactome,Cancer_vs_Healthy
REACTOME_CELL_SURFACE_INTERACTIONS_AT_THE_VASCULAR_WALL,1.9962337520948483e-6,4.693490117008202e-5,0.6272567397185284,0.635202939870585,2.238679756293743,36,IGKV3-20;IGKV3-11;IGKV3-15;IGHV3-7;IGLC2;IGHM;IGHA1;FN1;IGHA2;CAV1;PPIA;JCHAIN;IGKV4-1;IGLV1-40;GYPC;ITGB1;PTPN11;CD58;CD44;KRAS;ESAM;PROS1;IGLV1-51;PECAM1;ITGA6;COL1A2;MIF,Reactome,Cancer_vs_Healthy
REACTOME_CREATION_OF_C4_AND_C2_ACTIVATORS,2.0322328341685e-6,4.693490117008202e-5,0.6272567397185284,0.8072116636788705,2.258857174376726,14,IGKV3-20;IGKV3-11;IGKV3-15;IGHV3-7;IGLC2;IGHG2;IGHG1;C1QB;C1QC;IGKV4-1;IGLV1-40;C1S,Reactome,Cancer_vs_Healthy
REACTOME_GPCR_LIGAND_BINDING,1.8532972654924154e-6,4.693490117008202e-5,0.6435518361507222,0.8377642832746335,2.242115145046495,12,C3;AGT;ANXA1;HEBP1;GNG12;GNB1;GNAS;GNB2;PPBP;GNG2;PSAP,Reactome,Cancer_vs_Healthy
REACTOME_METABOLISM_OF_AMINO_ACIDS_AND_DERIVATIVES,1.7565943514288017e-6,4.693490117008202e-5,0.6435518361507222,-0.3178764032107469,-1.8104176151203606,186,RPS2;RPS9;EPRS1;RARS1;DARS1;KARS1;DBT;RPS3;LARS1;RPL30;ACAD8;AIMP2;DLD;RPS15A;AIMP1;DLST;PSMD3;RPS4X;ALDH4A1;GLS;RPS8;ACADSB;MCCC2;BCAT2;MCCC1;IARS1;RPL4;OGDH;ACAT1;PSMD1;PSMD12;RPL32;PSMD11;ETHE1;SLC25A13;HSD17B10;RPL27;TXNRD1;AUH;CKMT2;PSMD7;GCDH;QARS1;IVD;RIDA;RPS11;RPS12;SMS;PSMD6;PSMA1;PSMD2;GOT2;ADI1;PSMC4;GAMT;GCSH;GOT1;TST;PSMC5;RPL31;NNMT;RPS3A;PSMD8;BCKDK;RPS13;ASPA;PSMD13;RPL36AL;GPT;RPL7A;RPS24;ENOPH1;SUOX;SLC25A12,Reactome,Cancer_vs_Healthy
REACTOME_GENE_AND_PROTEIN_EXPRESSION_BY_JAK_STAT_SIGNALING_AFTER_INTERLEUKIN_12_STIMULATION,2.5689229434106263e-6,5.663307397973426e-5,0.6272567397185284,0.6739920132343753,2.2254377824439553,27,SOD1;HNRNPA2B1;MSN;LCP1;ANXA2;RAP1B;PITPNA;PPIA;TALDO1;ARF1;PSME2;BOLA2;CFL1;CNN2;HNRNPF;CDC42;CAPZA1;MTAP;SOD2;GSTO1,Reactome,Cancer_vs_Healthy
REACTOME_FCGAMMA_RECEPTOR_FCGR_DEPENDENT_PHAGOCYTOSIS,2.7477564039598896e-6,5.794181982263245e-5,0.6272567397185284,0.6325288640947011,2.22925536775504,36,IGKV3-20;IGKV3-11;IGKV3-15;IGHV3-7;IGLC2;IGHG2;IGHG1;ARPC5;ARPC1B;ACTR2;MYO1C;ACTR3;CYFIP1;IGKV4-1;MYH9;IGLV1-40;ACTB;CFL1;ARPC3;CRK;CDC42;ARPC2;IGLV1-51,Reactome,Cancer_vs_Healthy
REACTOME_CRISTAE_FORMATION,5.318755953258621e-6,1.0318386549321723e-4,0.610526878385931,-0.6427545940397769,-2.40490496904893,25,DMAC2L;TMEM11;ATP5F1D;MTX1;ATP5PD;SAMM50;ATP5F1C;APOO;MT-ATP8;MT-ATP6;ATP5MF;ATP5PO;ATP5MG;ATP5ME;MICOS13;APOOL;IMMT;CHCHD3;HSPA9;ATP5PF;ATP5PB,Reactome,Cancer_vs_Healthy
REACTOME_INTEGRIN_CELL_SURFACE_INTERACTIONS,5.13437680600731e-6,1.0318386549321723e-4,0.610526878385931,0.7063920555802066,2.196875982811245,21,FN1;LUM;FBN1;COL6A2;COL6A1;ITGA1;COMP;ITGB1;VWF;COL6A3;THBS1;CD44;COL18A1;PECAM1;ITGA7;COL4A1;ITGA6;COL4A2;COL1A2,Reactome,Cancer_vs_Healthy
REACTOME_CYTOSOLIC_TRNA_AMINOACYLATION,5.9485270196023435e-6,1.0919058779693045e-4,0.610526878385931,-0.6566298392369528,-2.3929409252563287,23,FARSB;EPRS1;RARS1;DARS1;KARS1;GARS1;LARS1;HARS1;VARS1;AIMP2;NARS1;AIMP1;IARS1;FARSA,Reactome,Cancer_vs_Healthy
REACTOME_DEGRADATION_OF_THE_EXTRACELLULAR_MATRIX,6.393180237047971e-6,1.0919058779693045e-4,0.610526878385931,0.6251855980061527,2.1628111692394256,33,A2M;FN1;FBN1;COL6A2;DCN;CAST;CTSD;COL6A1;NID1;LAMC1;CTSB;COL6A3;CAPNS1;CD44;CTSG;KLKB1;COL18A1;ADAM10;COL4A1;LAMB1;COL4A2;COL1A2;CTSL;COL15A1;CASP3;CAPN3;PHYKPL,Reactome,Cancer_vs_Healthy
REACTOME_FCGR_ACTIVATION,6.460751980625673e-6,1.0919058779693045e-4,0.610526878385931,0.8626767641557237,2.199072283864734,10,IGKV3-20;IGKV3-11;IGKV3-15;IGHV3-7;IGLC2;IGHG2;IGHG1;IGKV4-1;IGLV1-40,Reactome,Cancer_vs_Healthy
REACTOME_MITOCHONDRIAL_BIOGENESIS,6.528921744558727e-6,1.0919058779693045e-4,0.610526878385931,-0.5490804333986843,-2.346738167797842,41,DMAC2L;TMEM11;ATP5F1D;MTX1;ATP5PD;SAMM50;ATP5F1C;APOO;MAPK14;IDH2;MT-ATP8;MT-ATP6;ATP5MF;TFAM;ATP5PO;ATP5MG;ATP5ME;PRKAG1;MICOS13;SIRT5;CARM1;APOOL;IMMT;CHCHD3;HSPA9;MAPK12;ATP5PF;ATP5PB;PRKAB2;PRKAA2;ATP5F1A,Reactome,Cancer_vs_Healthy
REACTOME_ECM_PROTEOGLYCANS,8.099756495750782e-6,1.30946063347971e-4,0.5933254763964051,0.7043739579925271,2.216877921915611,22,FN1;SPARC;LUM;COL6A2;DCN;COL6A1;BGN;ASPN;COMP;ITGB1;LAMC1;LAMB2;TNXB;COL6A3;ITGA7;COL4A1;LAMB1;COL4A2;COL1A2,Reactome,Cancer_vs_Healthy
REACTOME_TRNA_AMINOACYLATION,1.1708500277608053e-5,1.831813753109647e-4,0.5933254763964051,-0.5884857943572503,-2.335946150721226,31,FARSB;EPRS1;RARS1;DARS1;KARS1;GARS1;LARS1;HARS1;VARS1;AIMP2;NARS1;AIMP1;IARS2;IARS1;FARSA,Reactome,Cancer_vs_Healthy
REACTOME_ROLE_OF_PHOSPHOLIPIDS_IN_PHAGOCYTOSIS,1.255816490720889e-5,1.9033468687488473e-4,0.5933254763964051,0.8067097415016937,2.159003630481291,12,IGKV3-20;IGKV3-11;IGKV3-15;IGHV3-7;IGLC2;IGHG2;IGHG1;IGKV4-1;IGLV1-40,Reactome,Cancer_vs_Healthy
REACTOME_INTERLEUKIN_12_FAMILY_SIGNALING,1.5199930166766239e-5,2.2339291305701898e-4,0.5933254763964051,0.628122335370861,2.139520859629006,31,SOD1;HNRNPA2B1;MSN;LCP1;ANXA2;RAP1B;PITPNA;PPIA;TALDO1;ARF1;PSME2;BOLA2;CFL1;CNN2;HNRNPF;CDC42;CAPZA1;MTAP;SOD2;P4HB;GSTO1,Reactome,Cancer_vs_Healthy
REACTOME_METABOLISM_OF_FAT_SOLUBLE_VITAMINS,5.475624131194152e-5,7.810816775379893e-4,0.557332238758646,0.7698975565468474,2.1107723009401025,13,APOC2;APOE;RBP4;TTR;AKR1C1;APOM;AKR1C3;RETSAT,Reactome,Cancer_vs_Healthy
REACTOME_CELL_CELL_COMMUNICATION,7.766681095644104e-5,0.0010762400946821116,0.5384340963099162,0.5978556167162052,2.036425853660265,31,SPTBN1;FLNA;SPTAN1;ILK;ACTN4;PARVA;CTNNA1;IQGAP1;ACTB;ITGB1;PTPN11;RSU1;LIMS1;FERMT2;ACTN1;VASP;ITGA6;ACTN3;AGO2,Reactome,Cancer_vs_Healthy
REACTOME_EPH_EPHRIN_SIGNALING,8.527181111327174e-5,0.0011488007886093553,0.5384340963099162,0.5873409986289274,2.0185773004275225,32,ARPC5;ARPC1B;ACTR2;AP2A1;MYL12B;AP2A2;ACTR3;MYH9;RHOA;SDCBP;ACTB;CFL1;ARPC3;CLTC;MYL9;MYH10;AP2B1;CDC42;ARPC2;MYL6;ADAM10;AP2M1,Reactome,Cancer_vs_Healthy
REACTOME_BRANCHED_CHAIN_AMINO_ACID_CATABOLISM,1.2095985192841847e-4,0.0015855548158184584,0.5384340963099162,-0.6617126364935777,-2.232869375221652,18,DBT;ACAD8;DLD;ACADSB;MCCC2;BCAT2;MCCC1;ACAT1;HSD17B10;AUH;IVD,Reactome,Cancer_vs_Healthy
REACTOME_DEVELOPMENTAL_CELL_LINEAGES,1.564298125598863e-4,0.0019965383971459172,0.5188480777437918,0.644378217314076,2.0040132363907706,21,FN1;YAP1;ANXA1;CA2;ANXA2;ITGB1;LAMC1;LAMB2;CSPG4;FABP5;AQP1;LAMB1;ITGA6;COL1A2,Reactome,Cancer_vs_Healthy
REACTOME_RHOC_GTPASE_CYCLE,1.860613772689123e-4,0.002313840204498012,0.5188480777437918,0.6796652238430365,2.061851116596326,19,STOM;ARHGAP1;FLOT2;CAV1;CAVIN1;MCAM;ARHGDIA;RHOA;IQGAP1;FLOT1;RHOC,Reactome,Cancer_vs_Healthy
REACTOME_RAC1_GTPASE_CYCLE,2.0029205465375206e-4,0.002428541162676744,0.5188480777437918,0.6111510579428372,1.979866934258121,25,ARHGAP1;CAV1;MCAM;CYFIP1;ARHGDIA;IQGAP1;ESYT1;ITGB1;ARHGDIB;RAB7A;SNAP23;CDC42;FERMT2;GNA13;EMD,Reactome,Cancer_vs_Healthy
REACTOME_MITOCHONDRIAL_TRANSLATION,2.698572577965644e-4,0.003192213903203262,0.49849310876659025,-0.559355157207872,-2.1424720159049087,27,MRPL49;TSFM;MRPL46;MRPL15;MRPL13;MRPL38;GFM1;MRPS27;MRPL12;MRPS18B;MRPS17;TUFM;MRPL37;MRPL48,Reactome,Cancer_vs_Healthy
REACTOME_PLASMA_LIPOPROTEIN_ASSEMBLY_REMODELING_AND_CLEARANCE,3.222170770036162e-4,0.0036494786346661025,0.49849310876659025,0.6847725919508761,2.0188390034568573,17,APOC2;A2M;APOE;ALB;HDLBP;AP2A1;NPC2;AP2A2;CLTC;APOC1;AP2B1;P4HB;AP2M1,Reactome,Cancer_vs_Healthy
REACTOME_RHOB_GTPASE_CYCLE,3.2356202327967507e-4,0.0036494786346661025,0.49849310876659025,0.7307580246676932,2.003466284626939,13,STOM;ARHGAP1;FLOT2;CAV1;CAVIN1;MCAM;FLOT1;SNAP23,Reactome,Cancer_vs_Healthy
REACTOME_ACTIVATION_OF_THE_MRNA_UPON_BINDING_OF_THE_CAP_BINDING_COMPLEX_AND_EIFS_AND_SUBSEQUENT_BINDING_TO_43S,3.9621280932989716e-4,0.004367345739204548,0.49849310876659025,-0.41492083746181824,-1.892919103611588,54,RPS2;RPS9;EIF3B;EIF3C;EIF3J;RPS3;EIF4G1;EIF2S1;EIF3A;RPS15A;RPS4X;RPS8;EIF3D;EIF3L;EIF3E;EIF2S2;EIF3K;RPS11;RPS12,Reactome,Cancer_vs_Healthy
REACTOME_RHO_GTPASE_EFFECTORS,4.996633283619469e-4,0.005385260316789872,0.47727081536286214,0.4271034513301375,1.7837761472767961,89,S100A9;ARPC5;ARPC1B;CTTN;S100A8;FLNA;TUBB6;ACTR2;TUBB4A;DYNC1LI2;MYL12B;ACTR3;CYFIP1;MYH9;CTNNA1;RHOA;TUBB2B;IQGAP1;YWHAQ;RHOG;ACTB;ITGB1;CFL1;ARPC3;CALM1;YWHAZ;YWHAB;MYL9;TUBB4B;MYH10;MAPRE1;CDC42;YWHAH;RHOC;TUBA1B;TUBB2A;ARPC2;TUBA1C;PPP1R12B;MYL6,Reactome,Cancer_vs_Healthy
REACTOME_FORMATION_OF_ATP_BY_CHEMIOSMOTIC_COUPLING,5.367767619695142e-4,0.005540536843514534,0.47727081536286214,-0.6670039008882728,-2.106230967360151,15,DMAC2L;ATP5F1D;ATP5PD;ATP5F1C;MT-ATP8;MT-ATP6;ATP5MF;ATP5PO;ATP5MG;ATP5ME,Reactome,Cancer_vs_Healthy
REACTOME_SMOOTH_MUSCLE_CONTRACTION,5.3691800339213e-4,0.005540536843514534,0.47727081536286214,0.5865980120970885,1.9194272144656275,26,ANXA1;TLN1;TPM4;ANXA2;CALD1;MYL12B;ITGA1;SORBS1;CALM1;MYL9;ANXA6;VCL;ALDH2;MYL6,Reactome,Cancer_vs_Healthy
REACTOME_VISUAL_PHOTOTRANSDUCTION,6.039309407692128e-4,0.006102218880688921,0.47727081536286214,0.6669169246942721,1.992642285597697,18,APOC2;APOE;RBP4;TTR;AKR1C1;APOM;GNB1;AKR1C3;RETSAT;CALM1,Reactome,Cancer_vs_Healthy
REACTOME_EXTRA_NUCLEAR_ESTROGEN_SIGNALING,8.952994339846686e-4,0.008684404509651284,0.47727081536286214,0.6011637491945938,1.8696164430354507,21,GNAI3;GNG12;GNAI2;GNB1;CAV1;CAV2;GNB2;CALM1;GNG2;GNAI1;KRAS;HSP90AA1;MAPK3,Reactome,Cancer_vs_Healthy
REACTOME_L1CAM_INTERACTIONS,8.803898230915673e-4,0.008684404509651284,0.47727081536286214,0.5000971750726557,1.849347362275261,45,ANK1;SPTBN1;SPTB;TUBB6;SPTAN1;MSN;TUBB4A;AP2A1;DPYSL2;AP2A2;TUBB2B;SDCBP;ITGA1;ACTB;ITGB1;CLTC;LAMC1;TUBB4B;AP2B1;TUBA1B;TUBB2A;TUBA1C;NRP1;EZR;AP2M1;LAMB1;HSPA8;MAPK3,Reactome,Cancer_vs_Healthy
REACTOME_INTERLEUKIN_4_AND_INTERLEUKIN_13_SIGNALING,9.724839520361991e-4,0.009248131700736403,0.47727081536286214,0.6516472706711334,1.9470189745580175,18,IGHG1;FN1;FSCN1;ANXA1;VIM;F13A1;CD36;ITGB1;HSP90B1;MAOA;HSP90AA1;HSPA8;COL1A2;STAT1,Reactome,Cancer_vs_Healthy
REACTOME_G_ALPHA_Z_SIGNALLING_EVENTS,0.0011741374666118618,0.010951089832822173,0.45505986738722953,0.7535007624486957,1.920768834191948,10,GNAI3;GNG12;GNAI2;GNB1;GNAS;GNB2;GNG2;GNAI1,Reactome,Cancer_vs_Healthy
REACTOME_AMYLOID_FIBER_FORMATION,0.0013347173432560308,0.01221392285809764,0.45505986738722953,0.6874123514583326,1.9631363948044083,15,SNCA;APOE;TTR;B2M;GSN;CST3;LYZ;TGFBI,Reactome,Cancer_vs_Healthy
REACTOME_REGULATION_OF_PTEN_STABILITY_AND_ACTIVITY,0.0013721321764495343,0.012323779732926372,0.45505986738722953,-0.42480340881257633,-1.7671535481649976,37,USP13;STUB1;PSMD3;PSMD1;PSMD12;PSMD11;CSNK2A1;PSMD7;PSMD6;PSMA1;PSMD2;PSMC4;CSNK2B;PSMC5;PSMD8;PSMD13,Reactome,Cancer_vs_Healthy
REACTOME_GOLGI_ASSOCIATED_VESICLE_BIOGENESIS,0.0015020273177364595,0.013008629448253267,0.45505986738722953,0.5836675505623008,1.8712591915638137,24,ARRB1;ARF1;PICALM;CLTC;AP1B1;AP3B1;SNX2;VAMP2;NAPA;TXNDC5;SNX9;CLINT1;SNX5;HSPA8;RAB5C;FTL;AP1G1;TPD52L1;CLTA,Reactome,Cancer_vs_Healthy
REACTOME_NEF_MEDIATES_DOWN_MODULATION_OF_CELL_SURFACE_RECEPTORS_BY_RECRUITING_THEM_TO_CLATHRIN_ADAPTERS,0.001498267869870257,0.013008629448253267,0.45505986738722953,0.7206791922959265,1.883367695843913,11,ATP6V1H;B2M;AP2A1;AP2A2;ARF1;AP1B1;AP2B1;HLA-A;AP2M1,Reactome,Cancer_vs_Healthy
REACTOME_MATURATION_OF_TCA_ENZYMES_AND_REGULATION_OF_TCA_CYCLE,0.0015301945000944907,0.01302007600957593,0.45505986738722953,-0.6652454249913133,-1.9555330469635028,12,SDHC;SDHD;ISCA2;SDHA;SDHB;ACAT1;IDH2;ACO2;FXN,Reactome,Cancer_vs_Healthy
REACTOME_ANTIGEN_ACTIVATES_B_CELL_RECEPTOR_BCR_LEADING_TO_GENERATION_OF_SECOND_MESSENGERS,0.0019513398887059795,0.01391764479444706,0.45505986738722953,0.6711179167521863,1.8780198420318241,14,IGKV3-20;IGKV3-11;IGKV3-15;IGHV3-7;IGLC2;IGHM;IGKV4-1;IGLV1-40;CALM1,Reactome,Cancer_vs_Healthy
REACTOME_CELL_JUNCTION_ORGANIZATION,0.001934240185433541,0.01391764479444706,0.45505986738722953,0.5927024853514851,1.865414016419611,22,FLNA;ILK;PARVA;CTNNA1;ACTB;ITGB1;RSU1;LIMS1;FERMT2;ACTN1;VASP;ITGA6;AGO2,Reactome,Cancer_vs_Healthy
REACTOME_EPIGENETIC_REGULATION_BY_WDR5_CONTAINING_HISTONE_MODIFYING_COMPLEXES,0.0018612888814999817,0.01391764479444706,0.45505986738722953,0.7085402303626815,1.8516446642779278,11,PLIN1;MGLL;FABP4;PLIN4;CD36,Reactome,Cancer_vs_Healthy
REACTOME_EPIGENETIC_REGULATION_OF_GENE_EXPRESSION_BY_MLL3_AND_MLL4_COMPLEXES,0.0018612888814999817,0.01391764479444706,0.45505986738722953,0.7085402303626815,1.8516446642779278,11,PLIN1;MGLL;FABP4;PLIN4;CD36,Reactome,Cancer_vs_Healthy
REACTOME_FOXO_MEDIATED_TRANSCRIPTION,0.0018915530799388472,0.01391764479444706,0.45505986738722953,0.7068818462040991,1.8473107703831655,11,CAT;CAV1;TXN;YWHAQ;YWHAZ;YWHAB;SOD2,Reactome,Cancer_vs_Healthy
REACTOME_G_ALPHA_S_SIGNALLING_EVENTS,0.0019513398887059795,0.01391764479444706,0.45505986738722953,0.6709679882527984,1.8776002902813669,14,GNAI3;FN1;GNG12;GNAI2;GNB1;ARRB1;GNAS;GNB2;ITGB1;GNG2;GNAI1,Reactome,Cancer_vs_Healthy
REACTOME_INTRACELLULAR_SIGNALING_BY_SECOND_MESSENGERS,0.0016973308751547676,0.01391764479444706,0.45505986738722953,-0.3510345067776952,-1.7028228570989383,71,CAMK2B;PIP4K2B;PRKAR2A;CAMK2D;AHCYL1;PRKAR1A;USP13;PPP2R5D;STUB1;PSMD3;PPP2CA;PSMD1;PSMD12;PSMD11;CSNK2A1;PPP2R5A;PSMD7;GRB2;RBBP4;PSMD6;PSMA1;PSMD2;PSMC4;CAMK2G;CSNK2B;PSMC5;PSMD8;PSMD13,Reactome,Cancer_vs_Healthy
REACTOME_MITOCHONDRIAL_PROTEIN_IMPORT,0.0019293037664830932,0.01391764479444706,0.45505986738722953,-0.41342284378644656,-1.8279800654651341,47,PMPCB;SLC25A6;MTX1;TIMM50;SAMM50;VDAC1;SLC25A13;IDH3G;ACO2;CHCHD7;TIMM44;TIMM8A;COA6;FXN;CHCHD3;SLC25A4;HSPA9;CYC1;TIMM13;CS;SLC25A12;ATP5F1A;LDHD;TOMM22,Reactome,Cancer_vs_Healthy
REACTOME_NEDDYLATION,0.001782507973395682,0.01391764479444706,0.45505986738722953,-0.34195168088636896,-1.6692592082155813,73,COPS7A;ELOB;CUL5;COPS5;PSMD3;UBE2M;CUL4A;DDB1;GPS1;ELOC;PSMD1;PSMD12;PSMD11;RNF7;CUL1;UFD1;CUL3;NPLOC4;PSMD7;PSMD6;PSMA1;PSMD2;PSMC4;UBE2D1;COPS8;CUL4B;PSMC5;PSMD8;PSMD13;COPS3;UCHL3;UBE2F;PSMB1;COPS6,Reactome,Cancer_vs_Healthy
REACTOME_PLASMA_LIPOPROTEIN_CLEARANCE,0.0018612888814999817,0.01391764479444706,0.45505986738722953,0.7082800928491039,1.8509648408630341,11,APOE;HDLBP;AP2A1;NPC2;AP2A2;CLTC;APOC1;AP2B1,Reactome,Cancer_vs_Healthy
REACTOME_RECYCLING_PATHWAY_OF_L1,0.0017508483701081325,0.01391764479444706,0.45505986738722953,0.5872765963289412,1.8675729380660453,23,TUBB6;MSN;TUBB4A;AP2A1;DPYSL2;AP2A2;TUBB2B;ACTB;CLTC;TUBB4B;AP2B1;TUBA1B;TUBB2A;TUBA1C;EZR;AP2M1,Reactome,Cancer_vs_Healthy
REACTOME_FCERI_MEDIATED_CA_2_MOBILIZATION,0.0020393686366979393,0.014334692591282618,0.4317076958033464,0.6679564706725746,1.869173023434345,14,IGKV3-20;IGKV3-11;IGKV3-15;IGHV3-7;IGLC2;IGKV4-1;IGLV1-40;CALM1,Reactome,Cancer_vs_Healthy
REACTOME_FCGR3A_MEDIATED_IL10_SYNTHESIS,0.0022476024496872688,0.015572674115690363,0.4317076958033464,0.6710940393859915,1.916533984674554,15,IGKV3-20;IGKV3-11;IGKV3-15;IGHV3-7;IGLC2;IGHG2;IGHG1;IGKV4-1;IGLV1-40;CALM1,Reactome,Cancer_vs_Healthy
REACTOME_COLLAGEN_FORMATION,0.002473157646171469,0.016659464699905032,0.4317076958033464,0.6279661382312752,1.851362843100509,17,COL6A2;PPIB;COL6A1;CTSB;COL6A3;COL18A1;P4HB;COL4A1;ITGA6;COL4A2;COL1A2;CTSL;COL15A1,Reactome,Cancer_vs_Healthy
REACTOME_COPI_DEPENDENT_GOLGI_TO_ER_RETROGRADE_TRAFFIC,0.0024630541871921183,0.016659464699905032,0.35481951210374685,0.5237291010298945,1.7839348696088229,31,RAB1A;TUBB6;TUBB4A;ARF1;TUBB2B;SEC22B;TUBB4B;RAB1B;COPE;TUBA1B;TUBB2A;NAPA;TUBA1C;COPA;SURF4;TMED9;TMED7,Reactome,Cancer_vs_Healthy
REACTOME_COLLAGEN_DEGRADATION,0.0025381992482783056,0.01686337856732847,0.4317076958033464,0.6601398070022255,1.8472992973647946,14,COL6A2;CTSD;COL6A1;CTSB;COL6A3;COL18A1;ADAM10;COL4A1;COL4A2;COL1A2;CTSL;COL15A1;PHYKPL,Reactome,Cancer_vs_Healthy
REACTOME_TRANS_GOLGI_NETWORK_VESICLE_BUDDING,0.0027548209366391185,0.0180552453279726,0.3350685587170139,0.525633620985438,1.777162395970893,30,ARRB1;ARF1;PICALM;CTSZ;CLTC;AP1B1;AP3B1;SNAP23;SNX2;VAMP2;NAPA;TXNDC5;SNX9;CLINT1;SNX5;HSPA8;HGS;RAB5C;FTL;AP1G1;TPD52L1;CLTA,Reactome,Cancer_vs_Healthy
REACTOME_DEVELOPMENTAL_CELL_LINEAGES_OF_THE_EXOCRINE_PANCREAS,0.0028903156925216525,0.018444777774644757,0.4317076958033464,0.6565377508371425,1.8372194994913056,14,FN1;YAP1;ANXA1;CA2;ANXA2;LAMC1;LAMB2;AQP1,Reactome,Cancer_vs_Healthy
REACTOME_DEVELOPMENTAL_LINEAGE_OF_PANCREATIC_DUCTAL_CELLS,0.0028903156925216525,0.018444777774644757,0.4317076958033464,0.6565377508371425,1.8372194994913056,14,FN1;YAP1;ANXA1;CA2;ANXA2;LAMC1;LAMB2;AQP1,Reactome,Cancer_vs_Healthy
REACTOME_PROTEIN_LOCALIZATION,0.0029626817411251265,0.01866104733046346,0.4317076958033464,-0.33483803310240134,-1.656716199922644,79,FIS1;ECI2;PMPCB;SLC25A6;MTX1;TIMM50;CRAT;SAMM50;HSD17B4;ECH1;VDAC1;SLC25A13;ACAA1;IDH3G;ACO2;CHCHD7;TIMM44;TIMM8A;DHRS4;COA6;UBE2D1;FXN;CHCHD3;EPHX2;SLC25A4;USP9X;HSPA9;BAG6;CYC1;TIMM13;GSTK1;ATAD1;CS;SLC25A12;ALDH3A2;IDE;ATP5F1A;LDHD;NUDT19;TOMM22;MLYCD,Reactome,Cancer_vs_Healthy
REACTOME_TRANSLOCATION_OF_SLC2A4_GLUT4_TO_THE_PLASMA_MEMBRANE,0.003085986814419975,0.01918850775632933,0.3107769199772489,0.5028655378865033,1.7852335389443457,37,TUBB6;TUBB4A;MYO1C;MYH9;RAB8A;TUBB2B;YWHAQ;ACTB;CALM1;YWHAZ;YWHAB;TUBB4B;SNAP23;RAB14;VAMP2;YWHAH;TUBA1B;TUBB2A;TUBA1C;RAB4A;YWHAE,Reactome,Cancer_vs_Healthy
REACTOME_REGULATION_OF_TP53_ACTIVITY,0.003128487159024821,0.019206535090215675,0.4317076958033464,-0.4946335462088657,-1.850701160546477,25,PIP4K2B;PRMT5;MAP2K6;PPP2CA;MAPK14;CSNK2A1;PRKAG1;PRKAA1;RBBP4;PIN1;RPA1;CSNK2B;PRKAB2;PRKAA2;RPA3,Reactome,Cancer_vs_Healthy
REACTOME_EPIGENETIC_REGULATION_OF_GENE_EXPRESSION,0.0031823003485376574,0.01926135327704758,0.31827967504043686,0.5870774291417677,1.8258080536774643,21,PLIN1;SUMO2;MYO1C;MGLL;FABP4;PLIN4;CD36;ACTB,Reactome,Cancer_vs_Healthy
REACTOME_RHOA_GTPASE_CYCLE,0.0032168445679192866,0.01926135327704758,0.3107769199772489,0.5297768808771075,1.7772730249004085,29,STOM;ARHGAP1;FLOT2;CAV1;CAVIN1;MCAM;ARHGDIA;RHOA;IQGAP1;ARHGDIB;FLOT1;SNAP23;BCAP31,Reactome,Cancer_vs_Healthy
REACTOME_DRUG_ADME,0.0033338384603727837,0.01971843479610732,0.3107769199772489,0.585676692888429,1.8214517704932132,21,PNP;HPRT1;ALB;NME1;AKR1C1;GUK1;GGT5;NME2;SULT1A1;ADK,Reactome,Cancer_vs_Healthy
REACTOME_MAP2K_AND_MAPK_ACTIVATION,0.00350609756097561,0.020487437555098444,0.30377943455118267,0.5929229482309759,1.8221362971696795,20,FN1;TLN1;RAP1B;ARRB1;IQGAP1;ACTB;YWHAB;VWF;VCL;KRAS,Reactome,Cancer_vs_Healthy
REACTOME_CARDIAC_CONDUCTION,0.0036377860844982635,0.020515421523042532,0.4317076958033464,-0.46205645186288524,-1.8034003156615357,29,CAMK2B;PLN;CAMK2D;ATP1A2;ATP1A1;AHCYL1;ATP1B1;CACNB1;STIM1;RYR1;ATP2A2;CASQ2,Reactome,Cancer_vs_Healthy
REACTOME_DETOXIFICATION_OF_REACTIVE_OXYGEN_SPECIES,0.0036281179138321997,0.020515421523042532,0.2972329219997305,0.5682168785781609,1.7883504049039427,22,CAT;SOD1;GPX3;SOD3;PRDX2;CCS;TXN;GPX1;SOD2;P4HB;PRDX6,Reactome,Cancer_vs_Healthy
REACTOME_SIGNALING_BY_NUCLEAR_RECEPTORS,0.003601921024546425,0.020515421523042532,0.27986565266193214,0.45135847944229845,1.7248810028529518,53,APOC2;APOE;GNAI3;PLIN1;APOD;GNG12;GNAI2;GNB1;CAV1;AKR1C3;CAV2;ADH1C;CTSD;GNB2;CALM1;GNG2;APOC1;FABP5;GNAI1;KRAS;ALDH1A1;FASN;RDH11,Reactome,Cancer_vs_Healthy
REACTOME_CDC42_GTPASE_CYCLE,0.0039634146341463415,0.021843819290465635,0.2853133921438723,0.5876186903149698,1.805835560443026,20,STOM;ARHGAP1;CAV1;ARHGDIA;IQGAP1;ARHGDIB;RAB7A;SNAP23;CDC42;GNA13,Reactome,Cancer_vs_Healthy
REACTOME_RHO_GTPASES_ACTIVATE_IQGAPS,0.003922183871979918,0.021843819290465635,0.291090917251384,0.618403153480827,1.7944262000136795,16,TUBB6;TUBB4A;CTNNA1;TUBB2B;IQGAP1;ACTB;CALM1;TUBB4B;CDC42;TUBA1B;TUBB2A;TUBA1C,Reactome,Cancer_vs_Healthy
REACTOME_EPHB_MEDIATED_FORWARD_SIGNALING,0.004167673498043309,0.022711479174730393,0.40701791892395395,0.6497992766520391,1.8557196515409418,15,ARPC5;ARPC1B;ACTR2;ACTR3;RHOA;ACTB;CFL1;ARPC3;CDC42;ARPC2,Reactome,Cancer_vs_Healthy
REACTOME_COLLAGEN_BIOSYNTHESIS_AND_MODIFYING_ENZYMES,0.004274206805852375,0.023033225564871137,0.2853133921438723,0.6923107631787184,1.8092318201972513,11,COL6A2;PPIB;COL6A1;COL6A3;COL18A1;P4HB;COL4A1;COL4A2;COL1A2;COL15A1,Reactome,Cancer_vs_Healthy
REACTOME_CELL_EXTRACELLULAR_MATRIX_INTERACTIONS,0.004514672686230248,0.02380017666110511,0.27471745859524166,0.658093167436627,1.8042463149168924,13,FLNA;ILK;PARVA;ACTB;ITGB1;RSU1;LIMS1;FERMT2;ACTN1;VASP,Reactome,Cancer_vs_Healthy
REACTOME_GPER1_SIGNALING,0.004514672686230248,0.02380017666110511,0.27471745859524166,0.6588215443522474,1.8062432530875125,13,GNAI3;FN1;GNG12;GNAI2;GNB1;GNAS;GNB2;ITGB1;GNG2;GNAI1,Reactome,Cancer_vs_Healthy
REACTOME_FCERI_MEDIATED_MAPK_ACTIVATION,0.004804711717296962,0.02505682992353792,0.2608205677188685,0.595547391172134,1.7794014078605058,18,IGKV3-20;IGKV3-11;IGKV3-15;IGHV3-7;IGLC2;IGKV4-1;IGLV1-40,Reactome,Cancer_vs_Healthy
REACTOME_SENSORY_PROCESSING_OF_SOUND_BY_OUTER_HAIR_CELLS_OF_THE_COCHLEA,0.005100414408670704,0.026315967959630763,0.25663501697244306,0.6435356976607716,1.800835261724943,14,SPTBN1;SPTAN1;GSN;MSN;MYO1C;MPP1;MYH9;ACTB,Reactome,Cancer_vs_Healthy
REACTOME_SEMAPHORIN_INTERACTIONS,0.005241875093604912,0.026761151793667184,0.24518806365913484,0.5587049328128195,1.7767134249987981,23,TLN1;DPYSL2;MYL12B;MYH9;RHOA;RRAS;ITGA1;ITGB1;CFL1;MYL9;MYH10;RHOC;MYL6;NRP1,Reactome,Cancer_vs_Healthy
REACTOME_THROMBIN_SIGNALLING_THROUGH_PROTEINASE_ACTIVATED_RECEPTORS_PARS,0.005623552762156798,0.028410657183812988,0.24883263202204342,0.6997182385964957,1.7836703722026352,10,GNG12;GNB1;ARRB1;GNB2;GNG2;GNAQ;GNA13;MAPK3;GNA11,Reactome,Cancer_vs_Healthy
REACTOME_POTENTIAL_THERAPEUTICS_FOR_SARS,0.005758710048949035,0.028634247032911193,0.229089382980959,0.493661181335631,1.6966179052246073,32,IGKV3-20;IGKV3-11;IGKV3-15;IGHV3-7;IGLC2;IGHM;AP2A1;AP2A2;IGKV4-1;IGLV1-40;ITGB1;TUBB;FKBP1A;AP2B1,Reactome,Cancer_vs_Healthy
REACTOME_REGULATION_OF_PYRUVATE_METABOLISM,0.005789473684210527,0.028634247032911193,0.3107769199772489,-0.625970403117343,-1.893856316492102,13,DLAT;PDHX;DLD;PDHB;PDHA1;PKM;ME1;PDPR,Reactome,Cancer_vs_Healthy
REACTOME_VIF_MEDIATED_DEGRADATION_OF_APOBEC3G,0.00584492877579012,0.028634247032911193,0.40701791892395395,-0.43401011843465215,-1.7721219140732838,34,ELOB;CUL5;PSMD3;ELOC;PSMD1;PSMD12;PSMD11;PSMD7;PSMD6;PSMA1;PSMD2;PSMC4;PSMC5;PSMD8;PSMD13,Reactome,Cancer_vs_Healthy
REACTOME_DEGRADATION_OF_BETA_CATENIN_BY_THE_DESTRUCTION_COMPLEX,0.006166122597025753,0.0299056945955749,0.35481951210374685,-0.40498136272140783,-1.7155592979631207,40,PPP2R5D;PSMD3;PPP2CA;PSMD1;PSMD12;PSMD11;PPP2R5A;CUL1;CTBP1;PSMD7;PSMD6;PSMA1;PSMD2;PSMC4;PSMC5;PSMD8;PSMD13,Reactome,Cancer_vs_Healthy
REACTOME_FORMATION_OF_TC_NER_PRE_INCISION_COMPLEX,0.006578947368421052,0.031461005454813507,0.291090917251384,-0.6168440965033901,-1.8662449256963005,13,COPS7A;COPS5;CUL4A;DDB1;GPS1;COPS8;CUL4B;COPS3;COPS6;COPS2;COPS4;USP7,Reactome,Cancer_vs_Healthy
REACTOME_PYRUVATE_METABOLISM,0.006616541353383459,0.031461005454813507,0.3107769199772489,-0.4864493364958213,-1.7727560579905024,23,MPC2;DLAT;PDHX;DLD;PDHB;PDHA1;VDAC1;PKM;ME1;PDPR;GPT;ME2;HAGH;GSTZ1;GLO1,Reactome,Cancer_vs_Healthy
REACTOME_TRANSCRIPTION_COUPLED_NUCLEOTIDE_EXCISION_REPAIR_TC_NER,0.006735896716250351,0.03171757191632447,0.2972329219997305,-0.5728313429353697,-1.8962444114415733,17,COPS7A;COPS5;CUL4A;DDB1;GPS1;COPS8;CUL4B;RPA1;COPS3;COPS6;RPA3;COPS2;COPS4;USP7,Reactome,Cancer_vs_Healthy
REACTOME_IRON_UPTAKE_AND_TRANSPORT,0.00701219512195122,0.03238966318234611,0.2133879230180531,0.5688957300906046,1.7482972487331037,20,CP;TF;CAND1;ATP6V1H;STEAP4;CYBRD1;ACO1,Reactome,Cancer_vs_Healthy
REACTOME_MITOCHONDRIAL_CALCIUM_ION_TRANSPORT,0.006974248927038627,0.03238966318234611,0.2853133921438723,-0.6007959682208378,-1.858302346804626,14,PMPCB;AKAP1;MCU;AFG3L2;VDAC1;VDAC3;MICU1;VDAC2;PHB2;STOML2;LETM1,Reactome,Cancer_vs_Healthy
REACTOME_SENSORY_PROCESSING_OF_SOUND,0.007515337423312883,0.034386213682139136,0.20665231123444913,0.5713153318358151,1.7331579041424052,19,SPTBN1;SPTAN1;GSN;MSN;MYO1C;MPP1;MYH9;ACTB;VAMP2;CAPZA1;EZR,Reactome,Cancer_vs_Healthy
REACTOME_ION_HOMEOSTASIS,0.0076546233925290875,0.03469619014370661,0.291090917251384,-0.4771988456901143,-1.7854681800275847,25,CAMK2B;PLN;CAMK2D;ATP1A2;ATP1A1;AHCYL1;ATP1B1;STIM1;RYR1;ATP2A2;CASQ2,Reactome,Cancer_vs_Healthy
REACTOME_RAC3_GTPASE_CYCLE,0.007787928710498727,0.03497356874622113,0.2005131804004132,0.5451882225730037,1.733729518585097,23,ARHGAP1;CAV1;MCAM;CYFIP1;ESYT1;ITGB1;ARHGDIB;RAB7A;SNAP23;CDC42;FERMT2;EMD,Reactome,Cancer_vs_Healthy
REACTOME_CIRCADIAN_CLOCK,0.008079353218664846,0.03583547698538668,0.3807304007227924,-0.3998021371778308,-1.7160470933635423,42,PSMD3;CPT1A;PSMD1;PSMD12;PSMD11;CSNK2A1;CUL1;PSMD7;CARM1;PSMD6;PSMA1;PSMD2;PSMC4;UBE2D1;CSNK2B;PSMC5;PSMD8;PSMD13;PPP1CB;PSMB1,Reactome,Cancer_vs_Healthy
REACTOME_COMPLEX_IV_ASSEMBLY,0.008127633955448525,0.03583547698538668,0.27986565266193214,-0.47918743152015086,-1.7733183481562529,24,NDUFA4;COA3;COX11;MT-CO2;COX7C;SMIM20;COX7A1;COX5A;COX4I1;SURF1;COX5B;COX7A2;TACO1;SCO1;COX6B1,Reactome,Cancer_vs_Healthy
REACTOME_RHO_GTPASES_ACTIVATE_PKNS,0.008486134262767085,0.03707905511209042,0.19311396334681513,0.5584499116340943,1.73677660837269,21,MYL12B;MYH9;RHOA;YWHAQ;YWHAZ;YWHAB;MYL9;MYH10;YWHAH;RHOC;PPP1R12B;MYL6;YWHAE,Reactome,Cancer_vs_Healthy
REACTOME_DAG_AND_IP3_SIGNALING,0.00910010111223458,0.03930185444911953,0.24169838609665498,-0.6636984943210819,-1.8218538654950895,10,CAMK2B;PRKAR2A;CAMK2D;AHCYL1;PRKAR1A,Reactome,Cancer_vs_Healthy
REACTOME_ESR_MEDIATED_SIGNALING,0.00931899641577061,0.03930185444911953,0.17905449926999345,0.47723254525763614,1.6509719393721818,33,GNAI3;GNG12;GNAI2;GNB1;CAV1;CAV2;CTSD;GNB2;CALM1;GNG2;GNAI1;KRAS;HSP90AA1;AGO2;MAPK3,Reactome,Cancer_vs_Healthy
REACTOME_LYSOSOME_VESICLE_BIOGENESIS,0.009294265910523,0.03930185444911953,0.18806904097584987,0.610963226199463,1.7448102913699037,15,ARRB1;ARF1;CTSZ;CLTC;AP1B1;VAMP2;TXNDC5;HSPA8;HGS;AP1G1;CLTA,Reactome,Cancer_vs_Healthy
REACTOME_SIGNAL_AMPLIFICATION,0.009205983889528193,0.03930185444911953,0.19311396334681513,0.6659702482639973,1.7403955399041606,11,GNAI3;GNG12;GNAI2;GNB1;GNB2;GNG2;GNAQ;GNAI1;GNA13,Reactome,Cancer_vs_Healthy
REACTOME_ANTIGEN_PROCESSING_UBIQUITINATION_PROTEASOME_DEGRADATION,0.009685964970980468,0.040497353542461444,0.3807304007227924,-0.30919198116026314,-1.5275788213503294,78,ELOB;UBE3A;CUL5;STUB1;PSMD3;UBE2K;UBE2M;ELOC;UBE3C;PSMD1;PSMD12;PSMD11;RNF7;CUL1;CUL3;PSMD7;PSMD6;PSMA1;PSMD2;NPEPPS;PSMC4;UBE2D1;PSMC5;RNF114;RNF123;PSMD8;PSMD13;UBAC1;UBE2F;PSMB1;ARIH2;LNPEP,Reactome,Cancer_vs_Healthy
REACTOME_CELLULAR_RESPONSE_TO_HYPOXIA,0.009900990099009901,0.04104256579504105,0.269842314478839,-0.4008882237516569,-1.6593204857208756,36,ELOB;PSMD3;ELOC;PSMD1;PSMD12;PSMD11;PSMD7;PSMD6;PSMA1;PSMD2;PSMC4;UBE2D1;PSMC5;PSMD8;PSMD13,Reactome,Cancer_vs_Healthy
REACTOME_ASSEMBLY_OF_COLLAGEN_FIBRILS_AND_OTHER_MULTIMERIC_STRUCTURES,0.010081915563957152,0.04143838176711202,0.1804678930799227,0.6098872353794779,1.7417374389041211,15,COL6A2;COL6A1;CTSB;COL6A3;COL18A1;COL4A1;ITGA6;COL4A2;COL1A2;CTSL;COL15A1,Reactome,Cancer_vs_Healthy
REACTOME_G_ALPHA_I_SIGNALLING_EVENTS,0.010462321504312174,0.04264055403017986,0.1676585280657653,0.47068968920470433,1.6588768920582275,36,C3;AGT;GNAI3;ANXA1;HEBP1;GNG12;GNAI2;GNB1;GNAS;GNB2;PPBP;CALM1;GNG2;PSAP;GNAQ;GNAI1,Reactome,Cancer_vs_Healthy
REACTOME_SIGNALING_BY_MET,0.011077844311377245,0.04477295409181637,0.1676585280657653,0.5255587419013619,1.684960257842299,24,FN1;RAP1B;STAM;ITGB1;PTPN11;LAMC1;LAMB2;CRK;EPS15;KRAS;RAB4A;LAMB1;COL1A2;HGS,Reactome,Cancer_vs_Healthy
REACTOME_LAMININ_INTERACTIONS,0.011814744801512287,0.04735662172506991,0.1665211480199722,0.6049259470995683,1.7275688171638446,15,ITGA1;ITGB1;NID1;LAMC1;LAMB2;COL18A1;ITGA7;COL4A1;LAMB1;ITGA6;COL4A2,Reactome,Cancer_vs_Healthy
REACTOME_INTERCONVERSION_OF_NUCLEOTIDE_DI_AND_TRIPHOSPHATES,0.011931634956465657,0.047433138966277405,0.1676585280657653,0.6188979693084629,1.6967876824855086,13,NME1;GUK1;NME2;CMPK1;TXN;DUT,Reactome,Cancer_vs_Healthy
REACTOME_INACTIVATION_OF_CSF3_G_CSF_SIGNALING,0.01314459049544995,0.05183029585604248,0.2005131804004132,-0.6352096767265161,-1.7436519968722943,10,ELOB;CUL5;ELOC;STAT5B;RNF7;STAT3;UBE2D1,Reactome,Cancer_vs_Healthy
REACTOME_GLYCOSAMINOGLYCAN_METABOLISM,0.013315798125924708,0.0520819523473668,0.16014698350927883,0.647904898365558,1.6931849408240822,11,OGN;LUM;PRELP;DCN;BGN;CSPG4;CD44,Reactome,Cancer_vs_Healthy
REACTOME_INTERLEUKIN_17_SIGNALING,0.013517484572436086,0.05244784014105201,0.2133879230180531,-0.47801830088881764,-1.6945658658735552,21,PPP2R5D;MAP2K4;MAP2K6;PPP2CA;MAPK14;MAPKAPK2;MAPK9;CUL1;RPS6KA3;MAP2K3,Reactome,Cancer_vs_Healthy
REACTOME_FATTY_ACID_METABOLISM,0.01517121803207629,0.05839714877426191,0.24518806365913484,-0.3114148029658502,-1.4819568332469735,65,ACOT9;ACSL3;HADHA;HADHB;ECI2;ACACA;CPT2;ACADVL;CRAT;CPT1B;SLC25A20;MMUT;HSD17B4;MAPKAPK2;CPT1A;HSD17B8;MECR;ACAA1;ECI1;ACADM;PCCB;EPHX2;CBR4;PTGES2;MCEE;PCCA;ACADS;SLC27A1;ALDH3A2;PRKAB2;PRKAA2,Reactome,Cancer_vs_Healthy
REACTOME_PEPTIDE_HORMONE_METABOLISM,0.015306953264940564,0.0584556876653242,0.14850014187143123,0.6267427748285488,1.6773566211235769,12,AGT;GNB1;CTSD;CTSZ;VAMP2;CTSG;SPCS1;P4HB;MME,Reactome,Cancer_vs_Healthy
REACTOME_RHO_GTPASE_CYCLE,0.016357688113413305,0.0619803026172301,0.12355834466608173,0.3483226212625384,1.4840084431824552,102,STOM;ARHGAP1;SPTBN1;AKAP12;SPTAN1;TPM4;VIM;FLOT2;CAV1;STAM;CAVIN1;MCAM;CYFIP1;PICALM;ARHGDIA;RHOA;IQGAP1;RHOG;ESYT1;ACTB;ITGB1;CLTC;ARHGDIB;VCP;RAB7A;FLOT1;TMOD3;SNAP23;CDC42;BCAP31;RHOC;TUBA1B;FERMT2;DDX39B;HNRNPC;GNA13;EMD;ACTN1;CCT2;HSP90AA1;ACTC1,Reactome,Cancer_vs_Healthy
REACTOME_CARBOXYTERMINAL_POST_TRANSLATIONAL_MODIFICATIONS_OF_TUBULIN,0.017201455507773734,0.06467213892457567,0.14107289711700427,0.6519335670712298,1.661861195102991,10,TUBB6;TUBB4A;TUBB2B;TTLL12;TUBB4B;TUBA1B;TUBB2A;TUBA1C,Reactome,Cancer_vs_Healthy
REACTOME_REGULATION_OF_INSULIN_SECRETION,0.01874527588813303,0.06993429850572708,0.12901539272412768,0.5199217184456271,1.636350926475853,22,SLC2A1;MARCKS;GNG12;GNAI2;GNB1;GNAS;CD36;IQGAP1;GNB2;GNG2;GNAQ;GNAI1;VAMP2,Reactome,Cancer_vs_Healthy
REACTOME_G_ALPHA_Q_SIGNALLING_EVENTS,0.02018947041466066,0.07436104059103744,0.1259529316386221,0.5541918927109478,1.6338624260894792,17,AGT;ANXA1;GNG12;GNB1;MGLL;GNB2;GNG2;GNAQ;KRAS,Reactome,Cancer_vs_Healthy
REACTOME_RHO_GTPASES_ACTIVATE_WASPS_AND_WAVES,0.020238468779416378,0.07436104059103744,0.12644847069990559,0.5626151557236655,1.6325456464326107,16,ARPC5;ARPC1B;ACTR2;ACTR3;CYFIP1;ACTB;ARPC3;CDC42;ARPC2;ARPC4;MAPK3,Reactome,Cancer_vs_Healthy
REACTOME_HIGH_LAMINAR_FLOW_SHEAR_STRESS_ACTIVATES_SIGNALING_BY_PIEZO1_AND_PECAM1_CDH5_KDR_IN_ENDOTHELIAL_CELLS,0.02127659574468085,0.0775875859862422,0.12263739117792115,0.5506147623989708,1.6233163699547075,17,TLN1;GNG12;GNB1;GNAS;GNB2;CALM1;GNG2;GNAQ;VCL;CAPNS1,Reactome,Cancer_vs_Healthy
REACTOME_CELLULAR_SENESCENCE,0.022080185938407902,0.07932511244539135,0.16540638314681422,-0.4715710226768263,-1.6426672702139287,20,MAP2K4;MAP2K6;MAPK14;MAPKAPK2;MAPK9;RPS6KA3;RBBP4;STAT3;UBE2D1;MAP2K3,Reactome,Cancer_vs_Healthy
REACTOME_NEURONAL_SYSTEM,0.021993753253513795,0.07932511244539135,0.11020061442674668,0.3806691176353066,1.4969929242940068,62,GNAI3;EPB41;TUBB6;EPB41L2;DBNL;FLOT2;GNG12;TUBB4A;GNAI2;GNB1;AP2A1;AP2A2;TUBB2B;GNB2;CALM1;GNG2;TUBB4B;FLOT1;GNAI1;AP2B1;ALDH2;VAMP2;TUBA1B;TUBB2A;KRAS;TUBA1C,Reactome,Cancer_vs_Healthy
REACTOME_ADORA2B_MEDIATED_ANTI_INFLAMMATORY_CYTOKINES_PRODUCTION,0.023014959723820484,0.0797303961860924,0.12129310519101276,0.6210385024699627,1.6229743635319596,11,GNAI3;GNG12;GNAI2;GNB1;GNAS;GNB2;GNG2;GNAI1,Reactome,Cancer_vs_Healthy
REACTOME_CELLULAR_RESPONSES_TO_MECHANICAL_STIMULI,0.02290851094678846,0.0797303961860924,0.11404766663142915,0.46164082047734084,1.5608033311480438,30,FN1;YAP1;TLN1;ANXA2;GNG12;GNB1;GNAS;GNB2;ITGB1;CALM1;GNG2;GNAQ;VCL;CAPNS1,Reactome,Cancer_vs_Healthy
REACTOME_EPH_EPHRIN_MEDIATED_REPULSION_OF_CELLS,0.022825008269930534,0.0797303961860924,0.12218443330405154,0.635119926485278,1.619001096697981,10,AP2A1;AP2A2;ACTB;CLTC;AP2B1;ADAM10;AP2M1,Reactome,Cancer_vs_Healthy
REACTOME_MAPK_TARGETS_NUCLEAR_EVENTS_MEDIATED_BY_MAP_KINASES,0.02270987496810411,0.0797303961860924,0.15267585552746882,-0.5931196315292093,-1.6900478840822237,11,PPP2R5D;PPP2CA;MAPK14;MAPKAPK2;MAPK9;RPS6KA3,Reactome,Cancer_vs_Healthy
REACTOME_METABOLISM_OF_NUCLEOTIDES,0.022774327122153208,0.0797303961860924,0.11155506943652808,0.42733299800856117,1.5427405808090344,40,PNP;HPRT1;NME1;TYMP;GUK1;NME2;CMPK1;TXN;ADK;DUT;GMPR2;ATIC;SAMHD1,Reactome,Cancer_vs_Healthy
REACTOME_DEGRADATION_OF_CRY_AND_PER_PROTEINS,0.024268617021276594,0.08006992690693297,0.16881930001783912,-0.37918904575556706,-1.5482800723254433,34,PSMD3;PSMD1;PSMD12;PSMD11;CUL1;PSMD7;PSMD6;PSMA1;PSMD2;PSMC4;UBE2D1;PSMC5;PSMD8;PSMD13,Reactome,Cancer_vs_Healthy
REACTOME_METABOLISM_OF_POLYAMINES,0.023785926660059464,0.08006992690693297,0.17000427848892652,-0.3825795349230828,-1.548297739121819,33,PSMD3;PSMD1;PSMD12;PSMD11;PSMD7;SMS;PSMD6;PSMA1;PSMD2;PSMC4;PSMC5;PSMD8;PSMD13,Reactome,Cancer_vs_Healthy
REACTOME_NUCLEAR_EVENTS_KINASE_AND_TRANSCRIPTION_FACTOR_ACTIVATION,0.023828023828023827,0.08006992690693297,0.15012944108802184,-0.5726133097165103,-1.68323480059469,12,PPP2R5D;RRAD;PPP2CA;MAPK14;MAPKAPK2;RPS6KA3,Reactome,Cancer_vs_Healthy
REACTOME_REGULATION_OF_TP53_ACTIVITY_THROUGH_PHOSPHORYLATION,0.023828023828023827,0.08006992690693297,0.15012944108802184,-0.5731954588144772,-1.6849460664772766,12,MAPK14;CSNK2A1;PRKAG1;PRKAA1;PIN1;RPA1;CSNK2B;PRKAB2;PRKAA2;RPA3,Reactome,Cancer_vs_Healthy
REACTOME_SWITCHING_OF_ORIGINS_TO_A_POST_REPLICATIVE_STATE,0.024268617021276594,0.08006992690693297,0.16881930001783912,-0.37918904575556706,-1.5482800723254433,34,PSMD3;PSMD1;PSMD12;PSMD11;CUL1;PSMD7;PSMD6;PSMA1;PSMD2;PSMC4;UBE2D1;PSMC5;PSMD8;PSMD13,Reactome,Cancer_vs_Healthy
REACTOME_TCF_DEPENDENT_SIGNALING_IN_RESPONSE_TO_WNT,0.02417498081350729,0.08006992690693297,0.18191499890750512,-0.33470704654366723,-1.4880514009720156,49,PPP2R5D;PSMD3;PPP2CA;PSMD1;PSMD12;PSMD11;CSNK2A1;PPP2R5A;CTBP1;CUL3;PSMD7;PSMD6;PSMA1;PSMD2;PSMC4;CSNK2B;PSMC5;PSMD8;PSMD13,Reactome,Cancer_vs_Healthy
REACTOME_TRANSCRIPTIONAL_AND_POST_TRANSLATIONAL_REGULATION_OF_MITF_M_EXPRESSION_AND_ACTIVITY,0.023802527181898327,0.08006992690693297,0.16014698350927883,-0.4552609200405246,-1.6138913797492853,21,EPRS1;RARS1;DARS1;KARS1;LARS1;AIMP2;AIMP1;IARS1,Reactome,Cancer_vs_Healthy
REACTOME_RHOF_GTPASE_CYCLE,0.024669461464043856,0.08084249195987345,0.11593164274902767,0.5888897679237279,1.6145163728218874,13,ARHGAP1;AKAP12;CAV1;MCAM;ESYT1;ACTB;RAB7A;SNAP23,Reactome,Cancer_vs_Healthy
REACTOME_RHO_GTPASES_ACTIVATE_PAKS,0.025159186209038672,0.08189399537841446,0.11260357881030983,0.5445012154607899,1.6052924782958702,17,CTTN;FLNA;MYL12B;MYH9;CALM1;MYL9;MYH10;CDC42;PPP1R12B;MYL6,Reactome,Cancer_vs_Healthy
REACTOME_DEGRADATION_OF_DVL,0.025850785340314136,0.08358420593368238,0.16219053457684138,-0.38303351838548055,-1.5344961545957363,32,PSMD3;PSMD1;PSMD12;PSMD11;CUL3;PSMD7;PSMD6;PSMA1;PSMD2;PSMC4;PSMC5;PSMD8;PSMD13,Reactome,Cancer_vs_Healthy
REACTOME_APC_C_CDH1_MEDIATED_DEGRADATION_OF_CDC20_AND_OTHER_APC_C_CDH1_TARGETED_PROTEINS_IN_LATE_MITOSIS_EARLY_G1,0.027159685863874346,0.08443876694858371,0.15817799958919573,-0.38050007905516997,-1.5243467741272865,32,PSMD3;PSMD1;PSMD12;PSMD11;PSMD7;PSMD6;PSMA1;PSMD2;PSMC4;UBE2D1;PSMC5;PSMD8;PSMD13,Reactome,Cancer_vs_Healthy
REACTOME_CDK_MEDIATED_PHOSPHORYLATION_AND_REMOVAL_OF_CDC6,0.027159685863874346,0.08443876694858371,0.15817799958919573,-0.38050007905516997,-1.5243467741272865,32,PSMD3;PSMD1;PSMD12;PSMD11;PSMD7;PSMD6;PSMA1;PSMD2;PSMC4;UBE2D1;PSMC5;PSMD8;PSMD13,Reactome,Cancer_vs_Healthy
REACTOME_CLATHRIN_MEDIATED_ENDOCYTOSIS,0.026618512573568752,0.08443876694858371,0.10137720346726357,0.39274978418817924,1.4960402353777051,52,TF;ARPC5;CTTN;ACTR2;AP2A1;STAM;PACSIN2;AP2A2;ACTR3;ARRB1;PICALM;ACTB;ARPC3;CLTC;AP2B1;AGFG1;EPS15;VAMP2;GAPVD1;ARPC2;SNX9;AP2M1;HSPA8;ARPC4;EPN1;HGS,Reactome,Cancer_vs_Healthy
REACTOME_MITOCHONDRIAL_FATTY_ACID_BETA_OXIDATION,0.027092113184828417,0.08443876694858371,0.15181288128745332,-0.4296664700036853,-1.5900572192136522,24,ACOT9;HADHA;HADHB;ACADVL;MMUT;MECR;ECI1;ACADM;PCCB;MCEE;PCCA;ACADS,Reactome,Cancer_vs_Healthy
REACTOME_RHOG_GTPASE_CYCLE,0.026999114783121864,0.08443876694858371,0.10581401851061817,0.46838312570842655,1.5584996792336212,28,ARHGAP1;CAV1;MCAM;CYFIP1;ARHGDIA;RHOG;ESYT1;ITGB1;ARHGDIB;RAB7A;CDC42,Reactome,Cancer_vs_Healthy
REACTOME_SYNTHESIS_OF_DNA,0.026751143963393172,0.08443876694858371,0.16540638314681422,-0.3623200083006767,-1.5163389440953556,38,PSMD3;PSMD1;PSMD12;PSMD11;CUL1;PSMD7;PSMD6;PSMA1;PSMD2;PSMC4;UBE2D1;RPA1;PSMC5;PSMD8;PSMD13;PSMB1;RPA3,Reactome,Cancer_vs_Healthy
REACTOME_CA_DEPENDENT_EVENTS,0.027805864509605663,0.08576111099130959,0.13711191525522617,-0.5959344289095259,-1.6358413529339564,10,CAMK2B;PRKAR2A;CAMK2D;PRKAR1A,Reactome,Cancer_vs_Healthy
REACTOME_TNFR2_NON_CANONICAL_NF_KB_PATHWAY,0.027938671209540033,0.08576111099130959,0.15915345685540597,-0.3716802285619802,-1.5246759367094374,35,PSMD3;UBE2M;PSMD1;PSMD12;PSMD11;CUL1;PSMD7;PSMD6;PSMA1;PSMD2;PSMC4;PSMC5;PSMD8;PSMD13,Reactome,Cancer_vs_Healthy
REACTOME_REGULATION_OF_APOPTOSIS,0.02907168814007268,0.0886777908675173,0.15355353685909953,-0.37233591088892554,-1.5068418365323395,33,PSMD3;OPA1;PSMD1;PSMD12;PSMD11;PSMD7;PSMD6;PSMA1;PSMD2;PSMC4;PSMC5;PSMD8;PSMD13,Reactome,Cancer_vs_Healthy
REACTOME_CYCLIN_A_CDK2_ASSOCIATED_EVENTS_AT_S_PHASE_ENTRY,0.029361556845339705,0.08900221918743598,0.15535473237528252,-0.3639452019571955,-1.5064092520250787,36,PSMD3;PSMD1;PSMD12;PSMD11;CUL1;PSMD7;RBBP4;PSMD6;PSMA1;PSMD2;PSMC4;PSMC5;PSMD8;PSMD13,Reactome,Cancer_vs_Healthy
REACTOME_COPI_MEDIATED_ANTEROGRADE_TRANSPORT,0.03036789297658863,0.09148091983630735,0.09476880080557594,0.3912531644220671,1.4852360858428777,51,RAB1A;ANK1;SPTBN1;SPTB;TUBB6;SPTAN1;TUBB4A;DYNC1LI2;ARF1;TUBB2B;TUBB4B;RAB1B;COPE;CAPZA1;TUBA1B;TUBB2A;NAPA;DCTN3;TUBA1C,Reactome,Cancer_vs_Healthy
REACTOME_MHC_CLASS_II_ANTIGEN_PRESENTATION,0.030905955697042048,0.09205950550608752,0.09350927417824274,0.38401388741325737,1.4725594078879745,54,TUBB6;TUBB4A;DYNC1LI2;AP2A1;AP2A2;CTSD;ARF1;TUBB2B;HLA-DRA;CLTC;TUBB4B;AP1B1;RAB7A;AP2B1;CTSB;CAPZA1;TUBA1B;TUBB2A;DCTN3;TUBA1C,Reactome,Cancer_vs_Healthy
REACTOME_RHOV_GTPASE_CYCLE,0.03093958638658199,0.09205950550608752,0.1038042652915137,0.5929940453220598,1.5870346307221659,12,SPTBN1;SPTAN1;TPM4;IQGAP1;CLTC;CDC42,Reactome,Cancer_vs_Healthy
REACTOME_SIGNALING_BY_MODERATE_KINASE_ACTIVITY_BRAF_MUTANTS,0.03130148270181219,0.09256840920962751,0.09886576461754726,0.48903206943571786,1.5551497615154903,23,FN1;TLN1;RAP1B;ARRB1;IQGAP1;ACTB;CALM1;YWHAB;VWF;VCL;KRAS,Reactome,Cancer_vs_Healthy
REACTOME_S_PHASE,0.03155963302752294,0.09276619405059773,0.15535473237528252,-0.3459153015325854,-1.4847518123219332,42,PSMD3;PSMD1;PSMD12;PSMD11;CUL1;PSMD7;RBBP4;PSMD6;PSMA1;PSMD2;PSMC4;UBE2D1;RPA1;PSMC5;PSMD8;PSMD13;PSMB1;RPA3,Reactome,Cancer_vs_Healthy
REACTOME_DECTIN_1_MEDIATED_NONCANONICAL_NF_KB_SIGNALING,0.032434277910549675,0.09476279991937706,0.1477048969054665,-0.36202355398950764,-1.4984553395621782,36,PSMD3;UBE2M;PSMD1;PSMD12;PSMD11;CUL1;PSMD7;PSMD6;PSMA1;PSMD2;PSMC4;PSMC5;PSMD8;PSMD13;PSMB1;RELA,Reactome,Cancer_vs_Healthy
REACTOME_INTEGRATION_OF_ENERGY_METABOLISM,0.03336632263537396,0.09690219447997826,0.09289749767139441,0.42648994302688276,1.5031013583024004,36,SLC2A1;TKT;MARCKS;GNG12;GNAI2;GNB1;TALDO1;GNAS;CD36;IQGAP1;GNB2;GNG2;GNAQ;GNAI1;VAMP2;FASN;ACACB;ACLY,Reactome,Cancer_vs_Healthy
REACTOME_RHOJ_GTPASE_CYCLE,0.03442779725852726,0.09938977184753404,0.09721204099944558,0.5609785718764819,1.5698118954075395,14,STOM;ARHGAP1;CAV1;RAB7A;SNAP23;CDC42,Reactome,Cancer_vs_Healthy
REACTOME_APOPTOTIC_CLEAVAGE_OF_CELLULAR_PROTEINS,0.035065349059611096,0.10063132718290757,0.09630252295665434,0.5603582529675372,1.5680760287434166,14,ADD1;SPTAN1;VIM;DBNL;GSN,Reactome,Cancer_vs_Healthy
REACTOME_APC_C_MEDIATED_DEGRADATION_OF_CELL_CYCLE_PROTEINS,0.03884156729131175,0.1047909743351602,0.13464697390437824,-0.3604875278433461,-1.4787621642214126,35,PSMD3;PSMD1;PSMD12;PSMD11;CUL1;PSMD7;PSMD6;PSMA1;PSMD2;PSMC4;UBE2D1;PSMC5;PSMD8;PSMD13,Reactome,Cancer_vs_Healthy
REACTOME_AUF1_HNRNP_D0_BINDS_AND_DESTABILIZES_MRNA,0.03793943612948138,0.1047909743351602,0.1377492721140411,-0.352987869613131,-1.4684057455886894,37,EIF4G1;PSMD3;PSMD1;PSMD12;PSMD11;PSMD7;PSMD6;PSMA1;PSMD2;PSMC4;PSMC5;PSMD8;PSMD13;PABPC1;PSMB1,Reactome,Cancer_vs_Healthy
REACTOME_FACTORS_INVOLVED_IN_MEGAKARYOCYTE_DEVELOPMENT_AND_PLATELET_PRODUCTION,0.03953968722336972,0.1047909743351602,0.08702116448082649,0.45254261377948457,1.505791903472458,28,HBB;TUBB6;EHD2;HBG2;EHD1;TUBB4A;TUBB2B;ACTB;TUBB4B;CDC42;CAPZA1;TUBA1B;TUBB2A;TUBA1C,Reactome,Cancer_vs_Healthy
REACTOME_FORMATION_OF_PARAXIAL_MESODERM,0.0392914653784219,0.1047909743351602,0.13008607037291475,-0.38128467090155393,-1.4996725452752384,30,PSMD3;PSMD1;PSMD12;PSMD11;PSMD7;PSMD6;PSMA1;PSMD2;PSMC4;PSMC5;PSMD8;PSMD13;PSMB1,Reactome,Cancer_vs_Healthy
REACTOME_MITOTIC_G1_PHASE_AND_G1_S_TRANSITION,0.036734693877551024,0.1047909743351602,0.14464557226410138,-0.3357377558861486,-1.4570919769799695,44,PSMD3;PPP2CA;PSMD1;PSMD12;PSMD11;CUL1;PSMD7;RBBP4;PSMD6;PSMA1;PSMD2;PSMC4;RPA1;PSMC5;PSMD8;PSMD13;PSMB1;RPA3;PPP2R2A;PSMA4;PSMB5;PSMD14;AKT2;PSMC3;PPP2R1A;PSMB6;PSMA6;PSMB2;PSMA3,Reactome,Cancer_vs_Healthy
REACTOME_NUCLEOTIDE_SALVAGE,0.038207079060535894,0.1047909743351602,0.093923690818302,0.6094236584496642,1.5534980564124572,10,PNP;HPRT1;TYMP;ADK;GMPR2,Reactome,Cancer_vs_Healthy
REACTOME_POST_CHAPERONIN_TUBULIN_FOLDING_PATHWAY,0.03901967107384715,0.1047909743351602,0.09170804921768408,0.5670725354212639,1.5547016485669871,13,TUBB6;TUBB4A;TBCA;TUBB2B;TUBB4B;TUBA1B;TUBB2A;TUBA1C,Reactome,Cancer_vs_Healthy
REACTOME_REGULATION_OF_ORNITHINE_DECARBOXYLASE_ODC,0.0392914653784219,0.1047909743351602,0.13008607037291475,-0.38128467090155393,-1.4996725452752384,30,PSMD3;PSMD1;PSMD12;PSMD11;PSMD7;PSMD6;PSMA1;PSMD2;PSMC4;PSMC5;PSMD8;PSMD13;PSMB1,Reactome,Cancer_vs_Healthy
REACTOME_REGULATION_OF_RUNX2_EXPRESSION_AND_ACTIVITY,0.03933170901496694,0.1047909743351602,0.13525091239263964,-0.3516209771172156,-1.4627195649366347,37,STUB1;PSMD3;PSMD1;PSMD12;PSMD11;CUL1;PSMD7;PSMD6;PSMA1;PSMD2;PSMC4;PSMC5;PSMD8;PSMD13,Reactome,Cancer_vs_Healthy
REACTOME_SELENOAMINO_ACID_METABOLISM,0.03844208396560445,0.1047909743351602,0.16540638314681422,-0.2671612464098865,-1.342012882447707,85,RPS2;RPS9;EPRS1;RARS1;DARS1;KARS1;RPS3;LARS1;RPL30;AIMP2;RPS15A;AIMP1;RPS4X;RPS8;IARS1;RPL4;RPL32;RPL27;TXNRD1;QARS1;RPS11;RPS12,Reactome,Cancer_vs_Healthy
REACTOME_SIGNALING_BY_BRAF_AND_RAF1_FUSIONS,0.03911909591422776,0.1047909743351602,0.08668875730780262,0.43928762967752844,1.4963089101379135,31,FN1;TLN1;RAP1B;ARRB1;IQGAP1;ACTB;FAM114A2;CALM1;YWHAB;AP3B1;VWF;VCL;KRAS,Reactome,Cancer_vs_Healthy
REACTOME_SIGNALING_BY_INTERLEUKINS,0.038904044597319415,0.1047909743351602,0.07840404137192353,0.31732472040409987,1.3763875543414523,116,IGHG1;FN1;SOD1;FSCN1;ANXA1;HNRNPA2B1;VIM;MSN;LCP1;ANXA2;F13A1;RAP1B;PITPNA;PPIA;TALDO1;ARF1;PSME2;BOLA2;CD36;ITGB1;CFL1;PTPN11;HSP90B1;CNN2;HNRNPF;HMGB1;YWHAZ;CRK;CDC42;VAMP2;CAPZA1;MTAP;CTSG;MAOA;SOD2;P4HB;USP14;GSTO1;HSP90AA1;HSPA8;COL1A2;MAPK3;UBE2V1;MIF,Reactome,Cancer_vs_Healthy
REACTOME_SOMITOGENESIS,0.0392914653784219,0.1047909743351602,0.13008607037291475,-0.38128467090155393,-1.4996725452752384,30,PSMD3;PSMD1;PSMD12;PSMD11;PSMD7;PSMD6;PSMA1;PSMD2;PSMC4;PSMC5;PSMD8;PSMD13;PSMB1,Reactome,Cancer_vs_Healthy
REACTOME_TURBULENT_OSCILLATORY_DISTURBED_FLOW_SHEAR_STRESS_ACTIVATES_SIGNALING_BY_PIEZO1_AND_INTEGRINS_IN_ENDOTHELIAL_CELLS,0.03713739241313357,0.1047909743351602,0.09350927417824274,0.5574010328907497,1.5598007050740106,14,FN1;YAP1;ANXA2;ITGB1;GNAQ;VCL;CAPNS1,Reactome,Cancer_vs_Healthy
REACTOME_FBXL7_DOWN_REGULATES_AURKA_DURING_MITOTIC_ENTRY_AND_IN_EARLY_MITOSIS,0.041295011562603234,0.10541095056769774,0.12848971465340803,-0.3632431825303458,-1.4700436038122642,33,PSMD3;PSMD1;PSMD12;PSMD11;CUL1;PSMD7;PSMD6;PSMA1;PSMD2;PSMC4;PSMC5;PSMD8;PSMD13,Reactome,Cancer_vs_Healthy
REACTOME_GOLGI_TO_ER_RETROGRADE_TRANSPORT,0.0410940447318782,0.10541095056769774,0.08140782196286706,0.38459086326223707,1.451178415911308,50,RAB1A;TUBB6;PAFAH1B2;TUBB4A;DYNC1LI2;ARF1;TUBB2B;SEC22B;TUBB4B;RAB1B;COPE;CAPZA1;PAFAH1B3;TUBA1B;TUBB2A;NAPA;DCTN3;TUBA1C;COPA;SURF4;TMED9;TMED7;DYNC1I2,Reactome,Cancer_vs_Healthy
REACTOME_MYD88_INDEPENDENT_TLR4_CASCADE,0.041223832528180356,0.10541095056769774,0.12694980276989196,-0.37915133677592966,-1.4912816949152368,30,NLRX1;PPP2R5D;OPTN;MAP2K4;MAP2K6;PPP2CA;MAPK14;MAPKAPK2;MAPK9;CUL1;RPS6KA3;UBE2D1;MAP2K3,Reactome,Cancer_vs_Healthy
REACTOME_ORC1_REMOVAL_FROM_CHROMATIN,0.041295011562603234,0.10541095056769774,0.12848971465340803,-0.3632431825303458,-1.4700436038122642,33,PSMD3;PSMD1;PSMD12;PSMD11;CUL1;PSMD7;PSMD6;PSMA1;PSMD2;PSMC4;PSMC5;PSMD8;PSMD13,Reactome,Cancer_vs_Healthy
REACTOME_RHO_GTPASES_ACTIVATE_ROCKS,0.04030957755562722,0.10541095056769774,0.09018881629928413,0.5637714289200009,1.5456512442553125,13,MYL12B;MYH9;RHOA;CFL1;MYL9;MYH10;RHOC;PPP1R12B;MYL6,Reactome,Cancer_vs_Healthy
REACTOME_SCF_BETA_TRCP_MEDIATED_DEGRADATION_OF_EMI1,0.041295011562603234,0.10541095056769774,0.12848971465340803,-0.3632431825303458,-1.4700436038122642,33,PSMD3;PSMD1;PSMD12;PSMD11;CUL1;PSMD7;PSMD6;PSMA1;PSMD2;PSMC4;PSMC5;PSMD8;PSMD13,Reactome,Cancer_vs_Healthy
REACTOME_SCF_SKP2_MEDIATED_DEGRADATION_OF_P27_P21,0.041295011562603234,0.10541095056769774,0.12848971465340803,-0.3632431825303458,-1.4700436038122642,33,PSMD3;PSMD1;PSMD12;PSMD11;CUL1;PSMD7;PSMD6;PSMA1;PSMD2;PSMC4;PSMC5;PSMD8;PSMD13,Reactome,Cancer_vs_Healthy
REACTOME_ACTIVATION_OF_NF_KAPPAB_IN_B_CELLS,0.04188829787234043,0.10636557313133564,0.12797030576243018,-0.3570540664353111,-1.4578999630725513,34,PSMD3;PSMD1;PSMD12;PSMD11;CUL1;PSMD7;PSMD6;PSMA1;PSMD2;PSMC4;PSMC5;PSMD8;PSMD13;PSMB1;RELA,Reactome,Cancer_vs_Healthy
REACTOME_ACTIVATION_OF_APC_C_AND_APC_C_CDC20_MEDIATED_DEGRADATION_OF_MITOTIC_PROTEINS,0.04360753221010902,0.10845975959950192,0.12497879111958893,-0.3601712472459496,-1.4576114948744052,33,PSMD3;PSMD1;PSMD12;PSMD11;PSMD7;PSMD6;PSMA1;PSMD2;PSMC4;UBE2D1;PSMC5;PSMD8;PSMD13,Reactome,Cancer_vs_Healthy
REACTOME_DNA_REPLICATION,0.04341372912801484,0.10845975959950192,0.13288187227214338,-0.32881989804674683,-1.4270686776072932,44,KPNA1;PSMD3;PSMD1;PSMD12;PSMD11;CUL1;PSMD7;PSMD6;PSMA1;PSMD2;PSMC4;UBE2D1;RPA1;PSMC5;PSMD8;PSMD13;PSMB1;RPA3;KPNA6,Reactome,Cancer_vs_Healthy
REACTOME_ER_TO_GOLGI_ANTEROGRADE_TRANSPORT,0.04350632584559773,0.10845975959950192,0.0773124512019339,0.35446361186535413,1.4141224863045716,68,RAB1A;ANK1;SPTBN1;SERPINA1;SPTB;TUBB6;SPTAN1;TUBB4A;DYNC1LI2;ARF1;CTSZ;TUBB2B;SEC22B;TUBB4B;RAB1B;COPE;CAPZA1;TUBA1B;TUBB2A;NAPA;DCTN3;TUBA1C,Reactome,Cancer_vs_Healthy
REACTOME_TRANSPORT_TO_THE_GOLGI_AND_SUBSEQUENT_MODIFICATION,0.04350632584559773,0.10845975959950192,0.0773124512019339,0.35446361186535413,1.4141224863045716,68,RAB1A;ANK1;SPTBN1;SERPINA1;SPTB;TUBB6;SPTAN1;TUBB4A;DYNC1LI2;ARF1;CTSZ;TUBB2B;SEC22B;TUBB4B;RAB1B;COPE;CAPZA1;TUBA1B;TUBB2A;NAPA;DCTN3;TUBA1C,Reactome,Cancer_vs_Healthy
REACTOME_DNA_REPLICATION_PRE_INITIATION,0.04425099746100834,0.10895260000288534,0.13008607037291475,-0.3429690012866173,-1.4528660161458808,40,KPNA1;PSMD3;PSMD1;PSMD12;PSMD11;PSMD7;PSMD6;PSMA1;PSMD2;PSMC4;UBE2D1;RPA1;PSMC5;PSMD8;PSMD13;PSMB1;RPA3;KPNA6,Reactome,Cancer_vs_Healthy
REACTOME_UB_SPECIFIC_PROCESSING_PROTEASES,0.04425497360941941,0.10895260000288534,0.1377492721140411,-0.3079539682530638,-1.4049232935737133,54,USP13;USP24;PSMD3;USP47;VDAC1;PSMD1;PSMD12;PSMD11;UFD1;PSMD7;VDAC3;PSMD6;PSMA1;PSMD2;PSMC4;VDAC2;USP9X;PSMC5;RNF123;PSMD8;PSMD13;MAT2B;PSMB1;IDE,Reactome,Cancer_vs_Healthy
REACTOME_CILIUM_ASSEMBLY,0.045524368105013265,0.11151170975217894,0.07865267464404885,0.40753577670236235,1.4549446879730468,38,TUBB6;TUBB4A;RAB8A;TUBB2B;TUBB;SEPTIN2;TUBB4B;MAPRE1;TUBA1B;TUBB2A;DCTN3;TUBA1C;TNPO1;YWHAE;DYNLRB1;CCT2;HSP90AA1,Reactome,Cancer_vs_Healthy
REACTOME_REGULATION_OF_RUNX3_EXPRESSION_AND_ACTIVITY,0.046793193717277484,0.11376543209876543,0.1199912983547285,-0.3603460591905854,-1.443606409387908,32,PSMD3;PSMD1;PSMD12;PSMD11;PSMD7;PSMD6;PSMA1;PSMD2;PSMC4;PSMC5;PSMD8;PSMD13,Reactome,Cancer_vs_Healthy
REACTOME_TOLL_LIKE_RECEPTOR_9_TLR9_CASCADE,0.04691358024691358,0.11376543209876543,0.116319528645477,-0.39083739623381786,-1.4970062819835728,27,NLRX1;PPP2R5D;MAP2K4;MAP2K6;PPP2CA;MAPK14;MAPKAPK2;MAPK9;CUL1;RPS6KA3,Reactome,Cancer_vs_Healthy
REACTOME_DEFECTIVE_INTRINSIC_PATHWAY_FOR_APOPTOSIS,0.04796559708898445,0.11573788352317142,0.08355475162264983,0.5974001960788449,1.5228487286985761,10,PRDX2;CAST;CAPNS1;SOD2;YWHAE;LMNA;PRDX1,Reactome,Cancer_vs_Healthy
REACTOME_ASYMMETRIC_LOCALIZATION_OF_PCP_PROTEINS,0.05,0.1171497584541063,0.11516714100944504,-0.3631892897152179,-1.441650132302785,31,PSMD3;PSMD1;PSMD12;PSMD11;PSMD7;PSMD6;PSMA1;PSMD2;PSMC4;PSMC5;PSMD8;PSMD13,Reactome,Cancer_vs_Healthy
REACTOME_DEGRADATION_OF_AXIN,0.05,0.1171497584541063,0.11516714100944504,-0.3631892897152179,-1.441650132302785,31,PSMD3;PSMD1;PSMD12;PSMD11;PSMD7;PSMD6;PSMA1;PSMD2;PSMC4;PSMC5;PSMD8;PSMD13,Reactome,Cancer_vs_Healthy
REACTOME_G1_S_DNA_DAMAGE_CHECKPOINTS,0.05,0.1171497584541063,0.11516714100944504,-0.3631892897152179,-1.441650132302785,31,PSMD3;PSMD1;PSMD12;PSMD11;PSMD7;PSMD6;PSMA1;PSMD2;PSMC4;PSMC5;PSMD8;PSMD13,Reactome,Cancer_vs_Healthy
REACTOME_MRNA_SPLICING,0.04985179196981945,0.1171497584541063,0.07365326681848156,0.3773204389705673,1.4237448915756183,50,HNRNPH1;HNRNPA2B1;PTBP1;HNRNPA1;HNRNPK;HNRNPF;HNRNPA3;FUS;ALYREF;LSM6;DDX39B;HNRNPL;HNRNPC;HNRNPM;HNRNPR;SF3B2;HSPA8;HNRNPH2;SNRNP70;SRSF6;RBMX;TRA2B;SRSF2;RBM8A,Reactome,Cancer_vs_Healthy
REACTOME_RHOQ_GTPASE_CYCLE,0.04926262943206777,0.1171497584541063,0.08019353705073198,0.5230902226743323,1.5178557794448786,16,STOM;ARHGAP1;CAV1;IQGAP1;RAB7A;SNAP23;CDC42,Reactome,Cancer_vs_Healthy
REACTOME_STABILIZATION_OF_P53,0.05,0.1171497584541063,0.11516714100944504,-0.3631892897152179,-1.441650132302785,31,PSMD3;PSMD1;PSMD12;PSMD11;PSMD7;PSMD6;PSMA1;PSMD2;PSMC4;PSMC5;PSMD8;PSMD13,Reactome,Cancer_vs_Healthy
REACTOME_DEGRADATION_OF_GLI1_BY_THE_PROTEASOME,0.05086436170212766,0.1186019972381342,0.11593164274902767,-0.34931722710545693,-1.4263094034525385,34,PSMD3;PSMD1;PSMD12;PSMD11;CUL1;PSMD7;PSMD6;PSMA1;PSMD2;PSMC4;PSMC5;PSMD8;PSMD13,Reactome,Cancer_vs_Healthy
REACTOME_MET_PROMOTES_CELL_MOTILITY,0.05180108383806184,0.11997526283240569,0.07877784267877504,0.5391813843022779,1.5088158323565803,14,FN1;RAP1B;ITGB1;LAMC1;LAMB2;CRK;LAMB1;COL1A2,Reactome,Cancer_vs_Healthy
REACTOME_SEMA4D_IN_SEMAPHORIN_SIGNALING,0.05194805194805195,0.11997526283240569,0.07993070157109763,0.5782316339133747,1.511106178267899,11,MYL12B;MYH9;RHOA;RRAS;MYL9;MYH10;RHOC;MYL6,Reactome,Cancer_vs_Healthy
REACTOME_ION_TRANSPORT_BY_P_TYPE_ATPASES,0.0523943661971831,0.12043254789399907,0.104938859783548,-0.4446403102379614,-1.500385026618778,18,CAMK2B;PLN;CAMK2D;ATP1A2;ATP1A1;ATP1B1;ATP2A2,Reactome,Cancer_vs_Healthy
REACTOME_KINESINS,0.05277001479533125,0.12072385460252667,0.07928429369006079,0.5772088606796781,1.508433341187115,11,TUBB6;TUBB4A;TUBB2B;TUBB4B;TUBA1B;TUBB2A;TUBA1C,Reactome,Cancer_vs_Healthy
REACTOME_RAC2_GTPASE_CYCLE,0.05449101796407185,0.12407579207781617,0.07428177308004398,0.45955323431313816,1.4733442229105869,24,ARHGAP1;CAV1;MCAM;CYFIP1;ARHGDIA;IQGAP1;ESYT1;ITGB1;RAB7A;CDC42,Reactome,Cancer_vs_Healthy
REACTOME_MITOCHONDRIAL_TRNA_AMINOACYLATION,0.05690227098749681,0.12836093687877187,0.095636421370719,-0.5348179340747612,-1.523921768567803,11,KARS1;GARS1;IARS2;QARS1;SARS2,Reactome,Cancer_vs_Healthy
REACTOME_PROCESSING_OF_CAPPED_INTRON_CONTAINING_PRE_MRNA,0.05671403904901049,0.12836093687877187,0.06835192840592749,0.36359392267398977,1.3977899552599815,55,HNRNPH1;HNRNPA2B1;PTBP1;HNRNPA1;HNRNPK;PABPN1;HNRNPF;HNRNPA3;FUS;ALYREF;LSM6;DDX39B;HNRNPL;HNRNPC;HNRNPM;HNRNPR;SF3B2;HSPA8;HNRNPH2;SNRNP70;SRSF6;RBMX;TRA2B;SRSF2;RBM8A,Reactome,Cancer_vs_Healthy
REACTOME_ONCOGENIC_MAPK_SIGNALING,0.057763797540749215,0.12925640722430976,0.07035736141753197,0.414814648861554,1.4429410686976234,34,FN1;TLN1;RAP1B;ARRB1;IQGAP1;ACTB;FAM114A2;CALM1;YWHAB;AP3B1;VWF;VCL;KRAS;PPP1CC;LMNA;MAPK3,Reactome,Cancer_vs_Healthy
REACTOME_PTEN_REGULATION,0.05783224818077365,0.12925640722430976,0.11671125418664188,-0.3086768866074327,-1.3689181546324773,48,USP13;STUB1;PSMD3;PSMD1;PSMD12;PSMD11;CSNK2A1;PSMD7;RBBP4;PSMD6;PSMA1;PSMD2;PSMC4;CSNK2B;PSMC5;PSMD8;PSMD13,Reactome,Cancer_vs_Healthy
REACTOME_UBIQUITIN_DEPENDENT_DEGRADATION_OF_CYCLIN_D,0.05922774869109947,0.13176815649166626,0.10640946434982042,-0.3523320737781514,-1.411501047303146,32,PSMD3;PSMD1;PSMD12;PSMD11;PSMD7;PSMD6;PSMA1;PSMD2;PSMC4;PSMC5;PSMD8;PSMD13;PSMB1;GSK3B;PSMA4;PSMB5;PSMD14;PSMC3;PSMB6;PSMA6;PSMB2;PSMA3,Reactome,Cancer_vs_Healthy
REACTOME_GLUCAGON_LIKE_PEPTIDE_1_GLP1_REGULATES_INSULIN_SECRETION,0.06252067482633146,0.13845902872498062,0.07283838616297693,0.5833386347577971,1.4870040287439608,10,GNG12;GNB1;GNAS;IQGAP1;GNB2;GNG2,Reactome,Cancer_vs_Healthy
REACTOME_INTRAFLAGELLAR_TRANSPORT,0.06285621234326656,0.1385693772112922,0.07204867664570204,0.55288474363742,1.4796897909387667,12,TUBB6;TUBB4A;TUBB2B;TUBB4B;TUBA1B;TUBB2A;TUBA1C;TNPO1;DYNLRB1,Reactome,Cancer_vs_Healthy
REACTOME_NEUROTRANSMITTER_RECEPTORS_AND_POSTSYNAPTIC_SIGNAL_TRANSMISSION,0.06659358728418745,0.14614429788611275,0.06386653877779266,0.3805016482319067,1.3944046807115635,43,GNAI3;TUBB6;GNG12;TUBB4A;GNAI2;GNB1;AP2A1;AP2A2;TUBB2B;GNB2;CALM1;GNG2;TUBB4B;GNAI1;AP2B1;TUBA1B;TUBB2A;KRAS;TUBA1C,Reactome,Cancer_vs_Healthy
REACTOME_INTERLEUKIN_1_SIGNALING,0.06711661042369704,0.1466286308805994,0.10701482812120706,-0.30978440214594904,-1.349960387938749,45,NLRX1;MAP2K4;PSMD3;MAP2K6;PSMD1;PSMD12;PSMD11;CUL1;PSMD7;PSMD6;PSMA1;PSMD2;PSMC4;TOLLIP;PSMC5;PSMD8;PSMD13,Reactome,Cancer_vs_Healthy
REACTOME_SEALING_OF_THE_NUCLEAR_ENVELOPE_NE_BY_ESCRT_III,0.0674615625980546,0.14672133569532053,0.06810212342120854,0.5067868504475437,1.470548132147715,16,TUBB6;TUBB4A;TUBB2B;LEMD2;TUBB4B;TUBA1B;TUBB2A;TUBA1C,Reactome,Cancer_vs_Healthy
REACTOME_CA2_PATHWAY,0.06790425012212994,0.14702482727336172,0.06920372515975116,0.5472276607571286,1.4645496955015318,12,GNG12;GNB1;GNB2;CALM1;GNG2;KRAS;AGO2;PPP3R1,Reactome,Cancer_vs_Healthy
REACTOME_EUKARYOTIC_TRANSLATION_INITIATION,0.06968838526912181,0.15017279610060127,0.12954746755009747,-0.24735977163288073,-1.2738644404438577,98,RPS2;RPS9;EIF3B;EIF3C;EIF3J;RPS3;RPL30;EIF4G1;EIF2S1;EIF3A;RPS15A;EIF2B3;RPS4X;RPS8;EIF3D;EIF3L;RPL4;EIF3E;RPL32;RPL27;EIF2S2;EIF3K;RPS11;RPS12,Reactome,Cancer_vs_Healthy
REACTOME_RESPONSE_OF_MTB_TO_PHAGOCYTOSIS,0.06997742663656885,0.15017279610060127,0.0677730323030541,0.5335535319797503,1.4628050274934044,13,ATP6V1H;RAB7A;PGK1;CTSG;KPNB1;ENO1;SFPQ;MAPK3;HGS;GSK3A;RPS27A,Reactome,Cancer_vs_Healthy
REACTOME_FORMATION_OF_TUBULIN_FOLDING_INTERMEDIATES_BY_CCT_TRIC,0.07268209349277838,0.1552899354361124,0.06514597434552191,0.49305999226448594,1.4536340313969351,17,TUBB6;TUBB4A;TUBB2B;TUBB4B;TUBA1B;TUBB2A;TUBA1C;CCT2,Reactome,Cancer_vs_Healthy
REACTOME_ABC_FAMILY_PROTEINS_MEDIATED_TRANSPORT,0.07339778016469746,0.15613124289420294,0.09984836831684389,-0.32218316351394705,-1.356825276681389,39,EIF2S1;PSMD3;ABCF1;PSMD1;PSMD12;PSMD11;EIF2S2;PSMD7;PSMD6;PSMA1;PSMD2;PSMC4;PSMC5;PSMD8;PSMD13,Reactome,Cancer_vs_Healthy
REACTOME_ORGANELLE_BIOGENESIS_AND_MAINTENANCE,0.07636186770428016,0.16172709972303875,0.11441726515321372,-0.25846875655951107,-1.2788552489049165,79,DMAC2L;TMEM11;ATP5F1D;MTX1;ATP5PD;SAMM50;ATP5F1C;APOO;DYNLL2;TUBA4A;MAPK14;DCTN1;IDH2;MT-ATP8;MT-ATP6;ATP5MF;TFAM;ATP5PO;ATP5MG;ATP5ME;PRKAG1;MICOS13;SIRT5;CARM1;DYNLL1;TUBA8;APOOL;PAFAH1B1;IMMT;CHCHD3;HSPA9;MAPK12,Reactome,Cancer_vs_Healthy
REACTOME_ASPARAGINE_N_LINKED_GLYCOSYLATION,0.07725894481503942,0.16291560102301791,0.055334390763958304,0.3078755613679783,1.3091757539536568,100,RAB1A;ANK1;SPTBN1;SERPINA1;SPTB;TUBB6;SPTAN1;TUBB4A;DYNC1LI2;PDIA3;ARF1;CTSZ;TUBB2B;SEC22B;PMM2;TUBB4B;VCP;RAB1B;CALR;COPE;CAPZA1;TUBA1B;TUBB2A;NAPA;DCTN3;GANAB;TUBA1C,Reactome,Cancer_vs_Healthy
REACTOME_SIGNALING_BY_CSF3_G_CSF,0.07763157894736843,0.16299270904534063,0.0828210936072908,-0.48287680019191404,-1.4609305385314217,13,ELOB;CUL5;ELOC;STAT5B;RNF7;GRB2;STAT3;UBE2D1,Reactome,Cancer_vs_Healthy
REACTOME_SIGNALING_BY_EGFR,0.07900677200902935,0.16516501907060016,0.0635916868333331,0.5259672500750019,1.442006268521513,13,STAM;PTPN11;EPS15;CDC42;KRAS;ADAM10;EPN1;HGS;RPS27A;EPS15L1;HRAS,Reactome,Cancer_vs_Healthy
REACTOME_RHO_GTPASES_ACTIVATE_CIT,0.08190848396026705,0.17049620051815245,0.06272080965934694,0.5359097258073626,1.4342594171163854,12,MYL12B;MYH9;RHOA;MYL9;MYH10;RHOC;PPP1R12B;MYL6,Reactome,Cancer_vs_Healthy
REACTOME_HSF1_DEPENDENT_TRANSACTIVATION,0.08271108558299828,0.17143109618698363,0.08385350613623484,-0.41008469962909766,-1.408410641418558,19,CAMK2B;CAMK2D;HSPB2;HSPA2,Reactome,Cancer_vs_Healthy
REACTOME_HEDGEHOG_ON_STATE,0.08457218368021142,0.1745425918506491,0.08909613544959082,-0.3327909634455022,-1.3468036036126063,33,PSMD3;PSMD1;PSMD12;PSMD11;CUL3;PSMD7;PSMD6;PSMA1;PSMD2;PSMC4;PSMC5;PSMD8;PSMD13,Reactome,Cancer_vs_Healthy
REACTOME_METABOLISM_OF_VITAMINS_AND_COFACTORS,0.08719948018193632,0.17920232156033525,0.053815213739216355,0.33261803507025006,1.3172235015040483,65,APOC2;APOE;SLC2A1;RBP4;TTR;AKR1C1;PPCS;APOM;AKR1C3;PDXK;RETSAT;BTD;IDH1;ACO1;CALM1;CYB5A,Reactome,Cancer_vs_Healthy
REACTOME_MITOTIC_SPINDLE_CHECKPOINT,0.0885009030704395,0.1811094429922496,0.0829663391489805,-0.367584417396833,-1.360311537801089,24,DYNC1LI1;CLASP2;PPP2R5D;CLIP1;DYNLL2;PPP2CA;PPP2R5A;DYNLL1;PAFAH1B1;UBE2D1,Reactome,Cancer_vs_Healthy
REACTOME_INTRA_GOLGI_AND_RETROGRADE_GOLGI_TO_ER_TRAFFIC,0.09128191559730123,0.1860156683390382,0.053014499914388426,0.34260906078344056,1.3239442888482502,57,RAB1A;TUBB6;PAFAH1B2;TUBB4A;DYNC1LI2;ARF1;TUBB2B;SEC22B;TUBB4B;RAB1B;COPE;CAPZA1;PAFAH1B3;TUBA1B;TUBB2A;NAPA;DCTN3;TUBA1C,Reactome,Cancer_vs_Healthy
REACTOME_REGULATION_OF_RAS_BY_GAPS,0.09335604770017036,0.18886585554866708,0.08603481432177795,-0.3238912730541831,-1.3286400302930006,35,PSMD3;PSMD1;PSMD12;PSMD11;CUL3;PSMD7;PSMD6;PSMA1;PSMD2;PSMC4;PSMC5;PSMD8;PSMD13,Reactome,Cancer_vs_Healthy
REACTOME_RHOH_GTPASE_CYCLE,0.0934593924364538,0.18886585554866708,0.05697742571120452,0.4705570203511296,1.4059499494128973,18,STOM;CAV1;ARHGDIA;ARHGDIB;VCP;RAB7A;TUBA1B,Reactome,Cancer_vs_Healthy
REACTOME_ACTIVATION_OF_BAD_AND_TRANSLOCATION_TO_MITOCHONDRIA,0.09501890514548743,0.19122061823884398,0.05827499240198549,0.5400534993556084,1.4113343712248643,11,YWHAQ;YWHAZ;YWHAB;YWHAH;YWHAE,Reactome,Cancer_vs_Healthy
REACTOME_COMPLEX_III_ASSEMBLY,0.09549295774647887,0.19138051449191013,0.07707573918712961,-0.4061875671085871,-1.370630888958936,18,UQCRQ;UQCRB;FXN;UQCRC2;HSPA9;CYC1;UQCR10;LETM1;UQCRC1;UQCR11;UQCC1;UQCC3;UQCC2;UQCRFS1,Reactome,Cancer_vs_Healthy
REACTOME_RSV_HOST_INTERACTIONS,0.09670834396529727,0.19301871120645753,0.07273832314898826,-0.4989702722655571,-1.4217766670243939,11,MAVS;ELOB;CUL5;ELOC;ARIH1,Reactome,Cancer_vs_Healthy
REACTOME_CLEC7A_DECTIN_1_SIGNALING,0.09765329295987887,0.19410593067844775,0.08874034980661445,-0.2969681576538409,-1.2995287137193532,46,AHCYL1;PSMD3;UBE2M;PSMD1;PSMD12;PSMD11;CUL1;PSMD7;PSMD6;PSMA1;PSMD2;PSMC4;UBE2D1;PSMC5;PSMD8;PSMD13;PSMB1;RELA;PPP3CB,Reactome,Cancer_vs_Healthy
REACTOME_MITF_M_REGULATED_MELANOCYTE_DEVELOPMENT,0.100375554796859,0.19721607289665366,0.0829663391489805,-0.3172511388800941,-1.3131373851184198,36,EPRS1;RARS1;DARS1;KARS1;LARS1;AIMP2;AIMP1;IARS1;MAPK14,Reactome,Cancer_vs_Healthy
REACTOME_OXIDATIVE_STRESS_INDUCED_SENESCENCE,0.10043787629994527,0.19721607289665366,0.07396561515502538,-0.44007837251205906,-1.3896570844877525,15,MAP2K4;MAP2K6;MAPK14;MAPKAPK2;MAPK9;RBBP4;MAP2K3,Reactome,Cancer_vs_Healthy
REACTOME_PROTEIN_FOLDING,0.09984639016897082,0.19721607289665366,0.05200880399985973,0.3773753243977457,1.3472687675359685,38,TUBB6;GNG12;TUBB4A;GNB1;TBCA;TUBB2B;GNB2;ACTB;GNG2;TUBB4B;GNAQ;TUBA1B;TUBB2A;TUBA1C,Reactome,Cancer_vs_Healthy
REACTOME_REGULATION_OF_EXPRESSION_OF_SLITS_AND_ROBOS,0.10114388922335943,0.19780155755374726,0.11053470074733461,-0.23088186060166793,-1.216565930407204,109,RPS2;RPS9;RPS3;ELOB;RPL30;EIF4G1;GSPT1;RPS15A;PSMD3;RPS4X;RPS8;ETF1;RPL4;ELOC;PSMD1;PSMD12;RPL32;PSMD11;RPL27;PSMD7;RPS11;RPS12;PSMD6;PSMA1;PSMD2;PSMC4;PSMC5;RPL31;RPS3A;PSMD8;RPS13;PSMD13;RPL36AL;RPL7A;RPS24,Reactome,Cancer_vs_Healthy
REACTOME_NEGATIVE_REGULATION_OF_NOTCH4_SIGNALING,0.10187393526405451,0.19842915101633107,0.08224735492702659,-0.3189206132805178,-1.3082498002939538,35,PSMD3;PSMD1;PSMD12;PSMD11;CUL1;PSMD7;PSMD6;PSMA1;PSMD2;PSMC4;PSMC5;PSMD8;PSMD13,Reactome,Cancer_vs_Healthy
REACTOME_DNA_DAMAGE_RECOGNITION_IN_GG_NER,0.10272242492281786,0.19848755413373173,0.07407057399217715,-0.4145422585242088,-1.3722598295770772,17,COPS7A;COPS5;CUL4A;DDB1;GPS1;COPS8;CUL4B;COPS3;COPS6;PARP1;COPS2;COPS4,Reactome,Cancer_vs_Healthy
REACTOME_SIGNALING_BY_PDGF,0.10265569187762075,0.19848755413373173,0.05425011518247695,0.4720657168788298,1.3917389402439333,17,COL6A2;COL6A1;PTPN11;THBS4;CRK;COL6A3;THBS1;KRAS;COL4A1;COL4A2,Reactome,Cancer_vs_Healthy
REACTOME_DOWNSTREAM_TCR_SIGNALING,0.10412147505422993,0.20039252143373618,0.08385350613623484,-0.3030829780899352,-1.2953592031880847,41,PSMD3;PSMD1;PSMD12;PSMD11;CUL1;PSMD7;PRKCQ;PSMD6;PSMA1;PSMD2;PSMC4;UBE2D1;PSMC5;PSMD8;PSMD13;PSMB1;RELA,Reactome,Cancer_vs_Healthy
REACTOME_CELLULAR_RESPONSE_TO_CHEMICAL_STRESS,0.10560213877749423,0.20243888263669843,0.04678015921953728,0.29954513830471163,1.2711087311699825,99,CAT;HBA1;SOD1;TKT;GPX3;SOD3;HBB;ALB;PGD;PRDX2;BLVRB;GCLC;CCS;TALDO1;TXN;BLVRA;IDH1;GCLM,Reactome,Cancer_vs_Healthy
REACTOME_GAP_JUNCTION_TRAFFICKING_AND_REGULATION,0.10636962660809539,0.20310735789341047,0.05351639270284452,0.4766002533860977,1.3829554018205497,16,TUBB6;TUBB4A;TUBB2B;ACTB;CLTC;TUBB4B;TUBA1B;TUBB2A;TUBA1C;AP2M1,Reactome,Cancer_vs_Healthy
REACTOME_NUCLEAR_ENVELOPE_NE_REASSEMBLY,0.10779484207476094,0.20502156237748648,0.05090474801220434,0.3921873360685734,1.3358750981297616,31,TUBB6;TUBB4A;TUBB2B;RAN;LEMD2;TUBB4B;TUBA1B;TUBB2A;TUBA1C;KPNB1;TNPO1;EMD;LMNA;RANGAP1,Reactome,Cancer_vs_Healthy
REACTOME_PLATELET_HOMEOSTASIS,0.10963007338625132,0.20769759997004644,0.05135383971416818,0.4267391142206764,1.3570546252219782,23,SRI;GNG12;GNB1;ATP2B4;GNAS;GNB2;PTPN11;CALM1;GNG2,Reactome,Cancer_vs_Healthy
REACTOME_HH_MUTANTS_ABROGATE_LIGAND_SECRETION,0.11092931937172774,0.20934132254975857,0.07707573918712961,-0.3240457501157088,-1.2981813172945935,32,PSMD3;PSMD1;PSMD12;PSMD11;PSMD7;PSMD6;PSMA1;PSMD2;PSMC4;PSMC5;PSMD8;PSMD13,Reactome,Cancer_vs_Healthy
REACTOME_NCAM_SIGNALING_FOR_NEURITE_OUT_GROWTH,0.11405710699717603,0.21440967788228826,0.0515441499025212,0.4724555224398011,1.3709285973643,16,SPTBN1;SPTB;SPTAN1;COL6A2;COL6A1;COL6A3;KRAS;COL4A1;COL4A2;MAPK3,Reactome,Cancer_vs_Healthy
REACTOME_DARPP_32_EVENTS,0.1163157894736842,0.2178114204429994,0.06712811646912949,-0.45070560438241336,-1.363597466409311,13,PRKAR2A;PRKAR1A;PPP2R5D;PPP2CA,Reactome,Cancer_vs_Healthy
REACTOME_FCERI_MEDIATED_NF_KB_ACTIVATION,0.11807065217391305,0.2202471780936455,0.04678015921953728,0.34977082626458744,1.2996454317939081,46,IGKV3-20;IGKV3-11;IGKV3-15;IGHV3-7;IGLC2,Reactome,Cancer_vs_Healthy
REACTOME_SIGNALING_BY_FGFR,0.12048948854722309,0.2230435188755847,0.05003753124631818,0.46733294116880264,1.3560643554977454,16,HNRNPH1;PTBP1;HNRNPA1;PTPN11;HNRNPF;KRAS;HNRNPM;MAPK3,Reactome,Cancer_vs_Healthy
REACTOME_SIGNALING_BY_FGFR2,0.12048948854722309,0.2230435188755847,0.05003753124631818,0.46733294116880264,1.3560643554977454,16,HNRNPH1;PTBP1;HNRNPA1;PTPN11;HNRNPF;KRAS;HNRNPM;MAPK3,Reactome,Cancer_vs_Healthy
REACTOME_AGGREPHAGY,0.12290249433106576,0.22664528422268782,0.048513483535284535,0.42498494496330685,1.3375561815499026,22,TUBB6;VIM;TUBB4A;DYNC1LI2;TUBB2B;TUBB4B;VCP;TUBA1B;TUBB2A;TUBA1C;HSP90AA1;UBE2V1;DYNC1I2,Reactome,Cancer_vs_Healthy
REACTOME_TRANSCRIPTIONAL_REGULATION_BY_TP53,0.12420091324200913,0.2281721322817213,0.08635999614259576,-0.25110627841775374,-1.2187196910979954,72,NDUFA4;PIP4K2B;ELOB;PRMT1;RABGGTA;PRMT5;GLS;MAP2K6;PPP2CA;MAPK14;ELOC;CSNK2A1;MT-CO2;TXNRD1;PRKAG1;COX7C;PRKAA1;COX7A1;CARM1;RBBP4;PIN1;RPA1;CSNK2B;COX5A;COX4I1,Reactome,Cancer_vs_Healthy
REACTOME_RECRUITMENT_OF_NUMA_TO_MITOTIC_CENTROSOMES,0.12470308788598575,0.2282301797158607,0.047656785478466246,0.40962978773514275,1.3270245735217863,25,TUBB6;TUBB4A;TUBB2B;TUBB;TUBB4B;MAPRE1;TUBA1B;TUBB2A;DCTN3;TUBA1C;YWHAE;HSP90AA1;DYNC1I2,Reactome,Cancer_vs_Healthy
REACTOME_SARS_COV_2_MODULATES_HOST_TRANSLATION_MACHINERY,0.12913117546848382,0.23544594023388968,0.07273832314898826,-0.31032340546489634,-1.2729830444321135,35,RPS2;RPS9;RPS3;RPS15A;SNRPB;RPS4X;RPS8,Reactome,Cancer_vs_Healthy
REACTOME_ABC_TRANSPORTER_DISORDERS,0.13082259663032705,0.23586973741899114,0.07109499075926166,-0.3129649947485045,-1.2665679932168934,33,PSMD3;PSMD1;PSMD12;PSMD11;PSMD7;PSMD6;PSMA1;PSMD2;PSMC4;PSMC5;PSMD8;PSMD13,Reactome,Cancer_vs_Healthy
REACTOME_DEFECTIVE_CFTR_CAUSES_CYSTIC_FIBROSIS,0.13082259663032705,0.23586973741899114,0.07109499075926166,-0.3129649947485045,-1.2665679932168934,33,PSMD3;PSMD1;PSMD12;PSMD11;PSMD7;PSMD6;PSMA1;PSMD2;PSMC4;PSMC5;PSMD8;PSMD13,Reactome,Cancer_vs_Healthy
REACTOME_TRNA_PROCESSING,0.13,0.23586973741899114,0.0633201262592919,-0.4420006917587504,-1.3372609915939904,13,EPRS1;HSD17B10;FAM98B;NUP93;TPRKB;TRMT112;RTCB,Reactome,Cancer_vs_Healthy
REACTOME_ION_CHANNEL_TRANSPORT,0.13193548387096773,0.23699522102747908,0.06990723473478111,-0.3194335211258469,-1.2679651934508185,31,CAMK2B;PLN;CAMK2D;ATP1A2;ATP1A1;ATP1B1;RYR1;ATP2A2;CASQ2,Reactome,Cancer_vs_Healthy
REACTOME_GLYCEROPHOSPHOLIPID_BIOSYNTHESIS,0.13315618541482138,0.237848510435057,0.06642290670214004,-0.3613793799376894,-1.2997908457894212,22,LPCAT3;HADHA;HADHB;PCYT2;GPD1L;CSNK2A1;GPD2;CSNK2B,Reactome,Cancer_vs_Healthy
REACTOME_NON_INTEGRIN_MEMBRANE_ECM_INTERACTIONS,0.13339132956357835,0.237848510435057,0.04533719316522172,0.3843712606610243,1.299555666279617,30,TTR;FN1;ACTB;ITGB1;LAMC1;LAMB2;THBS1;ACTN1;COL4A1;LAMB1;ITGA6;COL4A2;ACTC1;COL1A2,Reactome,Cancer_vs_Healthy
REACTOME_PHOSPHOLIPID_METABOLISM,0.13399503722084366,0.23804979139966728,0.06793701445868107,-0.32742007114971977,-1.2704597238775281,28,LPCAT3;PIP4K2B;HADHA;MTM1;HADHB;PCYT2;GPD1L;CSNK2A1;GPD2,Reactome,Cancer_vs_Healthy
REACTOME_INTERLEUKIN_1_FAMILY_SIGNALING,0.1350729086722947,0.23908890768636107,0.07558611407642371,-0.2790055388755294,-1.2404118386211458,49,NLRX1;MAP2K4;PSMD3;MAP2K6;PSMD1;PSMD12;PSMD11;CUL1;PSMD7;PSMD6;PSMA1;PSMD2;STAT3;PSMC4;TOLLIP;PSMC5;PSMD8;PSMD13,Reactome,Cancer_vs_Healthy
REACTOME_COPI_INDEPENDENT_GOLGI_TO_ER_RETROGRADE_TRAFFIC,0.1364709353791679,0.24068510421416886,0.04520197850268961,0.3908345139807641,1.3004641526125984,28,TUBB6;PAFAH1B2;TUBB4A;DYNC1LI2;TUBB2B;TUBB4B;CAPZA1;PAFAH1B3;TUBA1B;TUBB2A;DCTN3;TUBA1C,Reactome,Cancer_vs_Healthy
REACTOME_CHROMATIN_ORGANIZATION,0.13974641675854466,0.24380220189889987,0.062459499010238485,-0.4042263932210226,-1.3062982679642055,16,RPS2;PRMT1;PRMT5;PADI2;CARM1;RBBP4,Reactome,Cancer_vs_Healthy
REACTOME_COOPERATION_OF_PDCL_PHLP1_AND_TRIC_CCT_IN_G_PROTEIN_BETA_FOLDING,0.1396297458424851,0.24380220189889987,0.046171470225022805,0.45748052549738477,1.3274755090232333,16,GNG12;GNB1;GNB2;GNG2;GNAQ;CCT2;GNA11;CCT7;CCT3;CCT4;CCT6A,Reactome,Cancer_vs_Healthy
REACTOME_SIGNALING_BY_VEGF,0.1388315137208616,0.24380220189889987,0.04477631593195109,0.389900135222028,1.297355097405773,28,CAV1;CYFIP1;CTNNA1;RHOA;ACTB;CALM1;CRK;CDC42;KRAS;NRP1,Reactome,Cancer_vs_Healthy
REACTOME_TRIGLYCERIDE_CATABOLISM,0.1417284746855853,0.2463738717652648,0.04648767296280473,0.4859511053039243,1.3322969062109702,13,PLIN1;CAV1;MGLL;FABP4;FABP5,Reactome,Cancer_vs_Healthy
REACTOME_ADIPOGENESIS,0.14367910570442216,0.2488727366665884,0.04663330828533923,0.5069973211374814,1.3249478918182054,11,PLIN1;FABP4;CD36;ADIRF,Reactome,Cancer_vs_Healthy
REACTOME_TRIGLYCERIDE_METABOLISM,0.14870895760280523,0.25666848554220834,0.044987824723126374,0.4700431682032342,1.3153432123659665,14,PLIN1;CAV1;MGLL;FABP4;FABP5,Reactome,Cancer_vs_Healthy
REACTOME_SIGNALING_BY_THE_B_CELL_RECEPTOR_BCR,0.14942223402842342,0.25698504788576365,0.04053149124019094,0.3251927507455648,1.2501616010867125,55,IGKV3-20;IGKV3-11;IGKV3-15;IGHV3-7;IGLC2;IGHM;PPIA;IGKV4-1;IGLV1-40,Reactome,Cancer_vs_Healthy
REACTOME_C_TYPE_LECTIN_RECEPTORS_CLRS,0.1559161060546102,0.26626518111438713,0.0712828552644706,-0.2693327622604692,-1.2101690441525774,51,AHCYL1;PSMD3;UBE2M;PSMD1;PSMD12;PSMD11;CUL1;PSMD7;PSMD6;PSMA1;PSMD2;PSMC4;UBE2D1;PSMC5;PSMD8;PSMD13;PSMB1;RELA;PPP3CB;UBA3;PAK2;PRKACA;PSMA4;PSMB5;PAK1;PSMD14,Reactome,Cancer_vs_Healthy
REACTOME_TRANSMISSION_ACROSS_CHEMICAL_SYNAPSES,0.15545828359198832,0.26626518111438713,0.039604841438848785,0.32505172396445337,1.2464600626772437,54,GNAI3;TUBB6;GNG12;TUBB4A;GNAI2;GNB1;AP2A1;AP2A2;TUBB2B;GNB2;CALM1;GNG2;TUBB4B;GNAI1;AP2B1;ALDH2;VAMP2;TUBA1B;TUBB2A;KRAS;TUBA1C,Reactome,Cancer_vs_Healthy
REACTOME_CELL_CYCLE_CHECKPOINTS,0.15780141843971632,0.26853925594127165,0.0751440930078969,-0.24661789650177207,-1.182370320933855,68,DYNC1LI1;CLASP2;PPP2R5D;CLIP1;PSMD3;DYNLL2;PPP2CA;PSMD1;PSMD12;PSMD11;PPP2R5A;PSMD7;DYNLL1;PSMD6;PSMA1;PSMD2;PSMC4;PAFAH1B1;UBE2D1;RPA1;PSMC5;PSMD8;PSMD13;NUDC;CLASP1;PSMB1,Reactome,Cancer_vs_Healthy
REACTOME_GASTRULATION,0.16096774193548388,0.2729697721633206,0.06298520351263151,-0.309644401170791,-1.2291080837342847,31,PSMD3;PSMD1;PSMD12;PSMD11;PSMD7;PSMD6;PSMA1;PSMD2;PSMC4;PSMC5;PSMD8;PSMD13,Reactome,Cancer_vs_Healthy
REACTOME_SIGNALING_BY_NOTCH4,0.16285421645612838,0.2752066027220288,0.06449734523357825,-0.29647157500981525,-1.2271284829570563,36,PSMD3;PSMD1;PSMD12;PSMD11;CUL1;PSMD7;PSMD6;PSMA1;PSMD2;PSMC4;PSMC5;PSMD8;PSMD13,Reactome,Cancer_vs_Healthy
REACTOME_N_GLYCAN_TRIMMING_IN_THE_ER_AND_CALNEXIN_CALRETICULIN_CYCLE,0.16703857188396556,0.2812975950129281,0.04217653911276424,0.4603701747616445,1.2882748341246848,14,PDIA3;VCP;CALR;GANAB;PRKCSH;PSMC1;RPS27A;CANX;RAD23B,Reactome,Cancer_vs_Healthy
REACTOME_CHAPERONE_MEDIATED_AUTOPHAGY,0.1693243465395364,0.2832265392545403,0.04258639870075112,0.49360698817826787,1.289954623243828,11,HBB;VIM;EEF1A1;HSP90AA1;HSPA8;RPS27A;LAMP2,Reactome,Cancer_vs_Healthy
REACTOME_UCH_PROTEINASES,0.16935195130683853,0.2832265392545403,0.06478337426056685,-0.2866160409515612,-1.2070397621773667,39,PSMD3;PSMD1;PSMD12;PSMD11;PSMD7;PSMD6;PSMA1;PSMD2;PSMC4;UCHL5;PSMC5;PSMD8;PSMD13;UCHL3,Reactome,Cancer_vs_Healthy
REACTOME_TCR_SIGNALING,0.17097862767154107,0.2849643794525685,0.06604004586433615,-0.27510348292710346,-1.1988299022253726,45,PSMD3;PSMD1;PSMD12;PSMD11;CUL1;PSMD7;PRKCQ;PSMD6;PSMA1;PSMD2;PSMC4;UBE2D1;PSMC5;PSMD8;PSMD13;NCK1;PSMB1;RELA,Reactome,Cancer_vs_Healthy
REACTOME_APOPTOTIC_EXECUTION_PHASE,0.184421882103349,0.3063171671922064,0.03876624845838254,0.40191331483215276,1.249948525824774,21,ADD1;SPTAN1;VIM;DBNL;GSN;HMGB1;BCAP31;KPNB1;LMNA;HMGB2;STK24;CASP3,Reactome,Cancer_vs_Healthy
REACTOME_SEPARATION_OF_SISTER_CHROMATIDS,0.18560277536860365,0.30722643704359304,0.06826837231941177,-0.24576899179969133,-1.166062162249937,64,DYNC1LI1;CLASP2;PPP2R5D;CLIP1;PSMD3;DYNLL2;PPP2CA;TUBA4A;PSMD1;PSMD12;PSMD11;PPP2R5A;PSMD7;DYNLL1;PSMD6;TUBA8;PSMA1;PSMD2;PSMC4;PAFAH1B1;UBE2D1;PSMC5;PSMD8;PSMD13;NUDC;CLASP1;PSMB1,Reactome,Cancer_vs_Healthy
REACTOME_SIGNALING_BY_PTK6,0.1864517179612441,0.30758191568436527,0.04013050008524707,0.4730750942952438,1.266094598253424,12,RHOA;GPNMB;CRK;KRAS;SFPQ;RPS27A;RAC1;HRAS;KHDRBS1,Reactome,Cancer_vs_Healthy
REACTOME_HEDGEHOG_LIGAND_BIOGENESIS,0.18797489263296993,0.30904346754912004,0.05876250268522047,-0.29771811546543703,-1.2048639380656352,33,PSMD3;PSMD1;PSMD12;PSMD11;PSMD7;PSMD6;PSMA1;PSMD2;PSMC4;PSMC5;PSMD8;PSMD13,Reactome,Cancer_vs_Healthy
REACTOME_VEGFR2_MEDIATED_VASCULAR_PERMEABILITY,0.19103539530267946,0.31301407676283627,0.03993375649784559,0.49590787793347907,1.2641319611534525,10,CAV1;CTNNA1;CALM1,Reactome,Cancer_vs_Healthy
REACTOME_G2_M_DNA_DAMAGE_CHECKPOINT,0.1944534021283457,0.31690303728860597,0.03896709068948789,0.4574993477014408,1.2542927855981651,13,YWHAQ;YWHAZ;YWHAB;YWHAH;YWHAE;RPA2;UBE2V2;UBE2N;H2BC4,Reactome,Cancer_vs_Healthy
REACTOME_MITOPHAGY,0.19471568064330844,0.31690303728860597,0.05351639270284452,-0.354964454669139,-1.2191035552741156,19,MFN2;OPTN;VDAC1;CSNK2A1;VDAC3;CSNK2B;VDAC2,Reactome,Cancer_vs_Healthy
REACTOME_INTERFERON_ALPHA_BETA_SIGNALING,0.19654779351897086,0.31775226618900293,0.038948724086186784,0.4682488513524281,1.2531780862800752,12,HLA-B;IFITM1;PTPN11;SAMHD1;KPNB1;HLA-A;STAT1;RPS27A,Reactome,Cancer_vs_Healthy
REACTOME_METABOLISM_OF_CARBOHYDRATES_AND_CARBOHYDRATE_DERIVATIVES,0.19633442129048456,0.31775226618900293,0.0335126487672167,0.28860521109616244,1.1863212268120793,81,SLC2A1;BPGM;TKT;PGM2;OGN;PGD;LUM;PYGL;PRELP;PGLS;DCN;TALDO1;SORD;PGAM1;BGN;CALM1;CSPG4;G6PD;PGK1;RPIA;CD44;ALDH1A1;ENO1;GAPDH;TKFC;EPM2A;DERA;AKR1A1;PGM2L1;LYVE1;PC;CRYL1,Reactome,Cancer_vs_Healthy
REACTOME_DEUBIQUITINATION,0.2024977698483497,0.3262837819815601,0.06619244226344878,-0.2350640847264169,-1.1402653831085348,71,MAVS;USP13;USP24;PSMD3;USP47;VDAC1;PSMD1;PSMD12;PSMD11;UFD1;PSMD7;VDAC3;PSMD6;PSMA1;PSMD2;PSMC4;UBE2D1;UCHL5;VDAC2;USP9X;PSMC5;RNF123;PSMD8;PSMD13;UCHL3;MAT2B,Reactome,Cancer_vs_Healthy
REACTOME_GLYCOGEN_BREAKDOWN_GLYCOGENOLYSIS,0.20435120435120435,0.3274996318043255,0.04931054086047623,-0.4234785921880556,-1.2448434075531396,12,GAA;GYG1;PHKA2;AGL;PYGM;PHKB;PHKG1;PHKA1;PGM1;PYGB,Reactome,Cancer_vs_Healthy
REACTOME_GLYCOGEN_METABOLISM,0.2046028627561044,0.3274996318043255,0.05146779690373337,-0.3682825581229313,-1.2191262773671365,17,GAA;GYG1;GYS1;PHKA2;AGL;PYGM;PHKB;PHKG1;PHKA1;PGM1;PYGB;GBE1,Reactome,Cancer_vs_Healthy
REACTOME_RHOD_GTPASE_CYCLE,0.20799752014879108,0.331838148921591,0.0366523817770395,0.4125814539487148,1.232728126922956,18,ARHGAP1;AKAP12;CAV1;MCAM;ESYT1;RAB7A;EMD;ACTN1,Reactome,Cancer_vs_Healthy
REACTOME_RAB_GEFS_EXCHANGE_GTP_FOR_GDP_ON_RABS,0.21097560975609755,0.3354858056777289,0.03600411462307461,0.39785771929757,1.2226731881506463,20,RAB1A;RAB8A;RAB7A;RAB1B;RAB14;GAPVD1;YWHAE;GDI2;RAB10,Reactome,Cancer_vs_Healthy
REACTOME_DEFECTS_IN_VITAMIN_AND_COFACTOR_METABOLISM,0.2141051567239636,0.33934967650693576,0.047441195780349006,-0.4490274253986887,-1.232581296591204,10,ACACA;MMUT;MCCC2;MCCC1;PCCB;PCCA,Reactome,Cancer_vs_Healthy
REACTOME_CARGO_RECOGNITION_FOR_CLATHRIN_MEDIATED_ENDOCYTOSIS,0.2169594010941549,0.34275345123995155,0.03425588822160245,0.3484298402815436,1.1974859034628116,32,TF;AP2A1;STAM;AP2A2;ARRB1;PICALM;CLTC;AP2B1;AGFG1;EPS15;VAMP2,Reactome,Cancer_vs_Healthy
REACTOME_SLC_MEDIATED_TRANSMEMBRANE_TRANSPORT,0.22394781798415903,0.3526451029945361,0.035153442548194844,0.41335120195453445,1.2186374548872871,17,CP;SLC2A1;SRI;APOD,Reactome,Cancer_vs_Healthy
REACTOME_DNA_DAMAGE_BYPASS,0.225,0.35315533980582525,0.0471979591200671,-0.39816150318288096,-1.2046267268095339,13,CUL4A;DDB1;UFD1;NPLOC4;CUL4B;RPA1,Reactome,Cancer_vs_Healthy
REACTOME_RUNX1_REGULATES_TRANSCRIPTION_OF_GENES_INVOLVED_IN_DIFFERENTIATION_OF_HSCS,0.2262350936967632,0.35394845304171013,0.05411863743308816,-0.28197459848064765,-1.156692909736136,35,PSMD3;PSMD1;PSMD12;PSMD11;PSMD7;PSMD6;PSMA1;PSMD2;PSMC4;PSMC5;PSMD8;PSMD13,Reactome,Cancer_vs_Healthy
REACTOME_ACTIVATION_OF_AMPK_DOWNSTREAM_OF_NMDARS,0.22747321991178324,0.3547411950392761,0.035124976603413086,0.4260434378670863,1.2167098494376776,15,TUBB6;TUBB4A;TUBB2B;CALM1;TUBB4B;TUBA1B;TUBB2A;TUBA1C,Reactome,Cancer_vs_Healthy
REACTOME_GLUCOSE_METABOLISM,0.2319127849355798,0.3605054509415263,0.05252522585329989,-0.2867707762511311,-1.1605601031563342,33,SLC37A4;PFKL;PPP2R5D;HK1;FBP1;PPP2CA;PFKM;PFKFB2;ENO3;PKM;NUP93,Reactome,Cancer_vs_Healthy
REACTOME_G_PROTEIN_MEDIATED_EVENTS,0.2384233737596472,0.36944196892469294,0.04689852694791824,-0.3642658093973591,-1.1771616200087416,16,CAMK2B;PRKAR2A;CAMK2D;AHCYL1;PRKAR1A,Reactome,Cancer_vs_Healthy
REACTOME_RAB_REGULATION_OF_TRAFFICKING,0.24273858921161826,0.3749306234638053,0.03260273754553942,0.3612174195754534,1.181951747489762,26,RAB1A;RAB8A;RAB11B;RAB7A;RAB1B;RAB14;GAPVD1;RAB4A;YWHAE;GDI2,Reactome,Cancer_vs_Healthy
REACTOME_PEROXISOMAL_PROTEIN_IMPORT,0.24782103428239396,0.3815657194506701,0.047258457118424003,-0.3327153820175681,-1.1589784826781742,20,ECI2;CRAT;HSD17B4;ECH1;ACAA1;DHRS4;UBE2D1;EPHX2;USP9X;GSTK1;IDE;NUDT19;MLYCD;ACOT2,Reactome,Cancer_vs_Healthy
REACTOME_RAB_GERANYLGERANYLATION,0.25198170731707314,0.3867440761037357,0.03242531173666735,0.3824229616053626,1.1752399890935,20,RAB1A;RAB8A;RAB11B;RAB7A;RAB1B;RAB14;RAB4A;RAB23,Reactome,Cancer_vs_Healthy
REACTOME_SIGNALING_BY_ROBO_RECEPTORS,0.2540214477211796,0.38864480171852406,0.07273832314898826,-0.20233131066551463,-1.0929165287443816,127,RPS2;RPS9;PRKAR2A;CLASP2;RPS3;ELOB;RPL30;EIF4G1;GSPT1;RPS15A;PSMD3;RPS4X;RPS8;ETF1;RPL4;ELOC;PSMD1;PSMD12;RPL32;PSMD11;RPL27;PSMD7;RPS11;RPS12;PSMD6;PSMA1;PSMD2;PSMC4;PSMC5;RPL31;RPS3A;PSMD8;RPS13;CAP2;PSMD13;RPL36AL;RPL7A;RPS24;PFN2;NCK1;CLASP1;PABPC1;PSMB1,Reactome,Cancer_vs_Healthy
REACTOME_ANCHORING_OF_THE_BASAL_BODY_TO_THE_PLASMA_MEMBRANE,0.2620093953629338,0.39835284247969555,0.03155980023035164,0.3741971562395192,1.1637514024752877,21,TUBB4A;RAB8A;TUBB;SEPTIN2;TUBB4B;MAPRE1;DCTN3;YWHAE;HSP90AA1;DYNC1I2,Reactome,Cancer_vs_Healthy
REACTOME_CYTOPROTECTION_BY_HMOX1,0.2614329268292683,0.39835284247969555,0.031715195601614996,0.3796529852044016,1.1667274588270407,20,HBA1;HBB;ALB;BLVRB;BLVRA,Reactome,Cancer_vs_Healthy
REACTOME_ENERGY_DEPENDENT_REGULATION_OF_MTOR_BY_LKB1_AMPK,0.26573426573426573,0.4018803818182898,0.04267888442721621,-0.3963238853786748,-1.1650203459408894,12,PRKAG1;PPM1A;PRKAA1;CAB39;PRKAB2;PRKAA2;LAMTOR2,Reactome,Cancer_vs_Healthy
REACTOME_HCMV_EARLY_EVENTS,0.2665154950869237,0.4018803818182898,0.03118961441732041,0.36939930425726625,1.1626113553556576,22,TUBB6;TUBB4A;DYNC1LI2;TUBB2B;ITGB1;TUBB4B;TUBA1B;TUBB2A;TUBA1C,Reactome,Cancer_vs_Healthy
REACTOME_RHOU_GTPASE_CYCLE,0.2668154287535862,0.4018803818182898,0.03218067120600399,0.418512526481551,1.171142669942229,14,SPTBN1;SPTAN1;STAM;IQGAP1;CLTC;CDC42,Reactome,Cancer_vs_Healthy
REACTOME_TRAFFICKING_OF_AMPA_RECEPTORS,0.2699696663296259,0.40537240919463946,0.04173288314238488,-0.42455597812889156,-1.1654071185808337,10,MYO6;CAMK2B;CAMK2D,Reactome,Cancer_vs_Healthy
REACTOME_NUCLEOTIDE_EXCISION_REPAIR,0.2864167178856792,0.42874107461282224,0.04501444813900395,-0.29127094917822977,-1.1016191890285825,26,COPS7A;COPS5;CUL4A;DDB1;GPS1;COPS8;CUL4B;RPA1;COPS3;COPS6;PARP1;RPA3;COPS2;COPS4;USP7,Reactome,Cancer_vs_Healthy
REACTOME_NUCLEOTIDE_CATABOLISM,0.2896129672510751,0.43219165882083516,0.03131912293171882,0.4547056555069857,1.1591022801229156,10,PNP;TYMP,Reactome,Cancer_vs_Healthy
REACTOME_REGULATED_NECROSIS,0.2912275263484191,0.433267945641053,0.029997811271215737,0.38212974295398866,1.1417432309785198,18,FLOT2;SDCBP;HMGB1;FLOT1;HSP90AA1;UBE2L3;CASP3;RPS27A;CHMP3;PDCD6IP,Reactome,Cancer_vs_Healthy
REACTOME_MITF_M_DEPENDENT_GENE_EXPRESSION,0.29275180420458113,0.43420374629731456,0.030126232778268487,0.3943938966651609,1.1444164495571163,16,ATP6V1H;ACTB;HINT1;ASAH1,Reactome,Cancer_vs_Healthy
REACTOME_ANTIGEN_PRESENTATION_FOLDING_ASSEMBLY_AND_PEPTIDE_LOADING_OF_CLASS_I_MHC,0.2936931283338563,0.43427185134731805,0.030066807813826677,0.3941639754890683,1.143749285135337,16,B2M;HLA-B;PDIA3;CALR;BCAP31;HLA-A;HSPA5;SEC31A;CANX,Reactome,Cancer_vs_Healthy
REACTOME_CROSS_PRESENTATION_OF_SOLUBLE_EXOGENOUS_ANTIGENS_ENDOSOMES,0.311199207135778,0.4573685316995525,0.04475006052076784,-0.2694900694810992,-1.0906251568768717,33,PSMD3;PSMD1;PSMD12;PSMD11;PSMD7;PSMD6;PSMA1;PSMD2;PSMC4;PSMC5;PSMD8;PSMD13,Reactome,Cancer_vs_Healthy
REACTOME_HCMV_LATE_EVENTS,0.3106185002736727,0.4573685316995525,0.040329726740819596,-0.35091301187719137,-1.1080952472407883,15,VPS28;VPS4A;NUP93;VPS37C;TSG101;CHMP6;SNF8;VPS36;VPS25,Reactome,Cancer_vs_Healthy
REACTOME_SIGNALING_BY_NOTCH,0.31482190731520493,0.46088442867213536,0.04822336963919134,-0.24283564837065694,-1.0769258796798309,48,ATP2A2;PSMD3;ATP2A3;PSMD1;PSMD12;PSMD11;CUL1;PSMD7;PSMD6;PSMA1;PSMD2;PSMC4;PSMC5;YBX1;PSMD8;PSMD13,Reactome,Cancer_vs_Healthy
REACTOME_TRANSCRIPTIONAL_REGULATION_BY_RUNX3,0.31549202127659576,0.46088442867213536,0.04456739651093154,-0.26658663572449715,-1.0885092284722502,34,PSMD3;PSMD1;PSMD12;PSMD11;PSMD7;PSMD6;PSMA1;PSMD2;PSMC4;PSMC5;PSMD8;PSMD13,Reactome,Cancer_vs_Healthy
REACTOME_CO_STIMULATION_BY_CD28,0.3278943278943279,0.47756381089714417,0.03790216770236242,-0.37189452424697156,-1.0932086186977068,12,PPP2R5D;PPP2CA;PPP2R5A;GRB2,Reactome,Cancer_vs_Healthy
REACTOME_GLOBAL_GENOME_NUCLEOTIDE_EXCISION_REPAIR_GG_NER,0.3291488058787508,0.47795560135088067,0.04158042228616554,-0.28699654753627946,-1.0738148426632217,25,COPS7A;COPS5;CUL4A;DDB1;GPS1;COPS8;CUL4B;RPA1;COPS3;COPS6;PARP1;RPA3;COPS2;COPS4,Reactome,Cancer_vs_Healthy
REACTOME_SIGNALING_BY_RETINOIC_ACID,0.3310085836909871,0.4792213823585933,0.038460913461631795,-0.3541318955003505,-1.0953537761504692,14,DLAT;PDHX;DLD;PDHB;PDHA1,Reactome,Cancer_vs_Healthy
REACTOME_ASSEMBLY_AND_CELL_SURFACE_PRESENTATION_OF_NMDA_RECEPTORS,0.3329614281160344,0.4806139661793949,0.02807951331496343,0.3962245504964968,1.1087732113212687,14,TUBB6;TUBB4A;TUBB2B;TUBB4B;TUBA1B;TUBB2A;TUBA1C,Reactome,Cancer_vs_Healthy
REACTOME_ANTIGEN_PROCESSING_CROSS_PRESENTATION,0.34046822742474914,0.4899913658783482,0.024695362201425368,0.28600884636674206,1.085718143958399,51,S100A9;S100A8;B2M;HLA-B;PDIA3;PSME2;CD36;SEC22B;HMGB1;PSME1;SNAP23;CALR,Reactome,Cancer_vs_Healthy
REACTOME_COOPERATION_OF_PREFOLDIN_AND_TRIC_CCT_IN_ACTIN_AND_TUBULIN_FOLDING,0.3501497005988024,0.500951636549909,0.02611355892376088,0.3387468322122913,1.0860345461722123,24,TUBB6;TUBB4A;TUBB2B;ACTB;TUBB4B;TUBA1B;TUBB2A;TUBA1C,Reactome,Cancer_vs_Healthy
REACTOME_FC_EPSILON_RECEPTOR_FCERI_SIGNALING,0.349272894012839,0.500951636549909,0.02393174651325868,0.2745534847487179,1.0751480194109864,61,IGKV3-20;IGKV3-11;IGKV3-15;IGHV3-7;IGLC2,Reactome,Cancer_vs_Healthy
REACTOME_RNA_POLYMERASE_II_TRANSCRIPTION_TERMINATION,0.35459987397605547,0.505826290818785,0.026771642683855523,0.38171668115921065,1.0901199370331929,15,PABPN1;ALYREF;DDX39B;SRSF6;SRSF2;RBM8A;SRSF3;SNRPE,Reactome,Cancer_vs_Healthy
REACTOME_RAF_ACTIVATION,0.3816771970132108,0.5428546643736283,0.03685891316344953,-0.30375381783861805,-1.0432237774351445,19,CAMK2B;CAMK2D;PPP2R5D;PPP2CA;PPP2R5A,Reactome,Cancer_vs_Healthy
REACTOME_METABOLISM_OF_STEROIDS,0.38408602150537635,0.5446833930704899,0.02385243469090796,0.3040249049381285,1.0517652073627386,33,ALB;AKR1C1;ACAT2;SUMO2;AKR1C3;AKR1C2;RAN;KPNB1;FASN;ACACB,Reactome,Cancer_vs_Healthy
REACTOME_DNA_REPAIR,0.38774029742473703,0.5482625196822083,0.0417110149952,-0.2448912172401268,-1.0373944171223899,40,COPS7A;COPS5;PRKDC;CUL4A;DDB1;GPS1;PPP5C;UFD1;NPLOC4;COPS8;CUL4B;RPA1;COPS3;COPS6;PARP1;RPA3;COPS2;COPS4;USP7,Reactome,Cancer_vs_Healthy
REACTOME_SARS_COV_1_MODULATES_HOST_TRANSLATION_MACHINERY,0.3913612565445026,0.5517738646048946,0.0391519644289041,-0.2583807274245407,-1.0351162851904507,32,RPS2;RPS9;RPS3;RPS15A;RPS4X;RPS8,Reactome,Cancer_vs_Healthy
REACTOME_DISORDERS_OF_TRANSMEMBRANE_TRANSPORTERS,0.3978962640551324,0.5577447631986683,0.041110420843899556,-0.24352625799888378,-1.0316122534644883,40,HK1;SLC16A1;PSMD3;PSMD1;PSMD12;PSMD11;PSMD7;PSMD6;PSMA1;NUP93;PSMD2;PSMC4;PSMC5;PSMD8;PSMD13,Reactome,Cancer_vs_Healthy
REACTOME_MITOCHONDRIAL_UNFOLDED_PROTEIN_RESPONSE_UPRMT,0.39695666556400927,0.5577447631986683,0.025676668072412156,0.41534023983181517,1.0587548520351742,10,CAT,Reactome,Cancer_vs_Healthy
REACTOME_ACTIVATION_OF_BH3_ONLY_PROTEINS,0.40438568203805225,0.5619686412276658,0.024938542811037342,0.38256867411681383,1.0488607914993622,13,YWHAQ;YWHAZ;YWHAB;YWHAH;YWHAE,Reactome,Cancer_vs_Healthy
REACTOME_IRE1ALPHA_ACTIVATES_CHAPERONES,0.40270228296319305,0.5619686412276658,0.024386798092477215,0.35443746534769477,1.0449486263633145,17,ADD1;TLN1;TPP1;PDIA6;LMNA;HYOU1;HSPA5;SEC31A;GSK3A,Reactome,Cancer_vs_Healthy
REACTOME_MTORC1_MEDIATED_SIGNALLING,0.4040632054176072,0.5619686412276658,0.024951823695945695,0.38269955393796695,1.0492196152141444,13,EIF4B;YWHAB;FKBP1A;RRAGC;EEF2K;LAMTOR1;LAMTOR3,Reactome,Cancer_vs_Healthy
REACTOME_FATTY_ACYL_COA_BIOSYNTHESIS,0.40826741515692777,0.5657419895745999,0.03306260309770196,-0.35977416691876174,-1.0251482790762325,11,ACSL3;ACACA;HSD17B8,Reactome,Cancer_vs_Healthy
REACTOME_MITOTIC_PROPHASE,0.4127372933251684,0.5686863274508712,0.03655801740754106,-0.27179653140875104,-1.0169430681886626,25,ARPP19;USO1;NEK9,Reactome,Cancer_vs_Healthy
REACTOME_TOLL_LIKE_RECEPTOR_TLR1_TLR2_CASCADE,0.41223832528180354,0.5686863274508712,0.03766401961587815,-0.26013031585155544,-1.0231470673969967,30,NLRX1;PPP2R5D;MAP2K4;MAP2K6;PPP2CA;MAPK14;MAPKAPK2;MAPK9;CUL1;RPS6KA3,Reactome,Cancer_vs_Healthy
REACTOME_HSP90_CHAPERONE_CYCLE_FOR_STEROID_HORMONE_RECEPTORS_SHR_IN_THE_PRESENCE_OF_LIGAND,0.4155238229888308,0.5709038361177986,0.022364782968269145,0.2914863485744561,1.027300956640038,36,TUBB6;TUBB4A;DYNC1LI2;TUBB2B;DNAJB1;TUBB4B;CAPZA1;TUBA1B;TUBB2A;DCTN3;TUBA1C,Reactome,Cancer_vs_Healthy
REACTOME_PINK1_PRKN_MEDIATED_MITOPHAGY,0.41868798235942667,0.5736261905206834,0.03409615515039353,-0.31382990284552587,-1.0141729125003724,16,MFN2;OPTN;VDAC1;VDAC3;VDAC2;SQSTM1;TOMM22,Reactome,Cancer_vs_Healthy
REACTOME_OPIOID_SIGNALLING,0.42827898815616317,0.5851135471992651,0.022418791129437156,0.30492775917131487,1.0229587218325973,29,GNAI3;GNG12;GNAI2;GNB1;GNB2;CALM1;GNG2;GNAQ;GNAI1,Reactome,Cancer_vs_Healthy
REACTOME_NEGATIVE_REGULATION_OF_THE_PI3K_AKT_NETWORK,0.439792008757526,0.5991548433915733,0.03297674538363878,-0.3167017850201679,-1.0000647764419135,15,PIP4K2B;PPP2R5D;PPP2CA;PPP2R5A;GRB2,Reactome,Cancer_vs_Healthy
REACTOME_SIGNALING_BY_INSULIN_RECEPTOR,0.4481726528040328,0.6088620073108009,0.02288209981401607,0.35431467887411805,1.0118643341737794,15,ATP6V1H;CTSD;PTPN11;KRAS;MAPK3;ATP6V1E1;ATP6V1G1;HRAS,Reactome,Cancer_vs_Healthy
REACTOME_METABOLISM_OF_COFACTORS,0.4522144522144522,0.6118858130627093,0.03137345058934425,-0.33653714028379855,-0.9892732435764647,12,COQ8A;COQ7;COQ3;COQ5;COQ9;COQ6,Reactome,Cancer_vs_Healthy
REACTOME_TRANSCRIPTIONAL_REGULATION_BY_MECP2,0.45292166368971676,0.6118858130627093,0.031061328428426568,-0.3474506654534112,-0.9900334279250373,11,CAMK2B;CAMK2D,Reactome,Cancer_vs_Healthy
REACTOME_ARACHIDONATE_METABOLISM,0.45589161940768747,0.6141873205909123,0.022609715273702067,0.35238708765569715,1.0063594513081173,15,AKR1C3;GGT5;GPX1;CBR1;PTGDS;PTGIS;LTA4H,Reactome,Cancer_vs_Healthy
REACTOME_P75_NTR_RECEPTOR_MEDIATED_SIGNALLING,0.4676968601019234,0.6283461970898417,0.02288209981401607,0.38292331457388495,1.0007024045697677,11,ARHGDIA;RHOA;GNA13;YWHAE;CASP3;RPS27A;RAC1,Reactome,Cancer_vs_Healthy
REACTOME_REGULATION_OF_CHOLESTEROL_BIOSYNTHESIS_BY_SREBP_SREBF,0.469896004378763,0.6295568014466852,0.03169288798808296,-0.30934120872723153,-0.9768219232814545,15,ACACA;LSS;SEC24C;SEC23A;CARM1,Reactome,Cancer_vs_Healthy
REACTOME_UNFOLDED_PROTEIN_RESPONSE_UPR,0.47236782986371123,0.6311250619391183,0.02125775637770599,0.31249507423247963,0.993752088136393,23,ADD1;TLN1;HSP90B1;TPP1;CALR;PDIA6;LMNA;HYOU1;KHSRP;HSPA5;SEC31A;GSK3A,Reactome,Cancer_vs_Healthy
REACTOME_HSF1_ACTIVATION,0.4753843764559714,0.6334105015965553,0.02172437157930597,0.3346629220279315,0.9866495358349524,17,EEF1A1;DNAJB1;VCP;YWHAE;HSP90AA1;DNAJB6;RPA2,Reactome,Cancer_vs_Healthy
REACTOME_MATERNAL_TO_ZYGOTIC_TRANSITION_MZT,0.4784183994959042,0.6339697370369223,0.021847734908829484,0.34623516573768476,0.9887905761058843,15,YAP1;TNKS1BP1;EIF4B;PABPN1,Reactome,Cancer_vs_Healthy
REACTOME_PROCESSING_OF_DNA_DOUBLE_STRAND_BREAK_ENDS,0.47783658617267616,0.6339697370369223,0.02263723435331149,0.3887937094976287,0.9910843855101873,10,SUMO2;RPA2;UBE2I;RPS27A;UBE2V2;UBE2N;H2BC4,Reactome,Cancer_vs_Healthy
REACTOME_TRANSCRIPTIONAL_REGULATION_BY_RUNX2,0.4805194805194805,0.6350189320216568,0.037412951720586486,-0.22711520659593812,-0.985673310729193,44,STUB1;PSMD3;PSMD1;PSMD12;PSMD11;CUL1;PSMD7;PSMD6;PSMA1;PSMD2;PSMC4;PSMC5;PSMD8;PSMD13,Reactome,Cancer_vs_Healthy
REACTOME_BIOLOGICAL_OXIDATIONS,0.49063277872396177,0.6466220045682648,0.018647264560396202,0.2509768683772972,0.9828222839742448,61,AOC3;ABHD14B;GCLC;GGT5;ADH1C;SULT1A1;ADH1B;GCLM;MGST1;GSS;ALDH2;ALDH1A1;MAOA;CNDP2;CBR3;GSTO1;ADH5;MTARC2;EPHX1;CYB5R3;UGDH;AKR1A1;PTGIS,Reactome,Cancer_vs_Healthy
REACTOME_CREB1_PHOSPHORYLATION_THROUGH_NMDA_RECEPTOR_MEDIATED_ACTIVATION_OF_RAS_SIGNALING,0.49451390660882877,0.6482787624519908,0.02943006018492552,-0.3369690337268652,-0.9601668401752678,11,CAMK2B;CAMK2D;RPS6KA3;CAMK2G,Reactome,Cancer_vs_Healthy
REACTOME_TRANSCRIPTIONAL_REGULATION_BY_RUNX1,0.4945631796025497,0.6482787624519908,0.03701975102445612,-0.22459343662857886,-0.97872017034857,45,PRMT1;PSMD3;PSMD1;PSMD12;PSMD11;CSNK2A1;PSMD7;PRKCQ;PSMD6;PSMA1;PSMD2;PSMC4;CSNK2B;PSMC5;PSMD8;PSMD13,Reactome,Cancer_vs_Healthy
REACTOME_ACTIVATION_OF_NMDA_RECEPTORS_AND_POSTSYNAPTIC_EVENTS,0.5112235219728106,0.6647276358091505,0.03285499867295293,-0.24702473804303224,-0.964134336328258,29,CAMK2B;PRKAR2A;MAPT;CAMK2D;PRKAR1A;TUBA4A;PRKAG1;RPS6KA3;PRKAA1;TUBA8;CAMK2G,Reactome,Cancer_vs_Healthy
REACTOME_INTERFERON_GAMMA_SIGNALING,0.5091680557660252,0.6647276358091505,0.020283509366593257,0.31054587367580705,0.9657962119621435,21,B2M;HLA-B;PTPN11;HLA-DRA;CD44;HLA-A;MAPK3;STAT1;TRIM25,Reactome,Cancer_vs_Healthy
REACTOME_TRANSPORT_OF_MATURE_TRANSCRIPT_TO_CYTOPLASM,0.5108383806184252,0.6647276358091505,0.021009234398900525,0.3443382321794927,0.9635773628765094,14,ALYREF;DDX39B;SRSF6;SRSF2;RBM8A;SRSF3,Reactome,Cancer_vs_Healthy
REACTOME_GLUTATHIONE_CONJUGATION,0.5175304878048781,0.6695448682513359,0.02012542487826185,0.31124858919458026,0.956511050055307,20,GCLC;GGT5;GCLM;MGST1;GSS;CNDP2;GSTO1;AKR1A1;GSTM4,Reactome,Cancer_vs_Healthy
REACTOME_RHO_GTPASES_ACTIVATE_FORMINS,0.517689331122167,0.6695448682513359,0.018643284894152207,0.2656883127161338,0.9629190981193628,41,TUBB6;TUBB4A;DYNC1LI2;RHOA;TUBB2B;ACTB;ITGB1;TUBB4B;MAPRE1;CDC42;RHOC;TUBA1B;TUBB2A;TUBA1C;PFN1;PPP1CC,Reactome,Cancer_vs_Healthy
REACTOME_AURKA_ACTIVATION_BY_TPX2,0.5326687116564417,0.6834505956438471,0.019780288670277767,0.31028073926108163,0.9412761845992883,19,TUBB4A;TUBB;TUBB4B;MAPRE1;DCTN3;YWHAE;HSP90AA1;DYNC1I2,Reactome,Cancer_vs_Healthy
REACTOME_MUSCLE_CONTRACTION,0.5303791112226964,0.6834505956438471,0.016869010761999887,0.23477836121648946,0.9650641873353851,81,SRI;ANXA1;TLN1;TPM4;VIM;ANXA2;CALD1;ATP2B4;MYL12B;TMOD1;ITGA1;SORBS1;CALM1;MYL9;ANXA6;TMOD3;VCL;ALDH2;CLIC2,Reactome,Cancer_vs_Healthy
REACTOME_RECRUITMENT_OF_MITOTIC_CENTROSOME_PROTEINS_AND_COMPLEXES,0.5326687116564417,0.6834505956438471,0.019780288670277767,0.31028073926108163,0.9412761845992883,19,TUBB4A;TUBB;TUBB4B;MAPRE1;DCTN3;YWHAE;HSP90AA1;DYNC1I2,Reactome,Cancer_vs_Healthy
REACTOME_PKR_MEDIATED_SIGNALING,0.5444633730834753,0.6967407280883522,0.033087230871802445,-0.2309688050587345,-0.9474611565055622,35,MAVS;MAPT;EIF2S1;HSPA2;MAP2K6;PPP2CA;TUBA4A;PPP2R5A;EIF2S2;ARIH1;TUBA8;STAT3,Reactome,Cancer_vs_Healthy
REACTOME_DDX58_IFIH1_MEDIATED_INDUCTION_OF_INTERFERON_ALPHA_BETA,0.5496141124586549,0.7014811698485464,0.028912821198766724,-0.28581611320445094,-0.9236435321804666,16,MAVS;NLRX1;UBE2K,Reactome,Cancer_vs_Healthy
REACTOME_CARGO_CONCENTRATION_IN_THE_ER,0.5552930056710775,0.7050186066766299,0.019555473780994197,0.3260194419715095,0.9310578004458346,15,SERPINA1;CTSZ;SEC22B,Reactome,Cancer_vs_Healthy
REACTOME_M_DECAY_DEGRADATION_OF_MATERNAL_MRNAS_BY_MATERNALLY_STORED_FACTORS,0.5552436846134218,0.7050186066766299,0.02736064343089485,-0.3211407737260886,-0.9150654543822426,11,RPS2;EIF4G1;ELOC,Reactome,Cancer_vs_Healthy
REACTOME_TBC_RABGAPS,0.5638665132336018,0.7140346185856316,0.0199693537129219,0.3530411863815936,0.9226107439223504,11,RAB8A;RAB11B;RAB7A;RAB4A,Reactome,Cancer_vs_Healthy
REACTOME_MITOTIC_METAPHASE_AND_ANAPHASE,0.5689063266307013,0.7185405427497138,0.03983629918878935,-0.19055849640808908,-0.9512123030056874,82,DYNC1LI1;CLASP2;PPP2R5D;CLIP1;VPS4A;PSMD3;DYNLL2;PPP2CA;TUBA4A;PSMD1;PSMD12;PSMD11;PPP2R5A;PSMD7;DYNLL1;PSMD6;TUBA8;PSMA1;NUP93;PSMD2;PSMC4;PAFAH1B1;UBE2D1,Reactome,Cancer_vs_Healthy
REACTOME_AMINO_ACIDS_REGULATE_MTORC1,0.571912286359239,0.7204609321668336,0.0194615836905062,0.33580759822033085,0.9206593406373107,13,ATP6V1H;RRAGC;LAMTOR1;LAMTOR3;ATP6V1E1;ATP6V1G1;LAMTOR5,Reactome,Cancer_vs_Healthy
REACTOME_SARS_COV_1_ACTIVATES_MODULATES_INNATE_IMMUNE_RESPONSES,0.5753134668620746,0.7210000812095767,0.019521248955901637,0.34205968677794873,0.9154570319432966,12,PPIA;PPIB;FKBP1A;KPNB1;TKFC,Reactome,Cancer_vs_Healthy
REACTOME_SULFUR_AMINO_ACID_METABOLISM,0.574696802646086,0.7210000812095767,0.028113545512391334,-0.2806322007770604,-0.9068911975018259,16,ETHE1;GOT2;ADI1;GOT1;TST;ENOPH1;SUOX,Reactome,Cancer_vs_Healthy
REACTOME_BETA_CATENIN_INDEPENDENT_WNT_SIGNALING,0.580042689434365,0.7250533617929562,0.016450661938834713,0.24375733598218075,0.9315265300016554,53,GNG12;GNB1;AP2A1;AP2A2;RHOA;GNB2;CLTC;CALM1;GNG2;AP2B1;KRAS;PFN1;AP2M1;AGO2;PSMB3;PSMA2;PPP3R1;PSMC1;RPS27A;PSMA7;PSMA5;CLTA;RAC1,Reactome,Cancer_vs_Healthy
REACTOME_LATE_ENDOSOMAL_MICROAUTOPHAGY,0.582403570290086,0.7261329860943232,0.01901487054973358,0.3257314937608019,0.9115092790516808,14,HBB;VIM,Reactome,Cancer_vs_Healthy
REACTOME_MAPK_FAMILY_SIGNALING_CASCADES,0.5875867195242814,0.7307168178699397,0.015190438179879247,0.22395757327220245,0.935347574365904,89,FN1;SPTBN1;SPTB;PEA15;TLN1;SPTAN1;RAP1B;ARRB1;SEPTIN7;IQGAP1;ACTB;PTPN11;CALM1;DNAJB1;YWHAB;VWF;VCL;CDC42;KRAS,Reactome,Cancer_vs_Healthy
REACTOME_NUCLEAR_EVENTS_MEDIATED_BY_NFE2L2,0.5973782771535581,0.7396222035612274,0.016061549708216365,0.2414788449174477,0.9198275404167818,52,TKT;SOD3;PGD;GCLC;TALDO1;TXN;IDH1;GCLM,Reactome,Cancer_vs_Healthy
REACTOME_STRIATED_MUSCLE_CONTRACTION,0.5977977397855694,0.7396222035612274,0.017215883690484626,0.26758666056977937,0.911458182281458,31,TPM4;VIM;TMOD1;TMOD3;MYBPC2;ACTN3;ACTC1,Reactome,Cancer_vs_Healthy
REACTOME_ENDOSOMAL_SORTING_COMPLEX_REQUIRED_FOR_TRANSPORT_ESCRT,0.6095986528206567,0.7523036809618793,0.027392830278792798,-0.26861028876333326,-0.8891810219620715,17,VPS28;VPS4A;VPS37C;TSG101;CHMP6;SNF8;VTA1;VPS36;VPS25,Reactome,Cancer_vs_Healthy
REACTOME_INITIATION_OF_NUCLEAR_ENVELOPE_NE_REFORMATION,0.6119748594111809,0.7533193066355907,0.018827684141537585,0.344704662549255,0.8786958233109184,10,LEMD2;KPNB1;EMD;LMNA,Reactome,Cancer_vs_Healthy
REACTOME_COPII_MEDIATED_VESICLE_TRANSPORT,0.6193433895297249,0.7604596048656116,0.016997554082365206,0.27067097710827065,0.89372189468112,27,RAB1A;SERPINA1;CTSZ;SEC22B;RAB1B;NAPA,Reactome,Cancer_vs_Healthy
REACTOME_PHASE_I_FUNCTIONALIZATION_OF_COMPOUNDS,0.6209247184350919,0.7604759809116656,0.01699057280614406,0.27215213072575556,0.8905182005686089,26,AOC3;ADH1C;ADH1B;ALDH2;ALDH1A1;MAOA;CBR3;ADH5;MTARC2;EPHX1;CYB5R3;PTGIS,Reactome,Cancer_vs_Healthy
REACTOME_ASSOCIATION_OF_TRIC_CCT_WITH_TARGET_PROTEINS_DURING_BIOSYNTHESIS,0.630003307972213,0.7638790109163083,0.018395100878255355,0.3394438515078186,0.8652853499649781,10,CCT2;FKBP9;CCT7;CCT3;CCT4;CCT6A,Reactome,Cancer_vs_Healthy
REACTOME_M_PHASE,0.6273329319686936,0.7638790109163083,0.04231202342206551,-0.1775358181497233,-0.9354742170956067,109,ARPP19;USO1;NEK9;DYNC1LI1;CLASP2;PPP2R5D;CLIP1;VPS4A;PSMD3;DYNLL2;PPP2CA;TUBA4A;DCTN1;PSMD1;PSMD12;PSMD11;CSNK2A1;PPP2R5A;PSMD7;DYNLL1;PSMD6;TUBA8;PSMA1;NUP93;PSMD2;PSMC4;PAFAH1B1;UBE2D1,Reactome,Cancer_vs_Healthy
REACTOME_NONSENSE_MEDIATED_DECAY_NMD,0.6253602305475504,0.7638790109163083,0.03729720166767905,-0.18752096441299243,-0.9264569304855262,78,RPS2;RPS9;RPS3;RPL30;EIF4G1;GSPT1;RPS15A;RPS4X;RPS8;PPP2CA;ETF1;RPL4;RPL32;RPL27,Reactome,Cancer_vs_Healthy
REACTOME_REGULATION_OF_LIPID_METABOLISM_BY_PPARALPHA,0.6298886298886299,0.7638790109163083,0.025453399475590274,-0.29422167279231026,-0.864884120451874,12,CPT2;CPT1A;TXNRD1;CARM1;ME1;ACADM,Reactome,Cancer_vs_Healthy
REACTOME_PHASE_II_CONJUGATION_OF_COMPOUNDS,0.6395698924731182,0.7704516070196701,0.016077806253931713,0.2558914831352712,0.8852490518067884,33,ABHD14B;GCLC;GGT5;SULT1A1;GCLM;MGST1;GSS;CNDP2;GSTO1;UGDH;AKR1A1,Reactome,Cancer_vs_Healthy
REACTOME_REGULATION_OF_PLK1_ACTIVITY_AT_G2_M_TRANSITION,0.6401896858328393,0.7704516070196701,0.016544716728727066,0.26780377697930363,0.8762898050627578,26,TUBB4A;RAB8A;TUBB;TUBB4B;MAPRE1;DCTN3;PPP1R12B;YWHAE;HSP90AA1;DYNC1I2;SKP1,Reactome,Cancer_vs_Healthy
REACTOME_RESPIRATORY_SYNCYTIAL_VIRUS_RSV_GENOME_REPLICATION_TRANSCRIPTION_AND_TRANSLATION,0.6393227026138418,0.7704516070196701,0.018086906818498116,0.32942809486550906,0.8609021026353431,11,KPNB1;SPCS1;PPP1CC;HSP90AA1;HSPA8,Reactome,Cancer_vs_Healthy
REACTOME_REGULATION_OF_MRNA_STABILITY_BY_PROTEINS_THAT_BIND_AU_RICH_ELEMENTS,0.6557943207981581,0.7872778356116502,0.03178233709060047,-0.20190641649889657,-0.8976420695021872,49,EIF4G1;PSMD3;MAPK14;MAPKAPK2;PSMD1;PSMD12;PSMD11;PSMD7;PSMD6;PSMA1;PSMD2;PSMC4;PSMC5;PSMD8;PSMD13;PABPC1;PSMB1,Reactome,Cancer_vs_Healthy
REACTOME_HOMOLOGY_DIRECTED_REPAIR,0.6578733105357434,0.7878235940983593,0.01752505682365292,0.31864727915894003,0.8527982211625401,12,SUMO2;RPA2;UBE2I;RPS27A;UBE2V2;UBE2N;H2BC4,Reactome,Cancer_vs_Healthy
REACTOME_MATURATION_OF_SARS_COV_2_SPIKE_PROTEIN,0.6635727080280085,0.7926915354521776,0.017398321132689486,0.31693316933169335,0.8482107355407844,12,GANAB;RPN1;PRKCSH;CANX;STT3A;MAGT1;OSTC;DAD1;STT3B;MOGS;DDOST;RPN2,Reactome,Cancer_vs_Healthy
REACTOME_ATTENUATION_PHASE,0.6697368421052632,0.7976120271479753,0.024695362201425368,-0.2782973330206084,-0.841980961686434,13,HSPB2;HSPA2,Reactome,Cancer_vs_Healthy
REACTOME_SARS_COV_1_HOST_INTERACTIONS,0.6726254002134472,0.7976120271479753,0.014308063173528613,0.22855310402209816,0.8734230666451666,53,HNRNPA1;CAV1;PPIA;PPIB;YWHAQ;EEF1A1;YWHAZ;YWHAB;RPS14;FKBP1A;YWHAH;KPNB1;RPS7;YWHAE;RPS28;TKFC;RPS10;RPSA;RPS25;RPS20,Reactome,Cancer_vs_Healthy
REACTOME_SIGNALING_BY_NTRKS,0.6725576134596353,0.7976120271479753,0.015147859611189482,0.24488590897826248,0.8630645304364019,36,AP2A1;AP2A2;RHOA;PTPN11;CLTC;YWHAB;CRK;AP2B1;KRAS,Reactome,Cancer_vs_Healthy
REACTOME_TRANSCRIPTIONAL_ACTIVATION_OF_MITOCHONDRIAL_BIOGENESIS,0.691012691012691,0.817417451563793,0.023919511552438037,-0.2795474928733125,-0.8217483953635534,12,IDH2;TFAM;SIRT5;CARM1,Reactome,Cancer_vs_Healthy
REACTOME_GAMMA_CARBOXYLATION_HYPUSINYLATION_HYDROXYLATION_AND_ARYLSULFATASE_ACTIVATION,0.7000630119722747,0.8261084204539009,0.016133228559488955,0.2871653073978069,0.8200967950050017,15,RPL27A;EIF5A;FN3K;PROS1;RPL8,Reactome,Cancer_vs_Healthy
REACTOME_SIGNALING_BY_TGFB_FAMILY_MEMBERS,0.7036379769299024,0.8283116961432103,0.015144823308697269,0.25319197732102283,0.8360084117880452,27,FBN1;ARRB1;RHOA;ITGB1;FKBP1A;USP15;PPP1CC;AGO2;COL1A2;MAPK3;STAT1,Reactome,Cancer_vs_Healthy
REACTOME_ENOS_ACTIVATION,0.7067482633145882,0.8299586143040564,0.016704141076757575,0.31618356605056036,0.8059919376590392,10,CAV1;CALM1;CYGB,Reactome,Cancer_vs_Healthy
REACTOME_MAPK1_MAPK3_SIGNALING,0.7095393908884974,0.8312236825626117,0.012691501628824346,0.21048522058398542,0.8617316551285613,79,FN1;SPTBN1;SPTB;PEA15;TLN1;SPTAN1;RAP1B;ARRB1;IQGAP1;ACTB;PTPN11;CALM1;YWHAB;VWF;VCL,Reactome,Cancer_vs_Healthy
REACTOME_TGF_BETA_RECEPTOR_SIGNALING_ACTIVATES_SMADS,0.7131016895122728,0.83338390220109,0.016035580702779623,0.28974997870113306,0.8108205661717697,14,FBN1;ITGB1;FKBP1A;USP15;PPP1CC,Reactome,Cancer_vs_Healthy
REACTOME_BIOSYNTHESIS_OF_THE_N_GLYCAN_PRECURSOR_DOLICHOL_LIPID_LINKED_OLIGOSACCHARIDE_LLO_AND_TRANSFER_TO_A_NASCENT_PROTEIN,0.7204246713852376,0.837903994296979,0.02285402705578009,-0.29050906967060564,-0.7974480521945091,10,HK1;NEU3;MPI,Reactome,Cancer_vs_Healthy
REACTOME_SYNTHESIS_OF_SUBSTRATES_IN_N_GLYCAN_BIOSYTHESIS,0.7204246713852376,0.837903994296979,0.02285402705578009,-0.29050906967060564,-0.7974480521945091,10,HK1;NEU3;MPI,Reactome,Cancer_vs_Healthy
REACTOME_CHROMOSOME_MAINTENANCE,0.7241643276346007,0.8402385141214864,0.022921509737553622,-0.2795081967213115,-0.7964366905788838,11,RBBP4;RPA1;RPA3;RBBP7;PCNA;NPM1;H3-3A;H2BC4;RUVBL2;RUVBL1;RPA2,Reactome,Cancer_vs_Healthy
REACTOME_METABOLISM_OF_NITRIC_OXIDE_NOS3_ACTIVATION_AND_REGULATION,0.7336840374815058,0.8492524061540102,0.016071301237850298,0.3018000730446747,0.7887011505977768,11,CAV1;CALM1;CYGB,Reactome,Cancer_vs_Healthy
REACTOME_NEGATIVE_REGULATION_OF_MAPK_PATHWAY,0.7412293011507157,0.855943359662136,0.024085712587806472,-0.24312249524610052,-0.8048087427334848,17,PPP2R5D;PPP2CA;PPP5C;PPP2R5A,Reactome,Cancer_vs_Healthy
REACTOME_HEDGEHOG_OFF_STATE,0.7479182437547313,0.8616160290286097,0.02907687166645898,-0.19398741130054306,-0.8488863354130769,46,PRKAR2A;PRKAR1A;PSMD3;TUBA4A;PSMD1;PSMD12;PSMD11;CUL1;PSMD7;PSMD6;PSMA1;PSMD2;PSMC4;PSMC5;PSMD8;PSMD13,Reactome,Cancer_vs_Healthy
REACTOME_TOLL_LIKE_RECEPTOR_CASCADES,0.7526296699310845,0.8649890756316966,0.028199018407186534,-0.19724493764340661,-0.8355579241385537,40,NLRX1;PPP2R5D;OPTN;MAP2K4;MAP2K6;PPP2CA;MAPK14;MAPKAPK2;MAPK9;CUL1;RPS6KA3;UBE2D1;MAP2K3,Reactome,Cancer_vs_Healthy
REACTOME_MITOTIC_PROMETAPHASE,0.7558667676003028,0.8666557500854536,0.02888567755215259,-0.1930474938088331,-0.8447732689528406,46,NEK9;DYNC1LI1;CLASP2;PPP2R5D;CLIP1;DYNLL2;PPP2CA;TUBA4A;DCTN1;CSNK2A1;PPP2R5A;DYNLL1;TUBA8;PAFAH1B1;CSNK2B,Reactome,Cancer_vs_Healthy
REACTOME_MAPK6_MAPK4_SIGNALING,0.759942154736081,0.8692734552995266,0.02796952149368188,-0.19524162857471478,-0.8344514826056645,41,PSMD3;PSMD1;PSMD12;PSMD11;PSMD7;PSMD6;PSMA1;PSMD2;PSMC4;PSMC5;PSMD8;PSMD13,Reactome,Cancer_vs_Healthy
REACTOME_TRANSCRIPTIONAL_ACTIVITY_OF_SMAD2_SMAD3_SMAD4_HETEROTRIMER,0.7805562643531513,0.8907524428500667,0.021734604478684288,-0.2659836065573771,-0.7578994313573248,11,PPM1A;UBE2D1;USP9X;YBX1;PARP1;MAPK1;UBE2D3;RPS27A;STAT1;MAPK3;COL1A2,Reactome,Cancer_vs_Healthy
REACTOME_DOWNSTREAM_SIGNALING_EVENTS_OF_B_CELL_RECEPTOR_BCR,0.7900917431192661,0.899517594865831,0.027546827792655854,-0.19050375207073922,-0.8176880001780251,42,PSMD3;PSMD1;PSMD12;PSMD11;CUL1;PSMD7;PSMD6;PSMA1;PSMD2;PSMC4;PSMC5;PSMD8;PSMD13;PSMB1;RELA;PPP3CB,Reactome,Cancer_vs_Healthy
REACTOME_ANTIGEN_PROCESSING_UB_ATP_INDEPENDENT_PROTEASOMAL_DEGRADATION,0.7922811421399435,0.8998977843978281,0.01428518784312048,0.2594736256121337,0.7529170402676302,16,PSME2;PSME1;PSMB3;PSMA2;PSMA7;PSMA5,Reactome,Cancer_vs_Healthy
REACTOME_RHOBTB2_GTPASE_CYCLE,0.836620593259823,0.9480396909603134,0.013352086700354392,0.24465427923065514,0.7212870478158739,17,TMOD3;DDX39B;HNRNPC;ACTN1;CCT2;HSP90AA1;RBMX;TRA2B;CCT7;TXNL1,Reactome,Cancer_vs_Healthy
REACTOME_APOPTOSIS,0.8429906542056075,0.9508150402086503,0.030756227830478856,-0.16736854758043815,-0.8220774976731778,76,DIABLO;MAPT;KPNA1;PSMD3;OPA1;C1QBP;DYNLL2;DNM1L;PSMD1;PSMD12;PSMD11;PSMD7;PRKCQ;DYNLL1;PSMD6;PSMA1;PSMD2;STAT3;APPL1;PSMC4;FNTA;PSMC5;PSMD8;PSMD13,Reactome,Cancer_vs_Healthy
REACTOME_PROTEASOME_ASSEMBLY,0.8426731639401323,0.9508150402086503,0.02552970151330516,-0.18819250300370943,-0.7828681279904349,37,PSMD3;PSMD1;PSMD12;PSMD11;PSMD7;PSMD6;PSMA1;PSMD2;PSMC4;PSMC5;PSMD8;PSMD13,Reactome,Cancer_vs_Healthy
REACTOME_INTERFERON_SIGNALING,0.8475888324873097,0.9537832569752788,0.010174756624800427,0.19032132934922846,0.7753490660355025,77,SNCA;FLNA;TUBB6;B2M;HLA-B;TUBB4A;IFITM1;TUBB2B;PTPN11;HLA-DRA;TUBB4B;TUBA1B;CD44;TUBB2A;SAMHD1;TUBA1C;KPNB1,Reactome,Cancer_vs_Healthy
REACTOME_MRNA_SPLICING_MINOR_PATHWAY,0.8502168920643021,0.9545259089147835,0.02041146278144614,-0.2459016393442623,-0.7006774403919798,11,SNRPB;YBX1;SNRPD1;SNRPD2;SNRPD3;SRSF1;SRSF7;SNRPE;SRSF2;SRSF6;SF3B2,Reactome,Cancer_vs_Healthy
REACTOME_SIGNALING_BY_ERBB2,0.8613157894736843,0.9647532514889997,0.020685539071386774,-0.23241352044706756,-0.7031607429757892,13,CUL5;STUB1,Reactome,Cancer_vs_Healthy
REACTOME_G2_M_CHECKPOINTS,0.8656771799628943,0.9674042218479348,0.02615735963369209,-0.17708266875380216,-0.7685335693697353,44,PSMD3;PSMD1;PSMD12;PSMD11;PSMD7;PSMD6;PSMA1;PSMD2;PSMC4;RPA1;PSMC5;PSMD8;PSMD13,Reactome,Cancer_vs_Healthy
REACTOME_RESOLUTION_OF_SISTER_CHROMATID_COHESION,0.8678376043766196,0.9675890531555414,0.01171262810337059,0.20888827329622117,0.7179085536095001,32,TUBB6;TUBB4A;DYNC1LI2;TUBB2B;TUBB4B;MAPRE1;TUBA1B;TUBB2A;TUBA1C,Reactome,Cancer_vs_Healthy
REACTOME_SIGNALING_BY_WNT,0.8705583756345178,0.9683963582172961,0.009762283577649133,0.18618718807261575,0.7585070095584864,77,GNG12;GNB1;CAV1;AP2A1;AP2A2;RHOA;GNB2;CLTC;CALM1;GNG2;YWHAZ;VPS29;AP2B1;KRAS;PFN1;AP2M1;SNX3;AGO2;PSMB3;RUVBL1;SKP1;VPS35;PSMA2;PPP3R1;PSMC1;RPS27A;PSMA7;PSMA5;CLTA;RAC1,Reactome,Cancer_vs_Healthy
REACTOME_SELECTIVE_AUTOPHAGY,0.8739564800875872,0.9699516998683749,0.010854763788084398,0.1978795800696208,0.7282746471306326,44,TUBB6;VIM;TUBB4A;DYNC1LI2;TUBB2B;TUBB4B;VCP;TUBA1B;TUBB2A;TUBA1C;HSP90AA1;UBE2L3;HSPA8;UBE2V1;DYNC1I2;TOMM7,Reactome,Cancer_vs_Healthy
REACTOME_DEADENYLATION_DEPENDENT_MRNA_DECAY,0.881706008583691,0.9740943375013441,0.020619946284723318,-0.21986535215088976,-0.6800583251131962,14,HBS1L;EIF4G1,Reactome,Cancer_vs_Healthy
REACTOME_KEAP1_NFE2L2_PATHWAY,0.8812215724496426,0.9740943375013441,0.009941702356843421,0.18892552090347758,0.7446053943040181,63,TKT;SOD3;PGD;GCLC;TALDO1;TXN;IDH1;GCLM;G6PD;VCP,Reactome,Cancer_vs_Healthy
REACTOME_GENE_SILENCING_BY_RNA,0.8919947072444592,0.9822492975378357,0.013335977037911804,0.2561406204969706,0.6529348682041537,10,RAN;HSP90AA1;AGO2,Reactome,Cancer_vs_Healthy
REACTOME_REGULATION_OF_T_CELL_ACTIVATION_BY_CD28_FAMILY,0.8971885336273429,0.9822492975378357,0.02077039280567467,-0.21046500806108914,-0.680138853147442,16,PPP2R5D;PPP2CA;PPP2R5A;GRB2,Reactome,Cancer_vs_Healthy
REACTOME_RHOBTB_GTPASE_CYCLE,0.894529474162752,0.9822492975378357,0.012020752628152708,0.21638947212520943,0.6729702443420237,21,VIM;TMOD3;DDX39B;HNRNPC;ACTN1;CCT2;HSP90AA1;RBMX;TRA2B;CCT7;TXNL1,Reactome,Cancer_vs_Healthy
REACTOME_SARS_COV_2_ACTIVATES_MODULATES_INNATE_AND_ADAPTIVE_IMMUNE_RESPONSES,0.8953592814371257,0.9822492975378357,0.011827908605325748,0.2108313258819719,0.6759328251950072,24,B2M;HLA-B;PTPN11;TKFC;HLA-A;G3BP1;HSP90AA1;UBE2V1;STAT1;TRIM25,Reactome,Cancer_vs_Healthy
REACTOME_FORMATION_OF_THE_DYSTROPHIN_GLYCOPROTEIN_COMPLEX_DGC,0.9009697325888921,0.9841673880757043,0.02169882671744391,-0.19601523660607018,-0.6948703188270451,21,SGCG;SGCD;DTNA;DMD;SNTA1;SNTB1;SGCB;SSPN;LAMB3,Reactome,Cancer_vs_Healthy
REACTOME_METABOLISM_OF_WATER_SOLUBLE_VITAMINS_AND_COFACTORS,0.9055900621118013,0.984720567669757,0.01044658716608044,0.1927951675348492,0.6960214402491091,40,SLC2A1;PPCS;PDXK;BTD;CYB5A;AOX1;FASN;ACACB;GSTO1;NAPRT,Reactome,Cancer_vs_Healthy
REACTOME_NUCLEAR_ENVELOPE_BREAKDOWN,0.9095045500505561,0.984720567669757,0.019246644710435624,-0.23231814369311743,-0.637713828995356,10,NEK9,Reactome,Cancer_vs_Healthy
REACTOME_REPRODUCTION,0.904196157735086,0.984720567669757,0.01933469525073498,-0.23424025687313357,-0.6429900340144944,10,SYNE2;HSPA2,Reactome,Cancer_vs_Healthy
REACTOME_RRNA_PROCESSING,0.9098130841121496,0.984720567669757,0.029345552096641053,-0.1581029159064041,-0.7765667526074692,76,RPS2;RPS9;RPS3;RPL30;RPS15A;RPS4X;RPS8;RPL4;SNU13;RPL32;HSD17B10;RPL27;RPS11;RPS12;RPL31;RPS3A;RPS13;RPL36AL;RPL7A;TRMT112;RPS24,Reactome,Cancer_vs_Healthy
REACTOME_SIGNALING_BY_HEDGEHOG,0.9116279069767442,0.984720567669757,0.02601917466808258,-0.16601710174190623,-0.7421881297058739,50,PRKAR2A;PRKAR1A;PSMD3;TUBA4A;PSMD1;PSMD12;PSMD11;CUL1;CUL3;PSMD7;PSMD6;PSMA1;PSMD2;PSMC4;PSMC5;PSMD8;PSMD13,Reactome,Cancer_vs_Healthy
REACTOME_SIGNALING_BY_TGF_BETA_RECEPTOR_COMPLEX,0.9229513064133017,0.9926890877104112,0.011255538447198584,0.19930352405375135,0.6456578157344006,25,FBN1;RHOA;ITGB1;FKBP1A;USP15;PPP1CC;COL1A2;MAPK3;STAT1,Reactome,Cancer_vs_Healthy
REACTOME_TRANSLATION_OF_SARS_COV_2_STRUCTURAL_PROTEINS,0.9230985124894752,0.9926890877104112,0.020610604530351035,-0.19802793755135578,-0.6555321640866053,17,PRMT1;RPN2;DDOST;GSK3B;MOGS;STT3B;DAD1;OSTC;MAGT1;STT3A;CANX;RPS27A;UBE2I;GSK3A;PRKCSH;RPN1;GANAB,Reactome,Cancer_vs_Healthy
REACTOME_AUTOPHAGY,0.9356808731808732,0.9951868936243937,0.008996246969387335,0.17499190580572066,0.69106266625596,64,HBB;TUBB6;VIM;ATG3;TUBB4A;DYNC1LI2;TUBB2B;EEF1A1;TUBB4B;VCP;TUBA1B;TUBB2A;TUBA1C;HSP90AA1;UBE2L3;HSPA8;RRAGC;UBE2V1;DYNC1I2;TOMM7,Reactome,Cancer_vs_Healthy
REACTOME_DEATH_RECEPTOR_SIGNALING,0.930786904078116,0.9951868936243937,0.020836799580840695,-0.18882571381030253,-0.6485102832278776,19,STUB1;OPTN;MAPKAPK2;UBE2D1;SPPL2A;OBSCN;RTN4;RELA;SQSTM1,Reactome,Cancer_vs_Healthy
REACTOME_DOWNSTREAM_SIGNAL_TRANSDUCTION,0.929209394641085,0.9951868936243937,0.012743181699546344,0.23869945466138123,0.6084751284951917,10,PTPN11;CRK;KRAS,Reactome,Cancer_vs_Healthy
REACTOME_EUKARYOTIC_TRANSLATION_ELONGATION,0.9341121495327103,0.9951868936243937,0.028867612931497214,-0.15264993773311053,-0.7497829230506453,76,RPS2;RPS9;RPS3;RPL30;EEF1G;RPS15A;EEF1A2;RPS4X;RPS8;RPL4;RPL32;RPL27,Reactome,Cancer_vs_Healthy
REACTOME_RHOBTB1_GTPASE_CYCLE,0.9342105263157895,0.9951868936243937,0.01944883583107177,-0.20585597858397958,-0.6228116271750472,13,MYO6;GPS1;CUL3,Reactome,Cancer_vs_Healthy
REACTOME_CELLULAR_RESPONSE_TO_HEAT_STRESS,0.9738632295023273,0.9984858327550745,0.02360557928291175,-0.15105020470449798,-0.6361249096807284,39,CAMK2B;CAMK2D;HSPB2;HSPA2;MAPKAPK2;HIKESHI;NUP93;CAMK2G;RPA1;HSPA9,Reactome,Cancer_vs_Healthy
REACTOME_CLASS_I_MHC_MEDIATED_ANTIGEN_PROCESSING_PRESENTATION,0.9946933962264151,0.9984858327550745,0.03203136981461935,-0.1300214869827641,-0.6828110024698847,107,STX4;ELOB;UBE3A;CUL5;STUB1;PSMD3;UBE2K;UBE2M;SEC24C;ELOC;UBE3C;PSMD1;PSMD12;SEC23A;PSMD11;RNF7;CUL1;CUL3;PSMD7;PSMD6;PSMA1;PSMD2;NPEPPS;PSMC4;UBE2D1;PSMC5;RNF114;RNF123;PSMD8;PSMD13;UBAC1,Reactome,Cancer_vs_Healthy
REACTOME_DNA_DOUBLE_STRAND_BREAK_REPAIR,0.9838809671419715,0.9984858327550745,0.010944279161159446,0.17489598073419743,0.5225615273623526,18,SUMO2;RPA2;XRCC6;EYA3;UBE2I;RPS27A;UBE2V2;UBE2N;H2BC4,Reactome,Cancer_vs_Healthy
REACTOME_E3_UBIQUITIN_LIGASES_UBIQUITINATE_TARGET_PROTEINS,0.9787165430506288,0.9984858327550745,0.011610174439223988,0.18841865435057004,0.5165737612772776,13,VCP;HLA-A;UBE2L3;RPS27A;UBE2V2;UBE2N;H2BC4,Reactome,Cancer_vs_Healthy
REACTOME_ESTROGEN_DEPENDENT_GENE_EXPRESSION,0.9542419801335288,0.9984858327550745,0.01212791143418277,0.21187080354596172,0.5670314990831921,12,CTSD;HSP90AA1;AGO2,Reactome,Cancer_vs_Healthy
REACTOME_FORMATION_OF_INCISION_COMPLEX_IN_GG_NER,0.9796137339055794,0.9984858327550745,0.019023073717829016,-0.17849061985759718,-0.5520834947448654,14,CUL4A;DDB1;CUL4B;RPA1;PARP1;RPA3,Reactome,Cancer_vs_Healthy
REACTOME_GLUCONEOGENESIS,0.9751102709514807,0.9984858327550745,0.011320233151376572,0.185144001926332,0.5287407590076612,15,PGAM1;PGK1;ENO1;GAPDH,Reactome,Cancer_vs_Healthy
REACTOME_INTRINSIC_PATHWAY_FOR_APOPTOSIS,0.9781338924666767,0.9984858327550745,0.010516111967214742,0.173655028518453,0.5522328556040363,23,YWHAQ;YWHAZ;YWHAB;YWHAH;YWHAE;MAPK3;PPP3R1;CASP3,Reactome,Cancer_vs_Healthy
REACTOME_MITOTIC_G2_G2_M_PHASES,0.9847191011235955,0.9984858327550745,0.027240656211520872,-0.137824806876249,-0.6650868613547001,70,OPTN;PSMD3;PPP2CA;TUBA4A;DCTN1;PSMD1;PSMD12;PSMD11;CUL1;PSMD7;DYNLL1;RBBP4;PSMD6;TUBA8;PSMA1;PSMD2;PSMC4;PAFAH1B1;PSMC5;PSMD8;PSMD13;CLASP1;PPP1CB;PSMB1,Reactome,Cancer_vs_Healthy
REACTOME_MTOR_SIGNALLING,0.9864186595807499,0.9984858327550745,0.020370188884728083,-0.1577960342097679,-0.5675526943543242,22,EIF4G1;PRKAG1;PPM1A;PRKAA1;CAB39;PRKAB2;PRKAA2;LAMTOR2,Reactome,Cancer_vs_Healthy
REACTOME_NUCLEOTIDE_BINDING_DOMAIN_LEUCINE_RICH_REPEAT_CONTAINING_RECEPTOR_NLR_SIGNALING_PATHWAYS,0.9831649831649831,0.9984858327550745,0.01844590956080065,-0.17852480658497788,-0.5247855090236064,12,MAP2K6;MAPK14,Reactome,Cancer_vs_Healthy
REACTOME_PCP_CE_PATHWAY,0.9913232104121475,0.9984858327550745,0.023475127066914864,-0.13332304716516116,-0.5698150296359573,41,PSMD3;PSMD1;PSMD12;PSMD11;PSMD7;PSMD6;PSMA1;PSMD2;PSMC4;PSMC5;PSMD8;PSMD13,Reactome,Cancer_vs_Healthy
REACTOME_PROGRAMMED_CELL_DEATH,0.9807978196233895,0.9984858327550745,0.007401946306788737,0.1505972674828901,0.6289619359067152,89,ADD1;SPTAN1;VIM;DBNL;FLOT2;GSN;SDCBP;YWHAQ;HMGB1;YWHAZ;YWHAB;FLOT1;BCAP31;YWHAH;KPNB1;YWHAE;LMNA;HSP90AA1;UBE2L3;MAPK3;PSMB3;HMGB2;PSMA2;PPP3R1;STK24;CASP3;PSMC1;RPS27A;PSMA7;PSMA5,Reactome,Cancer_vs_Healthy
REACTOME_PROTEIN_HYDROXYLATION,0.9494438827098078,0.9984858327550745,0.018603558236061964,-0.2148127297308313,-0.5896614281429081,10,RWDD1;ETF1,Reactome,Cancer_vs_Healthy
REACTOME_PROTEIN_UBIQUITINATION,0.9708270676691729,0.9984858327550745,0.0208987875795497,-0.16474464579901152,-0.6003750996260349,23,PRKDC;UBE2K;RNF181;UBE2D1;USP9X;UCHL3;USP7;UBE2G1;UBE2H;UBA6;UBE2D3;UBE2R2;PCNA;UBE2B;H2BC4;UBE2N;UBE2V2;RPS27A;UBE2L3;HLA-A;UBA1;USP5;VCP,Reactome,Cancer_vs_Healthy
REACTOME_REGULATION_OF_HSF1_MEDIATED_HEAT_SHOCK_RESPONSE,0.9945411625848333,0.9984858327550745,0.010032898636312513,0.1473884010527735,0.49042069014778616,28,HSPA12A;DNAJB1;ST13;YWHAE;HSPA8;MAPK3;DNAJB6;RPA2;HSPA5,Reactome,Cancer_vs_Healthy
REACTOME_RESPONSE_OF_EIF2AK4_GCN2_TO_AMINO_ACID_DEFICIENCY,0.9448529411764706,0.9984858327550745,0.028362981829244013,-0.15027690747344238,-0.7349366347138845,74,RPS2;RPS9;RPS3;RPL30;EIF2S1;RPS15A;RPS4X;RPS8;RPL4;RPL32;RPL27;EIF2S2;RPS11;RPS12;RPL31;RPS3A;RPS13;RPL36AL;RPL7A;RPS24,Reactome,Cancer_vs_Healthy
REACTOME_SARS_COV_2_HOST_INTERACTIONS,0.961436170212766,0.9984858327550745,0.027417023428145223,-0.14748196905995034,-0.7070788680095541,68,MAVS;RPS2;RPS9;RPS3;RPS15A;SNRPB;RPS4X;RPS8;SEC24C;SEC23A;G3BP2,Reactome,Cancer_vs_Healthy
REACTOME_SIGNALING_BY_FGFR1,0.9490572279192855,0.9984858327550745,0.012435406826819307,0.22738649391326726,0.5796369593647475,10,PTPN11;KRAS;MAPK3;RPS27A;HRAS;PPP2CB,Reactome,Cancer_vs_Healthy
REACTOME_SIGNALING_BY_FGFR3,0.9490572279192855,0.9984858327550745,0.012435406826819307,0.22738649391326726,0.5796369593647475,10,PTPN11;KRAS;MAPK3;RPS27A;HRAS;PPP2CB,Reactome,Cancer_vs_Healthy
REACTOME_SIGNALING_BY_FGFR4,0.9490572279192855,0.9984858327550745,0.012435406826819307,0.22738649391326726,0.5796369593647475,10,PTPN11;KRAS;MAPK3;RPS27A;HRAS;PPP2CB,Reactome,Cancer_vs_Healthy
REACTOME_SIGNALLING_TO_ERKS,0.9932641032837497,0.9984858327550745,0.01949564268819465,-0.14790468364831552,-0.48960908520991264,17,MAPK14;MAPKAPK2;GRB2;MAPK12;MAPK1;MAP2K1;CRKL;MAP2K2;RALB;RAP1A;MAPKAPK3;HRAS;RALA;MAPK3;KRAS;CRK;YWHAB,Reactome,Cancer_vs_Healthy
REACTOME_SIGNAL_TRANSDUCTION_BY_L1,0.9737016209063843,0.9984858327550745,0.012060553800945322,0.20924882840624387,0.5334017538187399,10,ITGB1;NRP1;MAPK3,Reactome,Cancer_vs_Healthy
REACTOME_SRP_DEPENDENT_COTRANSLATIONAL_PROTEIN_TARGETING_TO_MEMBRANE,0.9946498054474708,0.9984858327550745,0.02845886046167197,-0.1294266441821248,-0.6403789203139129,79,RPS2;RPS9;RPS3;RPL30;SRPRB;RPS15A;RPS4X;RPS8;RPL4;RPL32;RPL27;RPS11;RPS12;RPL31;RPS3A;RPS13;RPL36AL;RPL7A;RPS24;SRP9;RPL36;RPN2;RPS5;DDOST;RPL11;RPS26;RPS18;RPL9;RPS6;RPL18A;RPS16;SRP14;RPL26;RPS21;RPS27;RPL15;RPS17;RPL38;SRP54;RPS19;RPL5;RPL13;RPLP0;RPS15;RPL18;RPL22;RPL10A;RPL29;RPL23A;RPL19;RPL35A;RPS23;RPL10;RPL13A;RPS27A;RPL35;RPL7;RPS20;RPL17;RPS25;RPN1;RPSA;RPL21;RPL6;RPS10;RPL12;RPS28;SSR4;SPCS1;RPL8;RPS7;RPLP2;RPL24;RPL37A;RPL14;RPLP1;RPS14;RPL23;RPL27A,Reactome,Cancer_vs_Healthy
REACTOME_SUMOYLATION,0.9837259764414135,0.9984858327550745,0.010946639357305226,0.1753032126408116,0.523778271887971,18,SUMO2;HNRNPK,Reactome,Cancer_vs_Healthy
REACTOME_SYNTHESIS_OF_ACTIVE_UBIQUITIN_ROLES_OF_E1_AND_E2_ENZYMES,0.9911480686695279,0.9984858327550745,0.018847893868579938,-0.16823963890028723,-0.5203765210339225,14,UBE2K;UBE2D1;USP9X;UCHL3;USP7;UBE2G1;UBE2H;UBA6;UBE2R2;UBE2B;RPS27A;UBE2L3;UBA1;USP5,Reactome,Cancer_vs_Healthy
REACTOME_THE_ROLE_OF_GTSE1_IN_G2_M_PROGRESSION_AFTER_G2_CHECKPOINT,0.9689349112426036,0.9984858327550745,0.024216539293000088,-0.15244202476974394,-0.6572218688458262,43,PSMD3;TUBA4A;PSMD1;PSMD12;PSMD11;PSMD7;PSMD6;TUBA8;PSMA1;PSMD2;PSMC4;PSMC5;PSMD8;PSMD13,Reactome,Cancer_vs_Healthy
REACTOME_TP53_REGULATES_METABOLIC_GENES,0.996427099079291,0.9984858327550745,0.008884767132946177,0.1396208138933212,0.509372626408072,42,PRDX2;TXN;YWHAQ;YWHAZ;YWHAB;G6PD;YWHAH;YWHAE;AGO2;PRDX1;RRAGC;PRDX5;LAMTOR1;LAMTOR3,Reactome,Cancer_vs_Healthy
REACTOME_CELLULAR_RESPONSE_TO_STARVATION,0.9997506856145599,0.9997506856145599,0.007170216565704459,0.1158659523312629,0.4813516484737108,87,ATP6V1H;RPL27A;RPL23;RPS14;RPLP1;RPL14;RPL37A;RPL24;RPLP2;RPS7;RPL8;RPS28;RPL12;RPS10;RPL6;RPL21;RPSA;RRAGC;RPS25;RPL17;RPS20;GCN1;LAMTOR1;RPL7;RPL35;LAMTOR3;RPS27A;RPL13A;RPL10;RPS23;RPL35A;ATP6V1E1;RPL19;RPL23A;ATP6V1G1;LAMTOR5;RPL29;RPL10A;RPL22;RPL18,Reactome,Cancer_vs_Healthy
REACTOME_AEROBIC_RESPIRATION_AND_RESPIRATORY_ELECTRON_TRANSPORT,2.969749555638909e-12,1.4284495362623151e-9,0.8986712320616942,0.513025538723339,2.344334157159177,162,PKM;NDUFB1;NDUFAF5;NDUFA9;NDUFA13;NDUFS3;ME2;CYC1;NDUFS5;ATP5F1D;UQCRQ;COX7A1;ISCA2;SLC25A4;PDP1;COX5A;FH;UQCR11;NDUFB5;NDUFB4;MT-CO2;IDH3B;NDUFA8;COX5B;IDH3A;NDUFB3;UQCRC2;COX4I1;NDUFA10;NDUFS1;GOT2;SCO1;NNT;NDUFB11;COX6C;BCS1L;PDHB;NDUFB9;NDUFAB1;NDUFV1;NDUFV2;NDUFA2;FAHD1;NDUFS4;IDH2;NDUFAF4;ATP5F1C;NDUFA12;ATP5MG;ADHFE1;SLC25A11;MDH2;ATP5PO;SUCLA2;DLST;UQCRC1;UQCRH;ACO2;PDHA1;NDUFS2;GOT1;TRAP1;ATP5PF;UQCRB;DLAT;ATP5PD;NDUFA6;NDUFAF3;ATP5PB;ATP5ME;NDUFA4;NDUFA3;ETFA;NDUFB10;ATP5MF;IDH3G;CS;PDHX;MT-ATP8;NDUFA7;COX6B1;COX7A2;OGDH;SLC25A13;SUCLG1;NDUFB8;ETFDH;NDUFS8;LDHA;VDAC1;CYCS;SLC25A12;NDUFS6;MT-ND3;NDUFS7;ATP5F1B;ACAD9;L2HGDH;MT-ND4;PDPR;NDUFV3,Reactome,Training_CR
REACTOME_RESPIRATORY_ELECTRON_TRANSPORT,6.083606556774517e-8,1.4631073769042713e-5,0.7049757151672383,0.5065548450967621,2.1760055243950873,103,NDUFB1;NDUFAF5;NDUFA9;NDUFA13;NDUFS3;CYC1;NDUFS5;UQCRQ;COX7A1;COX5A;UQCR11;NDUFB5;NDUFB4;MT-CO2;NDUFA8;COX5B;NDUFB3;UQCRC2;COX4I1;NDUFA10;NDUFS1;GOT2;SCO1;NDUFB11;COX6C;BCS1L;NDUFB9;NDUFAB1;NDUFV1;NDUFV2;NDUFA2;NDUFS4;NDUFAF4;NDUFA12;SLC25A11;MDH2;UQCRC1;UQCRH;NDUFS2;GOT1;TRAP1;UQCRB;NDUFA6;NDUFAF3;NDUFA4;NDUFA3;ETFA;NDUFB10;NDUFA7;COX6B1;COX7A2;SLC25A13;NDUFB8;ETFDH;NDUFS8;CYCS;SLC25A12;NDUFS6;MT-ND3;NDUFS7;ACAD9;MT-ND4;NDUFV3;UQCRFS1;SDHB,Reactome,Training_CR
REACTOME_COMPLEX_I_BIOGENESIS,5.383096380390806e-6,8.630897863226593e-4,0.610526878385931,0.5772952736522483,2.153148969750331,48,NDUFB1;NDUFAF5;NDUFA9;NDUFA13;NDUFS3;NDUFS5;NDUFB5;NDUFB4;NDUFA8;NDUFB3;NDUFA10;NDUFS1;NDUFB11;NDUFB9;NDUFAB1;NDUFV1;NDUFV2;NDUFA2;NDUFS4;NDUFAF4;NDUFA12;NDUFS2;NDUFA6;NDUFAF3;NDUFA3;NDUFB10;NDUFA7;NDUFB8;NDUFS8;NDUFS6;MT-ND3;NDUFS7;ACAD9;MT-ND4;NDUFV3,Reactome,Training_CR
REACTOME_STRIATED_MUSCLE_CONTRACTION,1.0211746010185375e-5,0.0012279624577247912,0.5933254763964051,0.644450314887929,2.1888984818352695,31,MYL1;TMOD4;TNNT3;TPM2;ACTA1;TPM1;TMOD3;DES;TNNC2;TTN;TCAP;MYL4;MYL3;TPM4;TMOD1;MYH8;NEB;TPM3;ACTN2;TNNI2;TNNI1;ACTC1;MYBPC1;TNNT1,Reactome,Training_CR
REACTOME_MITOCHONDRIAL_PROTEIN_DEGRADATION,2.0103415284856725e-5,0.001933948550403217,0.5756102610711286,0.47632006043329156,1.959871503076311,78,CLPP;ALDH1B1;NDUFA13;LONP1;NDUFS3;ME2;MRPL12;UQCRQ;NADK2;PMPCA;COX5A;FH;MT-CO2;COX5B;IDH3A;UQCRC2;COX4I1;NDUFS1;PDHB;ECH1;NDUFV1;NDUFA2;IARS2;SLC25A6;IDH2;ATP5F1C;ATP5MG;MDH2;ATP5PO;ACO2;PDHA1,Reactome,Training_CR
REACTOME_TRANSLATION,3.564918043655995e-4,0.028578759649975558,0.49849310876659025,0.3591067708362421,1.6528421259619226,171,RPL4;MRPL13;RPS2;RPL30;DARS2;RPL27;RPL32;RPS13;RPLP0;RPL15;MRPS27;RPS24;MRPL12;RPL11;EIF2B3;MRPL38;NARS1;EPRS1;EIF2S3;TSFM;FARSA;PABPC1;GSPT1;GARS1;RPL7;MRRF;MRPL24;RPS3;CARS2;MRPL40;IARS2;ETF1;MRPL48;MRPL49;EEF1G;EIF2S1;RPS4X;RPL6;EIF5;AIMP2;LARS1;RPS9;RPL31;RPS15A;KARS1;SSR4;SARS1;RARS1,Reactome,Training_CR
REACTOME_EPIGENETIC_REGULATION_OF_GENE_EXPRESSION,0.0016171002055430529,0.11111788555231548,0.45505986738722953,-0.5655930651699009,-1.89286761885783,22,LIPE;PLIN4;RBBP7;DEK;PLIN1;CD36;PLIN2;CBX3;FABP4;SUMO2;ACSL1;H3-3A;MYO1C,Reactome,Training_CR
REACTOME_GPER1_SIGNALING,0.002499816325405888,0.15030145656502902,0.4317076958033464,-0.6668566752979617,-1.9439308691963613,14,PRKAR2B;GNG2;GNAS;ITGB1;GNB1,Reactome,Training_CR
REACTOME_ADORA2B_MEDIATED_ANTI_INFLAMMATORY_CYTOKINES_PRODUCTION,0.005441211260941566,0.16676374327397792,0.30377943455118267,-0.662844264899297,-1.838443753437152,12,PRKAR2B;GNG2;GNAS;GNB1,Reactome,Training_CR
REACTOME_CITRIC_ACID_CYCLE_TCA_CYCLE,0.004264737094881843,0.16676374327397792,0.40701791892395395,0.562038761740816,1.8150234720388518,25,ISCA2;FH;IDH3B;IDH3A;NNT;IDH2;MDH2;SUCLA2;DLST;ACO2;TRAP1;IDH3G;CS;OGDH;SUCLG1,Reactome,Training_CR
REACTOME_CRISTAE_FORMATION,0.005062445025100232,0.16676374327397792,0.40701791892395395,0.5555640587424504,1.79411434847571,25,ATP5F1D;ATP5F1C;ATP5MG;SAMM50;ATP5PO;CHCHD3;TMEM11;ATP5PF;ATP5PD;ATP5PB;ATP5ME;APOO;ATP5MF;MT-ATP8;IMMT;ATP5F1B;APOOL,Reactome,Training_CR
REACTOME_DETOXIFICATION_OF_REACTIVE_OXYGEN_SPECIES,0.005432098765432099,0.16676374327397792,0.3107769199772489,-0.5395072879889953,-1.8055664725404785,22,SOD1;PRDX1;SOD3;GSTP1;PRDX6;TXN;CAT;CCS;P4HB;TXNRD2;GPX3;GPX1;PRDX2,Reactome,Training_CR
REACTOME_GLUTATHIONE_CONJUGATION,0.004163605192260593,0.16676374327397792,0.35481951210374685,-0.5627230784016697,-1.8257111771803034,20,GGT5;ESD;GSTP1;MGST1;GSTM4;GCLC;AKR1A1;GGCT;GSTM2;GSTO1;GSTM1;GSS,Reactome,Training_CR
REACTOME_G_ALPHA_S_SIGNALLING_EVENTS,0.003125233897365756,0.16676374327397792,0.4317076958033464,-0.643243661222386,-1.9166337011350338,15,PRKAR2B;GNG2;GNAS;ITGB1;GNB1,Reactome,Training_CR
REACTOME_INTEGRATION_OF_ENERGY_METABOLISM,0.006089489012443739,0.16676374327397792,0.30377943455118267,-0.45153404375087375,-1.7104627375605659,37,PRKAR2B;PFKFB1;GNG2;FASN;VAMP2;GNAQ;TALDO1;ACSL4;GNAS;PRKAA2;CACNB3;CD36;GNB1,Reactome,Training_CR
REACTOME_MITOCHONDRIAL_TRANSLATION,0.005638474295190713,0.16676374327397792,0.24883263202204342,0.5330349242392822,1.7213597437909403,25,MRPL13;MRPS27;MRPL12;MRPL38;TSFM;MRRF;MRPL24;MRPL40;MRPL48;MRPL49,Reactome,Training_CR
REACTOME_NONSENSE_MEDIATED_DECAY_NMD,0.004640023948510702,0.16676374327397792,0.2608205677188685,0.39127428872574277,1.6076610718332138,77,RPL4;RPS2;RPL30;RPL27;RPL32;RPS13;RPLP0;RPL15;RPS24;RPL11;PABPC1;GSPT1;RPL7;RPS3;ETF1;PPP2R1A;RPS4X;RPL6;RPS9;RPL31;PPP2R2A;RPS15A,Reactome,Training_CR
REACTOME_REGULATION_OF_INSULIN_SECRETION,0.006240639041437843,0.16676374327397792,0.291090917251384,-0.5289200237868157,-1.785822519084927,23,PRKAR2B;GNG2;VAMP2;GNAQ;ACSL4;GNAS;CACNB3;CD36;GNB1,Reactome,Training_CR
REACTOME_RAB_GERANYLGERANYLATION,0.0069429628387048265,0.17576658554826427,0.40701791892395395,-0.572469065995426,-1.8277720891744627,19,RAB5B;RAB2A;RAB12;RAB7A;RAB1B;RAB10,Reactome,Training_CR
REACTOME_AQUAPORIN_MEDIATED_TRANSPORT,0.008421052631578947,0.18411483253588515,0.24169838609665498,-0.6786104096682056,-1.7789899892218621,10,PRKAR2B;GNG2;GNAS;GNB1,Reactome,Training_CR
REACTOME_TRNA_AMINOACYLATION,0.007680993626409544,0.18411483253588515,0.2110705378683249,0.4993093783962499,1.6834566008403196,30,DARS2;NARS1;EPRS1;FARSA;GARS1;CARS2;IARS2;AIMP2;LARS1;KARS1;SARS1;RARS1;AIMP1;FARSB;VARS1;IARS1,Reactome,Training_CR
REACTOME_VASOPRESSIN_REGULATES_RENAL_WATER_HOMEOSTASIS_VIA_AQUAPORINS,0.008421052631578947,0.18411483253588515,0.24169838609665498,-0.6786104096682056,-1.7789899892218621,10,PRKAR2B;GNG2;GNAS;GNB1,Reactome,Training_CR
REACTOME_FORMATION_OF_ATP_BY_CHEMIOSMOTIC_COUPLING,0.010600102581637887,0.21244372257365934,0.183397180948084,0.5986483431063268,1.696374594654748,15,ATP5F1D;ATP5F1C;ATP5MG;ATP5PO;ATP5PF;ATP5PD;ATP5PB;ATP5ME;ATP5MF;MT-ATP8;ATP5F1B,Reactome,Training_CR
REACTOME_SELENOAMINO_ACID_METABOLISM,0.01041046995835812,0.21244372257365934,0.17245031747725653,0.35956222215709777,1.501090051002473,85,RPL4;RPS2;RPL30;RPL27;RPL32;RPS13;RPLP0;RPL15;RPS24;NNMT;RPL11;EPRS1;RPL7;RPS3;RPS4X;RPL6;AIMP2;LARS1;RPS9;RPL31;RPS15A;KARS1;SARS1;RARS1;AIMP1,Reactome,Training_CR
REACTOME_COMPLEX_IV_ASSEMBLY,0.011507671781187459,0.21597731821214142,0.17371321926215616,0.5285947670122584,1.6686744556854538,23,COX7A1;COX5A;MT-CO2;COX5B;COX4I1;SCO1;COX6C,Reactome,Training_CR
REACTOME_CYTOSOLIC_TRNA_AMINOACYLATION,0.011674449633088725,0.21597731821214142,0.17245031747725653,0.5279826124036164,1.6667419984949587,23,NARS1;EPRS1;FARSA;GARS1;AIMP2;LARS1;KARS1;SARS1;RARS1;AIMP1;FARSB;VARS1;IARS1;DARS1,Reactome,Training_CR
REACTOME_DEVELOPMENTAL_CELL_LINEAGES,0.016112789526686808,0.2870463615680131,0.1804678930799227,-0.4720606552419591,-1.6255594173266992,25,KRT19;ITGA6;CD74;ANXA3;CA2;ITGB1;CSPG4;LAMA4;YAP1;FABP5;KRT1;LAMB1;LAMB3,Reactome,Training_CR
REACTOME_CA2_PATHWAY,0.026023184291459663,0.34769865678311385,0.13711191525522617,-0.5881504756447534,-1.6312754372167058,12,GNG2;PPP3CB;PPP3R1;GNB1;CALM1;PRKG1,Reactome,Training_CR
REACTOME_COOPERATION_OF_PREFOLDIN_AND_TRIC_CCT_IN_ACTIN_AND_TUBULIN_FOLDING,0.025453629032258066,0.34769865678311385,0.14318464218377616,-0.45972189059742186,-1.563075523009817,24,PFDN1;TUBB4A;TUBB4B;VBP1;TUBB2B,Reactome,Training_CR
REACTOME_EPIGENETIC_REGULATION_BY_WDR5_CONTAINING_HISTONE_MODIFYING_COMPLEXES,0.02507688668086113,0.34769865678311385,0.13971521655337235,-0.5911671603073475,-1.6396424177696391,12,LIPE;PLIN4;PLIN1;CD36;PLIN2;FABP4;ACSL1;H3-3A,Reactome,Training_CR
REACTOME_EPIGENETIC_REGULATION_OF_GENE_EXPRESSION_BY_MLL3_AND_MLL4_COMPLEXES,0.02507688668086113,0.34769865678311385,0.13971521655337235,-0.5911671603073475,-1.6396424177696391,12,LIPE;PLIN4;PLIN1;CD36;PLIN2;FABP4;ACSL1;H3-3A,Reactome,Training_CR
REACTOME_G_ALPHA_Z_SIGNALLING_EVENTS,0.023157894736842106,0.34769865678311385,0.14464557226410138,-0.633885098445322,-1.6617417422206935,10,GNG2;PRKCD;GNAS;GNB1,Reactome,Training_CR
REACTOME_MITOCHONDRIAL_PROTEIN_IMPORT,0.02535255902392648,0.34769865678311385,0.11331886898505378,0.4027695651455911,1.4931629729665508,47,CYC1;PMPCA;SLC25A4;PMPCB;BCS1L;SLC25A6;SAMM50;TIMM44;CHCHD3;ACO2;TOMM70;TOMM22;GRPEL1;IDH3G;TIMM50;CS;SLC25A13;NDUFB8;CHCHD2;VDAC1;SLC25A12;ATP5F1B;TIMM8A,Reactome,Training_CR
REACTOME_PROTEIN_FOLDING,0.022045152722443558,0.34769865678311385,0.15817799958919573,-0.40618451437954783,-1.5494240030290223,38,PFDN1;TUBB4A;TUBB4B;VBP1;GNG2;TUBB2B;GNAQ,Reactome,Training_CR
REACTOME_RESPONSE_OF_EIF2AK4_GCN2_TO_AMINO_ACID_DEFICIENCY,0.022493961352657004,0.34769865678311385,0.11750648185672236,0.35914917081587583,1.4574825041274417,73,RPL4;RPS2;RPL30;RPL27;RPL32;RPS13;RPLP0;RPL15;RPS24;RPL11;EIF2S3;RPL7;RPS3;EIF2S1;RPS4X;RPL6;RPS9;RPL31;RPS15A,Reactome,Training_CR
REACTOME_SCAVENGING_BY_CLASS_A_RECEPTORS,0.022350270647808625,0.34769865678311385,0.12694980276989196,0.6379063187733619,1.6016635770300445,10,FTL;FTH1;COL1A1,Reactome,Training_CR
REACTOME_TRAFFICKING_OF_AMPA_RECEPTORS,0.0321285140562249,0.41767068273092367,0.10551993028944054,0.6189715437974219,1.5541218949276638,10,CAMK2D;MYO6;AP2M1;AP2B1;CAMK2B;AP2A2;AP2A1,Reactome,Training_CR
REACTOME_BIOLOGICAL_OXIDATIONS,0.034492507774950526,0.4366025326250316,0.13008607037291475,-0.33520813428513396,-1.4182376158246865,60,GGT5;MAOA;ESD;CES1;ACSS2;GSTP1;ALDH1A1;ADH1B;ALDH2;ADH1C;EPHX1;ADH5;AOC3;MGST1;GSTM4;ABHD14B;GCLC;MTARC2;CYB5R3;MAOB;AKR1A1;GGCT;PTGES3;AHCY;ABHD10,Reactome,Training_CR
REACTOME_LAMININ_INTERACTIONS,0.03541315345699832,0.4367622259696459,0.11831785640414004,-0.5099422616414733,-1.5488500087095605,16,ITGA6;ITGA7;COL18A1;ITGB1;LAMA4;COL4A1;LAMB1;LAMB3;ITGA1,Reactome,Training_CR
REACTOME_RAC1_GTPASE_CYCLE,0.036445332001997004,0.438255117324014,0.11872977154195252,-0.448294221040909,-1.5136010721975752,23,RAB7A;MCAM;ESYT1;ITGB1;EMD;KTN1;CAV1;GNA13;CYFIP1;VAMP3;PAK1;YKT6;FERMT2;RAC1;ARHGDIA;CDC42;ARHGDIB;LAMTOR1,Reactome,Training_CR
REACTOME_COMPLEX_III_ASSEMBLY,0.03771989174560216,0.4425187299910888,0.095636421370719,0.5250575006654571,1.536509145296139,17,CYC1;UQCRQ;UQCR11;UQCRC2;BCS1L;UQCRC1;UQCRH;UQCRB,Reactome,Training_CR
REACTOME_EUKARYOTIC_TRANSLATION_INITIATION,0.04515938606847698,0.48759379509379513,0.08127028472763043,0.3171804923618749,1.3504476511687113,97,RPL4;RPS2;RPL30;RPL27;RPL32;RPS13;RPLP0;RPL15;RPS24;RPL11;EIF2B3;EIF2S3;PABPC1;RPL7;RPS3;EIF2S1;RPS4X;RPL6;EIF5;RPS9;RPL31;RPS15A,Reactome,Training_CR
REACTOME_FATTY_ACID_METABOLISM,0.04751001717229536,0.48759379509379513,0.11121188275410136,-0.31736703171741987,-1.3640329824106356,65,GGT5;ACADL;HADH;DBI;SCP2;GPX4;ACAA1;FASN;ACSL4;ACOT2;CPT1A;PRKAA2;CBR4;LTA4H;HSD17B4;ACOT1,Reactome,Training_CR
REACTOME_HIGH_LAMINAR_FLOW_SHEAR_STRESS_ACTIVATES_SIGNALING_BY_PIEZO1_AND_PECAM1_CDH5_KDR_IN_ENDOTHELIAL_CELLS,0.048579062424095217,0.48759379509379513,0.1011176487430608,-0.4754764325338293,-1.4972079732239627,18,PRKAR2B;GNG2;GNAQ;GNAS;GNB1;CALM1,Reactome,Training_CR
REACTOME_MITOCHONDRIAL_BIOGENESIS,0.0461292897047087,0.48759379509379513,0.0837037443963104,0.39676934513855083,1.4275192995453725,41,ATP5F1D;IDH2;ATP5F1C;ATP5MG;SAMM50;MAPK14;ATP5PO;CHCHD3;TMEM11;PRKAG1;ATP5PF;ATP5PD;ATP5PB;ATP5ME;SIRT5;APOO;ATP5MF;MT-ATP8;IMMT;CYCS;GLUD1;ATP5F1B;APOOL,Reactome,Training_CR
REACTOME_MUSCLE_CONTRACTION,0.0455294293844541,0.48759379509379513,0.08154603126573544,0.3313044395963656,1.3684295254937622,80,CAMK2D;MYL1;TMOD4;MYL9;TNNT3;TPM2;DYSF;ACTA1;TPM1;TMOD3;DES;AHCYL1;TNNC2;TTN;TCAP;PAK2;MYL4;MYL3;TPM4;MYH11;ATP1A1;TMOD1;MYH8;NEB;TPM3;ACTN2;PXN;CAMK2B;TNNI2;MYL12B;CALD1;TNNI1,Reactome,Training_CR
REACTOME_PEPTIDE_HORMONE_METABOLISM,0.045662100456621,0.48759379509379513,0.1038042652915137,-0.5217899548735215,-1.5210518812936824,14,CES1;CPA3;VAMP2;CTSD;GNB1;MME;P4HB;SPCS1,Reactome,Training_CR
REACTOME_RHOV_GTPASE_CYCLE,0.04865800865800866,0.48759379509379513,0.08492394197375629,0.5684381001774658,1.5068621224591574,12,USP9X;IQGAP1;PAK2;TPM4;CLTC;TPM3,Reactome,Training_CR
REACTOME_EUKARYOTIC_TRANSLATION_ELONGATION,0.0504074856625415,0.49481633885066245,0.07767145731954232,0.3341458595949628,1.3644519752490685,75,RPL4;RPS2;RPL30;RPL27;RPL32;RPS13;RPLP0;RPL15;RPS24;RPL11;RPL7;RPS3;EEF1G;RPS4X;RPL6;RPS9;RPL31;RPS15A,Reactome,Training_CR
REACTOME_RHOU_GTPASE_CYCLE,0.05238828967642527,0.503975346687211,0.08127028472763043,0.5412405260361978,1.5037079358236587,14,USP9X;MYO6;IQGAP1;PAK2;CLTC,Reactome,Training_CR
REACTOME_CARBOXYTERMINAL_POST_TRANSLATIONAL_MODIFICATIONS_OF_TUBULIN,0.056842105263157895,0.5257894736842106,0.09151407659930252,-0.5829364083494235,-1.5281787901155437,10,TUBB4A;TUBB4B;TUBB2B,Reactome,Training_CR
REACTOME_RRNA_PROCESSING,0.056831922611850064,0.5257894736842106,0.07303969431877405,0.33206320103353987,1.3519786457834206,74,RPL4;RPS2;RPL30;RPL27;RPL32;RPS13;RPLP0;RPL15;RPS24;RPL11;RPL7;RPS3;RPS4X;RPL6;RPS9;RPL31;RPS15A;SNU13,Reactome,Training_CR
REACTOME_RESPIRATORY_SYNCYTIAL_VIRUS_RSV_GENOME_REPLICATION_TRANSCRIPTION_AND_TRANSLATION,0.058505064617534054,0.5309610581327148,0.07755125831607017,0.5706422418160152,1.472159185613937,11,PPP1CB;HSP90AB1;PPP1CA;KPNB1;PPP1CC,Reactome,Training_CR
REACTOME_ASPARAGINE_N_LINKED_GLYCOSYLATION,0.07310243183493,0.5338197024728983,0.06318555950777738,0.30387368901001804,1.2968217772963015,99,ARCN1;HK1;MOGS;TRAPPC3;COPE;DCTN1;LMAN2;DYNC1H1;ACTR1A;CAPZB;COPA;CAPZA2;PREB;PMM2;DAD1;STT3A;SCFD1;DYNC1LI1;SEC23A;SEC24C;NANS;DYNC1I2;DYNLL2;SEC31A;TUBA8;COPB1;TUBA4A;LMAN1;TMED7;OSTC;STT3B;SEC13;NAGK,Reactome,Training_CR
REACTOME_CELLULAR_RESPONSE_TO_CHEMICAL_STRESS,0.07412021177203364,0.5338197024728983,0.09249605088129997,-0.2715282378512953,-1.2619623243990519,98,SESN1;SOD1;PRDX1;ME1;IDH1;SOD3;TALDO1;GSTP1;PRKCD;PRDX6;TXN;PRKAA2;PSMC6;G6PD;HBB;PSMC3;RPS27A;PGD;HBA1;PSMA3;CAT;CCS;PSMA7;PSMB6;DPP3;P4HB;TXNRD2;GPX3;BLVRB;GCLC;MT-CO1;GPX1;ALB;VCP;STAT3;TKT;PRDX2;PSMB3;CSNK2B;CUL3;PSMA2;PSMC1,Reactome,Training_CR
REACTOME_CELLULAR_RESPONSE_TO_STARVATION,0.06371892213785917,0.5338197024728983,0.06826837231941177,0.3167638694758522,1.3244194190727407,86,RPL4;RPS2;RPL30;RPL27;RPL32;RPS13;RPLP0;RPL15;RPS24;RPL11;EIF2S3;RPL7;RPS3;LAMTOR2;EIF2S1;RPS4X;RPL6;RPS9;RPL31;RPS15A,Reactome,Training_CR
REACTOME_INTRAFLAGELLAR_TRANSPORT,0.07546723444523303,0.5338197024728983,0.07954104976990437,-0.5200947537860651,-1.442518253422153,12,TUBB4A;TUBB4B;TUBB2B,Reactome,Training_CR
REACTOME_KINESINS,0.06805425631431244,0.5338197024728983,0.08340652120399722,-0.5446332316604839,-1.4710221337811624,11,TUBB4A;TUBB4B;TUBB2B;KLC1,Reactome,Training_CR
REACTOME_MAPK_TARGETS_NUCLEAR_EVENTS_MEDIATED_BY_MAP_KINASES,0.06636395389451624,0.5338197024728983,0.07263865072195126,0.5648075478347832,1.4571066751086132,11,MAPK1;MAPK9;PPP2R1A;MAPK14;PPP2CB,Reactome,Training_CR
REACTOME_METABOLISM_OF_VITAMINS_AND_COFACTORS,0.07266534203803576,0.5338197024728983,0.08909613544959082,-0.30718290656243535,-1.3137654697983572,63,RETSAT;MTHFD1;ACO1;PNPO;PC;FASN;VKORC1L1;SHMT1;IDH1;AOX1;NAPRT;CALM1;CYB5A;SHMT2;COQ6;CYB5R3;COASY;AKR1C1;RBP4;CD38;NT5E;MCCC2;GPHN,Reactome,Training_CR
REACTOME_NEGATIVE_REGULATION_OF_THE_PI3K_AKT_NETWORK,0.06736194221234398,0.5338197024728983,0.0712828552644706,0.5143719370499984,1.4575626847763457,15,MAPK1;AKT1;AKT2;PPP2R1A;PPP2CB;PIP4K2B;PPP2CA,Reactome,Training_CR
REACTOME_PHASE_II_CONJUGATION_OF_COMPOUNDS,0.06373056994818653,0.5338197024728983,0.09093922792269911,-0.3840343240356776,-1.4013134708695338,32,GGT5;ESD;GSTP1;MGST1;GSTM4;ABHD14B;GCLC;AKR1A1;GGCT;AHCY;ABHD10;GSTM2;GSTO1;GSTM1;GSS,Reactome,Training_CR
REACTOME_PHASE_I_FUNCTIONALIZATION_OF_COMPOUNDS,0.06897429371341308,0.5338197024728983,0.08652392518108788,-0.4016084578752232,-1.3967738581200613,26,MAOA;CES1;ACSS2;ALDH1A1;ADH1B;ALDH2;ADH1C;EPHX1;ADH5;AOC3;MTARC2;CYB5R3,Reactome,Training_CR
REACTOME_RAB_GEFS_EXCHANGE_GTP_FOR_GDP_ON_RABS,0.07274063188831742,0.5338197024728983,0.08253278776726301,-0.4351366382384836,-1.411766914357114,20,RAB5B;RAB12;RAB7A;RAB1B;RAB10;YWHAE,Reactome,Training_CR
REACTOME_RAF_ACTIVATION,0.06525063721325404,0.5338197024728983,0.07224381599506118,0.4841855172234579,1.4359418677189884,18,CAMK2D;PPP1CB;PPP2R1A;PPP2CB;PPP1CC;CAMK2B;PPP2CA;CAMK2G;MAP2K2;ARAF;MAP2K1;PPP2R5D;PPP2R5A;KRAS;CAMK2A,Reactome,Training_CR
REACTOME_RHO_GTPASES_ACTIVATE_WASPS_AND_WAVES,0.07126986839856435,0.5338197024728983,0.06920372515975116,0.500141655279479,1.440663330642798,16,ARPC2;MAPK1;ARPC4;ACTR3;ACTR2,Reactome,Training_CR
REACTOME_SCAVENGING_OF_HEME_FROM_PLASMA,0.07456463085602158,0.5338197024728983,0.08154603126573544,-0.4439166482211793,-1.4173315341112822,19,IGKV3-11;CD163;HBB;HBA1;IGHA2;IGLV1-51;ALB,Reactome,Training_CR
REACTOME_SRP_DEPENDENT_COTRANSLATIONAL_PROTEIN_TARGETING_TO_MEMBRANE,0.07001499250374812,0.5338197024728983,0.06521918154417748,0.3203398024997629,1.3180735021936065,78,RPL4;RPS2;RPL30;RPL27;RPL32;RPS13;RPLP0;RPL15;RPS24;RPL11;RPL7;RPS3;RPS4X;RPL6;RPS9;RPL31;RPS15A;SSR4,Reactome,Training_CR
REACTOME_RHO_GTPASES_ACTIVATE_IQGAPS,0.07925801011804384,0.552508737199697,0.0782805675040982,-0.4646863112356611,-1.4113938995520825,16,CTNNA1;TUBB4A;TUBB4B;TUBB2B;CALM1;CLIP1;TUBA1C;RAC1;TUBB2A;CDC42,Reactome,Training_CR
REACTOME_INTERLEUKIN_12_FAMILY_SIGNALING,0.08051612903225806,0.5532608294930875,0.08045887240578595,-0.37547478800278267,-1.3593784318620414,31,SOD1;TALDO1;HNRNPF;HNRNPDL;CFL1;HNRNPA2B1;P4HB;PPIA;STAT3;PITPNA;PSME2;STAT1;RALA;GSTO1;CDC42,Reactome,Training_CR
REACTOME_FACTORS_INVOLVED_IN_MEGAKARYOCYTE_DEVELOPMENT_AND_PLATELET_PRODUCTION,0.08245297603710385,0.5585898799133373,0.07941237368878319,-0.38314804157618837,-1.365115857787955,29,PRKAR2B;TUBB4A;TUBB4B;TUBB2B;KLC1;EHD1;HBB;EHD2,Reactome,Training_CR
REACTOME_GLUCAGON_LIKE_PEPTIDE_1_GLP1_REGULATES_INSULIN_SECRETION,0.0872310570626754,0.5701107011070111,0.07334465138579484,-0.5284444429826858,-1.4272971734229,11,PRKAR2B;GNG2;GNAS;GNB1,Reactome,Training_CR
REACTOME_NEURONAL_SYSTEM,0.08770933863184786,0.5701107011070111,0.08086165098076897,-0.2999397510728791,-1.2827878100026118,63,PRKAR2B;TUBB4A;TUBB4B;MAOA;GNG2;VAMP2;TUBB2B;ALDH2;FLOT2;EPB41L3;PRKAA2;CACNB3;GNB1;CALM1,Reactome,Training_CR
REACTOME_TRANSCRIPTIONAL_ACTIVITY_OF_SMAD2_SMAD3_SMAD4_HETEROTRIMER,0.08627314006287111,0.5701107011070111,0.0633201262592919,0.5478185212991786,1.4132778982738745,11,USP9X;MAPK1;YBX1;UBE2D3,Reactome,Training_CR
REACTOME_FORMATION_OF_INCISION_COMPLEX_IN_GG_NER,0.08969465648854962,0.5752417302798982,0.07303969431877405,-0.4954567765803305,-1.4095770515910573,13,UBE2V2;UBE2N;RAD23B;RAD23A;RPS27A;SUMO2,Reactome,Training_CR
REACTOME_REGULATION_OF_EXPRESSION_OF_SLITS_AND_ROBOS,0.09505813953488372,0.6016179620563035,0.054560326671704434,0.29154222105385963,1.2622803706445307,108,RPL4;RPS2;RPL30;PSMD7;RPL27;RPL32;RPS13;RPLP0;RPL15;RPS24;RPL11;PABPC1;PSMD3;GSPT1;RPL7;RPS3;ETF1;RPS4X;RPL6;PSMD6;RPS9;RPL31;RPS15A;PSMD2;ELOB;RPL5;PSMC5;RPS5;ELOC;RPS12,Reactome,Training_CR
REACTOME_ASSEMBLY_OF_COLLAGEN_FIBRILS_AND_OTHER_MULTIMERIC_STRUCTURES,0.10518266779949023,0.6105323346567015,0.05618773089870316,0.45699179947541996,1.3552938589200818,18,COL14A1;COL12A1;PCOLCE;COL15A1;PLEC;COL1A1;COL6A3,Reactome,Training_CR
REACTOME_CO_STIMULATION_BY_CD28,0.10354978354978354,0.6105323346567015,0.05723054625805836,0.5220983894552274,1.3840210341660688,12,AKT1;AKT2;PPP2R1A;PAK2;PPP2CB,Reactome,Training_CR
REACTOME_EPH_EPHRIN_SIGNALING,0.100670044124857,0.6105323346567015,0.056333500782907296,0.394005792937962,1.3284181743615293,30,ARPC2;MYL9;ARPC4;ACTR3;AP2M1;PAK2;ACTR2;MYH11;CLTC;AP2B1;ARPC3;MYL12B;AP2A2;AP2A1,Reactome,Training_CR
REACTOME_MITOCHONDRIAL_CALCIUM_ION_TRANSPORT,0.10237972949837357,0.6105323346567015,0.05723054625805836,0.4966259418408216,1.3797569360724442,14,PMPCA;VDAC2;PMPCB;MCU;STOML2;VDAC3,Reactome,Training_CR
REACTOME_MITOCHONDRIAL_TRNA_AMINOACYLATION,0.09830626855247075,0.6105323346567015,0.05909385801963659,0.5551881767321083,1.3939737778102566,10,DARS2;GARS1;CARS2;IARS2;KARS1,Reactome,Training_CR
REACTOME_NUCLEAR_EVENTS_KINASE_AND_TRANSCRIPTION_FACTOR_ACTIVATION,0.0993939393939394,0.6105323346567015,0.05849027535949628,0.5246875718474158,1.3908846502285899,12,MAPK1;PPP2R1A;MAPK14;PPP2CB;DNM2;PPP2CA;RRAD;MAPK3;DUSP3;PPP2R5D;RPS6KA3,Reactome,Training_CR
REACTOME_TRANSCRIPTIONAL_AND_POST_TRANSLATIONAL_REGULATION_OF_MITF_M_EXPRESSION_AND_ACTIVITY,0.10535173342308987,0.6105323346567015,0.055851599319905174,0.4375971691125879,1.3516412038651757,21,MAPK1;EPRS1;YWHAH;AIMP2;LARS1;KARS1;RARS1;AIMP1;IARS1;DARS1,Reactome,Training_CR
REACTOME_MITOTIC_G1_PHASE_AND_G1_S_TRANSITION,0.10744326297413109,0.6152405891732983,0.05355880412729537,0.3553046925575172,1.3010835487062529,44,PSMD7;PSMD3;AKT1;AKT2;PPP2R1A;PSMD6;PPP2R2A;PPP2CB;PSMD2;PSMC5;CUL1;PPP2CA;PSMC4;PSMD8;PSMD1;PSMB2;PSMA6;RPA3;PSMD11;PSMB1;RBBP4;PSMD12;PSMA4,Reactome,Training_CR
REACTOME_KEAP1_NFE2L2_PATHWAY,0.10888009049773756,0.6161332179930796,0.07214605853928445,-0.2946256688847886,-1.2565194600729606,62,SESN1;PRDX1;ME1;IDH1;SOD3;TALDO1;PRKCD;TXN;PRKAA2;PSMC6;G6PD;PSMC3;RPS27A;PGD;PSMA3;PSMA7;PSMB6;DPP3;GCLC;VCP;TKT;PSMB3;CSNK2B;CUL3;PSMA2;PSMC1,Reactome,Training_CR
REACTOME_PLATELET_HOMEOSTASIS,0.11033449825262107,0.6171034146454737,0.06712811646912949,-0.39452754008450325,-1.3320655936559183,23,GNG2;ATP2B2;GNAS;ATP2B1;GNB1;CALM1;SRI;PRKG1,Reactome,Training_CR
REACTOME_ARACHIDONATE_METABOLISM,0.11557909944618348,0.6303916494133885,0.06428513733333485,-0.45048839601970886,-1.3422926549184173,15,GGT5;GPX4;LTA4H;GPX1;PTGES3;EPHX2;MAPKAPK2;SLC27A1,Reactome,Training_CR
REACTOME_CYTOPROTECTION_BY_HMOX1,0.11674269302247,0.6303916494133885,0.05297325264403285,0.4379006012582096,1.337222065404146,20,COX7A1;COX5A;MT-CO2;COX5B;COX4I1;COX6C,Reactome,Training_CR
REACTOME_ER_TO_GOLGI_ANTEROGRADE_TRANSPORT,0.12057387057387058,0.6303916494133885,0.04927662719906588,0.31495114742695424,1.2585688892724571,68,ARCN1;TRAPPC3;COPE;DCTN1;LMAN2;DYNC1H1;ACTR1A;CAPZB;COPA;CAPZA2;PREB;SCFD1;DYNC1LI1;SEC23A;SEC24C;DYNC1I2;DYNLL2;SEC31A;TUBA8;COPB1;TUBA4A;LMAN1;TMED7;SEC13,Reactome,Training_CR
REACTOME_ONCOGENIC_MAPK_SIGNALING,0.11898200680823472,0.6303916494133885,0.05127824676929195,0.37816367627122205,1.3007567822451098,33,CAMK2D;MAPK1;AGK;PPP1CB;IQGAP1;ATG7,Reactome,Training_CR
REACTOME_RAC3_GTPASE_CYCLE,0.11551724137931034,0.6303916494133885,0.06507299783238983,-0.40080731921095925,-1.3200898663338947,21,RAB7A;MCAM;ESYT1;ITGB1;EMD;PGRMC2;CAV1;CYFIP1;VAMP3;PAK1;YKT6;FERMT2;CDC42;ARHGDIB;LAMTOR1,Reactome,Training_CR
REACTOME_TRANSPORT_TO_THE_GOLGI_AND_SUBSEQUENT_MODIFICATION,0.12057387057387058,0.6303916494133885,0.04927662719906588,0.31495114742695424,1.2585688892724571,68,ARCN1;TRAPPC3;COPE;DCTN1;LMAN2;DYNC1H1;ACTR1A;CAPZB;COPA;CAPZA2;PREB;SCFD1;DYNC1LI1;SEC23A;SEC24C;DYNC1I2;DYNLL2;SEC31A;TUBA8;COPB1;TUBA4A;LMAN1;TMED7;SEC13,Reactome,Training_CR
REACTOME_CELLULAR_RESPONSES_TO_MECHANICAL_STIMULI,0.12825806451612903,0.656299245024022,0.06311857595872994,-0.35428353009816815,-1.2826570650486047,31,PRKAR2B;GNG2;GNAQ;GNAS;ITGB1;CACNB3;GNB1;CALM1,Reactome,Training_CR
REACTOME_MITF_M_REGULATED_MELANOCYTE_DEVELOPMENT,0.12809851271389733,0.656299245024022,0.04890766139028527,0.36753765852025777,1.2864901964085174,35,MAPK1;EPRS1;AKT2;YWHAH;MAPK14;AIMP2;LARS1;KARS1;RARS1;AIMP1;IARS1;PXN;STT3B;DARS1;ATP6V1E1,Reactome,Training_CR
REACTOME_TRANSMISSION_ACROSS_CHEMICAL_SYNAPSES,0.13263041065482797,0.6715287107891816,0.06442639081633493,-0.2959099867717552,-1.2316715222296806,55,PRKAR2B;TUBB4A;TUBB4B;MAOA;GNG2;VAMP2;TUBB2B;ALDH2;PRKAA2;CACNB3;GNB1;CALM1,Reactome,Training_CR
REACTOME_MATURATION_OF_SARS_COV_2_SPIKE_PROTEIN,0.1354112554112554,0.6784668109668109,0.04954970418353189,0.5014875013431336,1.329384009313826,12,MOGS;DAD1;STT3A;OSTC;STT3B;RPN2;DDOST,Reactome,Training_CR
REACTOME_COLLAGEN_CHAIN_TRIMERIZATION,0.14995670995670995,0.6881064648803306,0.046868860534335303,0.49130573940005273,1.3023933635299936,12,COL14A1;COL12A1;COL15A1;COL1A1;COL6A3,Reactome,Training_CR
REACTOME_INTERLEUKIN_12_SIGNALING,0.14984709480122324,0.6881064648803306,0.05774624113652404,-0.3546682054680246,-1.2550782928116662,28,SOD1;TALDO1;HNRNPF;HNRNPDL;CFL1;HNRNPA2B1;P4HB;PPIA;PITPNA;PSME2;RALA;GSTO1;CDC42,Reactome,Training_CR
REACTOME_METABOLISM_OF_CARBOHYDRATES_AND_CARBOHYDRATE_DERIVATIVES,0.14673581452104942,0.6881064648803306,0.0642148359994021,-0.2620502755151679,-1.1838485104231156,85,SORD;PGAM1;PYGL;PC;RHCE;CRYL1;PFKFB1;ENO1;MAN2C1;TALDO1;ALDH1A1;DERA;GNS;TKFC;PGK1;EPM2A;CALM1;CSPG4;NUP93;G6PD;RPS27A;PGD;RPIA,Reactome,Training_CR
REACTOME_METABOLISM_OF_WATER_SOLUBLE_VITAMINS_AND_COFACTORS,0.14369189907038513,0.6881064648803306,0.060354733338943714,-0.32638578727231266,-1.245025241348071,38,MTHFD1;PNPO;PC;FASN;SHMT1;AOX1;NAPRT;CYB5A;SHMT2;CYB5R3;COASY;CD38;NT5E;MCCC2;GPHN,Reactome,Training_CR
REACTOME_NUCLEAR_EVENTS_MEDIATED_BY_NFE2L2,0.1516574585635359,0.6881064648803306,0.05988763443436449,-0.29535035692086886,-1.2121710168666435,51,PRDX1;ME1;IDH1;SOD3;TALDO1;TXN;PRKAA2;PSMC6;G6PD;PSMC3;RPS27A;PGD;PSMA3;PSMA7;PSMB6;GCLC;TKT;PSMB3;PSMA2;PSMC1,Reactome,Training_CR
REACTOME_P75_NTR_RECEPTOR_MEDIATED_SIGNALLING,0.14289055191768008,0.6881064648803306,0.05657878176752872,-0.4913656169224194,-1.3271494581191903,11,RHOA;YWHAE;RTN4;RPS27A;GNA13;RAC1;ARHGDIA;RELA,Reactome,Training_CR
REACTOME_POST_CHAPERONIN_TUBULIN_FOLDING_PATHWAY,0.14885496183206107,0.6881064648803306,0.05594707183899372,-0.45908205799185564,-1.3060907920341982,13,TUBB4A;TUBB4B;TUBB2B,Reactome,Training_CR
REACTOME_RAB_REGULATION_OF_TRAFFICKING,0.15307150050352467,0.6881064648803306,0.05672737006251014,-0.36501244209754763,-1.2569346885919952,25,RAB5B;RAB12;RAB7A;RAB1B;RAB10;YWHAE;TBC1D17,Reactome,Training_CR
REACTOME_RECRUITMENT_OF_NUMA_TO_MITOTIC_CENTROSOMES,0.15307150050352467,0.6881064648803306,0.05672737006251014,-0.3648132303715367,-1.2562486951848704,25,PRKAR2B;TUBB4A;TUBB4B;TUBB2B;YWHAE;DCTN3,Reactome,Training_CR
REACTOME_SIGNAL_AMPLIFICATION,0.15060804490177737,0.6881064648803306,0.05501203039717306,-0.4874771497386665,-1.3166469383292336,11,GNG2;GNAQ;GNB1;GNA13,Reactome,Training_CR
REACTOME_TRANSLOCATION_OF_SLC2A4_GLUT4_TO_THE_PLASMA_MEMBRANE,0.14199157007376184,0.6881064648803306,0.060473100247709854,-0.33808172920821633,-1.2517831251116383,34,TUBB4A;TUBB4B;VAMP2;STX4;TUBB2B;RAB10;YWHAE;PRKAA2;CALM1,Reactome,Training_CR
REACTOME_FCGR3A_MEDIATED_IL10_SYNTHESIS,0.15682967959527824,0.6984729248641558,0.05469476883232707,-0.42028784166403915,-1.2765422209299921,16,PRKAR2B;IGKV3-11;CALM1;IGLV1-51,Reactome,Training_CR
REACTOME_PEROXISOMAL_PROTEIN_IMPORT,0.15960591133004925,0.701236783923998,0.05483012254417753,-0.3804654290105697,-1.253092279641928,21,SCP2;ACAA1;UBE2D1;IDH1;ACOT2;HSD17B4;RPS27A;CAT;HMGCL,Reactome,Training_CR
REACTOME_SEALING_OF_THE_NUCLEAR_ENVELOPE_NE_BY_ESCRT_III,0.1603660004815796,0.701236783923998,0.05403146826676769,-0.42819256889537605,-1.2758591457564779,15,TUBB4A;TUBB4B;TUBB2B;CHMP3;CHMP6;TUBA1C;TUBB2A;CHMP2A,Reactome,Training_CR
REACTOME_DEVELOPMENTAL_CELL_LINEAGES_OF_THE_EXOCRINE_PANCREAS,0.1634685450570804,0.7020390193969256,0.053729371860985406,-0.4000556735789479,-1.259718680532643,18,KRT19;CD74;ANXA3;CA2;LAMA4;YAP1;LAMB1;LAMB3,Reactome,Training_CR
REACTOME_DEVELOPMENTAL_LINEAGE_OF_PANCREATIC_DUCTAL_CELLS,0.1634685450570804,0.7020390193969256,0.053729371860985406,-0.4000556735789479,-1.259718680532643,18,KRT19;CD74;ANXA3;CA2;LAMA4;YAP1;LAMB1;LAMB3,Reactome,Training_CR
REACTOME_COLLAGEN_BIOSYNTHESIS_AND_MODIFYING_ENZYMES,0.16595453768586566,0.7064082533354104,0.044005784322536455,0.443279931469159,1.2768725334837605,16,COL14A1;COL12A1;PCOLCE;COL15A1;COL1A1;COL6A3,Reactome,Training_CR
REACTOME_CELL_SURFACE_INTERACTIONS_AT_THE_VASCULAR_WALL,0.17123834886817577,0.7162230070051526,0.05505776648013986,-0.3218864195362524,-1.2082874572255422,36,CD99L2;ITGA6;CD74;IGKV3-11;ITGB1;PROS1;CAV1;IGHA2;IGLV1-51;PPIA;ESAM,Reactome,Training_CR
REACTOME_FCGAMMA_RECEPTOR_FCGR_DEPENDENT_PHAGOCYTOSIS,0.1698415239314871,0.7162230070051526,0.041886790717640114,0.3495261636205813,1.2280968617022148,36,ARPC2;MAPK1;HSP90AB1;MYH2;ARPC4;ACTR3;AHCYL1,Reactome,Training_CR
REACTOME_CARDIAC_CONDUCTION,0.17830456068023706,0.7376294983642312,0.05293209266900977,-0.34147880572936723,-1.2166527874760305,29,SCN1B;CES1;FXYD1;ATP2B2;ATP2B1;CALM1;SRI;MME;ATP2A3,Reactome,Training_CR
REACTOME_E3_UBIQUITIN_LIGASES_UBIQUITINATE_TARGET_PROTEINS,0.18249045801526717,0.7376294983642312,0.050143756472362584,-0.44163691574431796,-1.256459273532031,13,UBE2V2;UBE2D1;UBE2N;RPS27A;VCP,Reactome,Training_CR
REACTOME_HCMV_EARLY_EVENTS,0.1817283950617284,0.7376294983642312,0.05120295424275927,-0.3651320104277903,-1.221985561190725,22,TUBB4A;TUBB4B;TUBB2B;RBBP7;DYNC1LI2;ITGB1;NUP93,Reactome,Training_CR
REACTOME_INTEGRIN_CELL_SURFACE_INTERACTIONS,0.1797304043934099,0.7376294983642312,0.05181382231045031,-0.3627768192471228,-1.2248638434506232,23,ITGA6;ITGA7;VWF;COL18A1;ITGB1;COL4A1;COL6A2;FBN1,Reactome,Training_CR
REACTOME_RHOBTB2_GTPASE_CYCLE,0.18419711129991503,0.7383234211271595,0.0413864895014492,0.41943278934364014,1.2439056549366616,18,MYO6;HSP90AB1;TMOD3;CCT6A;TRA2B;RBMX;CCT7,Reactome,Training_CR
REACTOME_AURKA_ACTIVATION_BY_TPX2,0.2070149619818494,0.7431697567696054,0.04753327280114588,-0.3738672315077799,-1.1936786306848364,19,PRKAR2B;TUBB4A;TUBB4B;YWHAE;DCTN3,Reactome,Training_CR
REACTOME_COLLAGEN_FORMATION,0.20582295523392796,0.7431697567696054,0.03865778999334559,0.3929132417899125,1.2136224012245542,21,COL14A1;COL12A1;PCOLCE;COL15A1;PLEC;COL1A1;COL6A3,Reactome,Training_CR
REACTOME_GENE_AND_PROTEIN_EXPRESSION_BY_JAK_STAT_SIGNALING_AFTER_INTERLEUKIN_12_STIMULATION,0.20741304899720742,0.7431697567696054,0.048383969455148716,-0.3385763286156518,-1.1874453025083977,27,SOD1;TALDO1;HNRNPF;HNRNPDL;CFL1;HNRNPA2B1;PPIA;PITPNA;PSME2;RALA;GSTO1;CDC42,Reactome,Training_CR
REACTOME_GOLGI_ASSOCIATED_VESICLE_BIOGENESIS,0.20663775850567045,0.7431697567696054,0.03837225195223405,0.38338659161071686,1.2102795033123706,23,FTL;FTH1;AP1B1,Reactome,Training_CR
REACTOME_G_ALPHA_I_SIGNALLING_EVENTS,0.19353984643897273,0.7431697567696054,0.05139174948307513,-0.3138590832129517,-1.1889341991162674,37,PRKAR2B;GNG2;PSAP;GNAQ;PRKCD;GNAS;PPP3CB;PPP3R1;GNB1;CALM1,Reactome,Training_CR
REACTOME_HOMOLOGY_DIRECTED_REPAIR,0.19588360539389638,0.7431697567696054,0.048032517383238445,-0.44807546281437394,-1.2427678405042806,12,UBE2V2;UBE2N;RPS27A;SUMO2,Reactome,Training_CR
REACTOME_INTERLEUKIN_17_SIGNALING,0.1916863009087849,0.7431697567696054,0.040249734642366516,0.3982294986263057,1.2300431468271158,21,MAPK1;MAPK9;PPP2R1A;MAPK14;MAP2K4;PPP2CB;MAP2K6;CUL1;PPP2CA,Reactome,Training_CR
REACTOME_IRON_UPTAKE_AND_TRANSPORT,0.20780537252914344,0.7431697567696054,0.03853221343258305,0.3976050106274394,1.2141709602557758,20,FTL;FTH1,Reactome,Training_CR
REACTOME_PHOSPHOLIPID_METABOLISM,0.2050057632142269,0.7431697567696054,0.038266531077908,0.3708348370647648,1.2104483116255036,26,LPCAT3;PCYT1A;AGK;CPNE1;HADHA;HADHB;MTM1;LPIN1;PIP4K2B,Reactome,Training_CR
REACTOME_RECRUITMENT_OF_MITOTIC_CENTROSOME_PROTEINS_AND_COMPLEXES,0.2070149619818494,0.7431697567696054,0.04753327280114588,-0.3738672315077799,-1.1936786306848364,19,PRKAR2B;TUBB4A;TUBB4B;YWHAE;DCTN3,Reactome,Training_CR
REACTOME_REGULATION_OF_LIPID_METABOLISM_BY_PPARALPHA,0.2093683463449255,0.7431697567696054,0.0463144910700218,-0.44220303664919597,-1.2264802662238687,12,HMGCS2;ME1;CPT1A;CD36;PLIN2;ACSL1,Reactome,Training_CR
REACTOME_RHOG_GTPASE_CYCLE,0.1954638124362895,0.7431697567696054,0.050072872271063,-0.3397897962499417,-1.2024274824111598,28,RAB7A;MCAM;ESYT1;ITGB1;EMD;PGRMC2;KTN1;SHMT2;LETM1;CAV1;CYFIP1;VAMP3;YKT6;RHOG;HSPE1;ARHGDIA;CDC42;ARHGDIB,Reactome,Training_CR
REACTOME_SIGNALING_BY_BRAF_AND_RAF1_FUSIONS,0.19463964700114397,0.7431697567696054,0.03924523389337643,0.35871971212378684,1.2094486772228905,30,CAMK2D;MAPK1;AGK;IQGAP1;ATG7,Reactome,Training_CR
REACTOME_SIGNALING_BY_HEDGEHOG,0.1903314917127072,0.7431697567696054,0.05305583479568716,-0.28601395696385856,-1.173852751238832,51,PRKAR2B;TUBB4A;TUBB4B;TUBB2B;GNAS;PSMC6;PSMC3;RPS27A;PSMA3;PSMA7;PSMB6;P4HB;VCP;PSMB3;CUL3;PSMA2;PSMC1;PSMB5;TUBA1C;TUBB2A,Reactome,Training_CR
REACTOME_SIGNALING_BY_TGFB_FAMILY_MEMBERS,0.21012699983506514,0.7431697567696054,0.03776562552301298,0.3643202090281443,1.1985493431682859,27,USP9X;MAPK1;PPP1CB;YBX1;UBE2D3;PPP1CA;UBE2M,Reactome,Training_CR
REACTOME_SIGNALING_BY_TGF_BETA_RECEPTOR_COMPLEX,0.20945273631840797,0.7431697567696054,0.03795368909697665,0.3729479116736394,1.2043817252726858,25,USP9X;MAPK1;PPP1CB;YBX1;UBE2D3;PPP1CA;UBE2M,Reactome,Training_CR
REACTOME_SIGNALING_BY_ROBO_RECEPTORS,0.21510791366906476,0.7552328939767894,0.03441742715306239,0.2580521659548159,1.1388584512505544,124,RPL4;RPS2;RPL30;PSMD7;RPL27;RPL32;RPS13;RPLP0;RPL15;RPS24;RPL11;PABPC1;PSMD3;GSPT1;RPL7;RPS3;ETF1;RPS4X;RPL6;PAK2;PSMD6;RPS9;RPL31;RPS15A,Reactome,Training_CR
REACTOME_ACTIVATION_OF_AMPK_DOWNSTREAM_OF_NMDARS,0.2181555502046713,0.7603827510757022,0.045721532845993375,-0.40425495558171787,-1.2045337069414124,15,TUBB4A;TUBB4B;TUBB2B;PRKAA2;CALM1,Reactome,Training_CR
REACTOME_ANCHORING_OF_THE_BASAL_BODY_TO_THE_PLASMA_MEMBRANE,0.22216748768472908,0.7633040112596763,0.04583293029103745,-0.3567879037990189,-1.175108521378317,21,PRKAR2B;TUBB4A;TUBB4B;YWHAE;DCTN3,Reactome,Training_CR
REACTOME_REGULATION_OF_PYRUVATE_METABOLISM,0.2216867469879518,0.7633040112596763,0.0375295975721658,0.4487883868402326,1.2172740102600976,13,PKM;PDP1;PDHB;PDHA1;DLAT;PDHX;LDHA;PDPR,Reactome,Training_CR
REACTOME_CREB1_PHOSPHORYLATION_THROUGH_NMDA_RECEPTOR_MEDIATED_ACTIVATION_OF_RAS_SIGNALING,0.2255980443513183,0.7671290562298737,0.037462832406732365,0.48477987466415906,1.2171916867351733,10,CAMK2D;MAPK1,Reactome,Training_CR
REACTOME_GLUCONEOGENESIS,0.2277871418251866,0.7671290562298737,0.04464544131395344,-0.40101978809039585,-1.19489407671031,15,PGAM1;PC;ENO1;PGK1,Reactome,Training_CR
REACTOME_L1CAM_INTERACTIONS,0.22806539509536786,0.7671290562298737,0.04774998299638073,-0.2874252904800661,-1.14289660126757,45,SCN1B;TUBB4A;TUBB4B;TUBB2B;NRP1;CLTA;ITGB1;SDCBP,Reactome,Training_CR
REACTOME_AGGREPHAGY,0.2365432098765432,0.7859260077508676,0.04433539010520094,-0.3478561318798676,-1.1641684606913398,22,TUBB4A;TUBB4B;TUBB2B;UBE2N;DYNC1LI2,Reactome,Training_CR
REACTOME_ANTIGEN_PROCESSING_UB_ATP_INDEPENDENT_PROTEASOMAL_DEGRADATION,0.23946037099494097,0.7859260077508676,0.04343799861964927,-0.3870481592615905,-1.175583178600741,16,PSMA3;PSMA7;PSMB6;PSMB3;PSMA2;PSME2;PSMB5,Reactome,Training_CR
REACTOME_GLYCOGEN_METABOLISM,0.2401894451962111,0.7859260077508676,0.0354703050905573,0.4064311025465074,1.189365174679021,17,GAA;PYGM;AGL;PHKA2;GYS1;GBE1;PHKB;PYGB,Reactome,Training_CR
REACTOME_RHO_GTPASES_ACTIVATE_CIT,0.23774891774891774,0.7859260077508676,0.03617117047030495,0.4539315848992803,1.20331890360451,12,PPP1CB;MYL9;RHOC;MYH11;MYL12B,Reactome,Training_CR
REACTOME_PROCESSING_OF_DNA_DOUBLE_STRAND_BREAK_ENDS,0.2432748538011696,0.7906432748538011,0.042357435191322984,-0.4564765990969283,-1.1966620148142473,10,UBE2V2;UBE2N;RPS27A;SUMO2,Reactome,Training_CR
REACTOME_HSF1_DEPENDENT_TRANSACTIVATION,0.24632539280283833,0.7951846573031224,0.034927266134352,0.38396418407798627,1.172515812489665,20,CAMK2D;HSP90AB1;HSPH1;HSPB2;DNAJB1;CAMK2B;HSPB1,Reactome,Training_CR
REACTOME_GLYCOGEN_BREAKDOWN_GLYCOGENOLYSIS,0.25246753246753245,0.8095792207792207,0.034927266134352,0.44728497583844495,1.1856995296859782,12,GAA;PYGM;AGL;PHKA2;PHKB;PYGB,Reactome,Training_CR
REACTOME_MTORC1_MEDIATED_SIGNALLING,0.2666984732824427,0.8439603003214141,0.0406742665845581,-0.40883152513463694,-1.1631277702452054,13,EIF4EBP1;EIF4B;FKBP1A,Reactome,Training_CR
REACTOME_RHOBTB_GTPASE_CYCLE,0.2662970430107527,0.8439603003214141,0.03324837429362679,0.368297036972453,1.149374715629946,22,MYO6;HSP90AB1;TMOD3;CCT6A;TRA2B;RBMX;CCT7,Reactome,Training_CR
REACTOME_COLLAGEN_DEGRADATION,0.2713284322106343,0.852999842439968,0.03322346226855632,0.40932515951980675,1.1598943011508083,15,COL14A1;COL12A1;COL15A1;COL1A1;COL6A3,Reactome,Training_CR
REACTOME_ASSOCIATION_OF_TRIC_CCT_WITH_TARGET_PROTEINS_DURING_BIOSYNTHESIS,0.2739654269250917,0.855697210071228,0.03344927511933871,0.4630872618629581,1.1627255891409225,10,CCT5;CCT6A;CCT7;CCT8,Reactome,Training_CR
REACTOME_GENE_SILENCING_BY_RNA,0.2829747427502339,0.8781345242765322,0.038893754761451835,-0.42652486524128536,-1.1520184243349423,11,TSNAX;PRKRA;NUP93;H3-3A;RAN;HSP90AA1,Reactome,Training_CR
REACTOME_GPCR_LIGAND_BINDING,0.28578187840075703,0.8798448457693064,0.03893037926026274,-0.41072119129070517,-1.1391632220690324,12,GNG2;PSAP;GNAS;GNB1,Reactome,Training_CR
REACTOME_MHC_CLASS_II_ANTIGEN_PRESENTATION,0.2871842843779233,0.8798448457693064,0.030366607798164365,0.290873146647154,1.1106949872037781,54,AP1B1;DCTN1;DYNC1H1;ACTR1A;CAPZB;CAPZA2;AP1M1;AP2M1;DYNC1LI1;SEC23A;SEC24C;DNM2;OSBPL1A;CLTC;AP2B1;DYNC1I2;DYNLL2;SEC31A;TUBA8;LGMN;TUBA4A;SEC13;CTSH;CAPZA1;AP2A2;AP2A1,Reactome,Training_CR
REACTOME_TP53_REGULATES_METABOLIC_GENES,0.294070894929264,0.8952411421580758,0.030286002520610242,0.3070582936377418,1.1120365726294092,42,COX7A1;COX5A;MT-CO2;COX5B;COX4I1;AKT1;COX6C;LAMTOR2;AKT2;YWHAH,Reactome,Training_CR
REACTOME_ADIPOGENESIS,0.29817586529466794,0.8981098747567486,0.037748643821724964,-0.42108459864562275,-1.1373245861504984,11,ADIRF;RBBP7;PLIN1;CD36;FABP4,Reactome,Training_CR
REACTOME_DEATH_RECEPTOR_SIGNALING,0.3038999264164827,0.8981098747567486,0.03837225195223405,-0.34527296910890154,-1.1023832265701654,19,UBE2D1;RHOA;YWHAE;RTN4;RPS27A;SPPL2A;GNA13;RAC1;ARHGDIA;MAPKAPK2;RELA,Reactome,Training_CR
REACTOME_DEGRADATION_OF_BETA_CATENIN_BY_THE_DESTRUCTION_COMPLEX,0.3144774688398849,0.8981098747567486,0.029150445008678683,0.3046008742170229,1.091132059592347,40,CTBP1;PSMD7;PSMD3;PPP2R1A;PSMD6;PPP2CB;PSMD2;PSMC5;CUL1;PPP2CA;PSMC4;PSMD8;PSMD1;PSMB2;PSMA6;PSMD11;PSMB1;PSMD12;PSMA4,Reactome,Training_CR
REACTOME_DEGRADATION_OF_THE_EXTRACELLULAR_MATRIX,0.31888495004834033,0.8981098747567486,0.029049387356143833,0.3147140396047938,1.0911672576034603,34,COL14A1;COL12A1;CTSG;CAPN2;COL15A1;COL1A1;COL6A3;CD44,Reactome,Training_CR
REACTOME_FORMATION_OF_TUBULIN_FOLDING_INTERMEDIATES_BY_CCT_TRIC,0.3105134474327628,0.8981098747567486,0.037833743098097034,-0.35916542946156427,-1.1093196495923157,17,TUBB4A;TUBB4B;TUBB2B,Reactome,Training_CR
REACTOME_HEDGEHOG_OFF_STATE,0.322676781360065,0.8981098747567486,0.03924523389337643,-0.26766462157276905,-1.0768540041169254,47,PRKAR2B;TUBB4A;TUBB4B;TUBB2B;GNAS;PSMC6;PSMC3;RPS27A;PSMA3;PSMA7;PSMB6,Reactome,Training_CR
REACTOME_HSP90_CHAPERONE_CYCLE_FOR_STEROID_HORMONE_RECEPTORS_SHR_IN_THE_PRESENCE_OF_LIGAND,0.31054906355050427,0.8981098747567486,0.02941123386934918,0.3127248782453985,1.098791682920433,36,DCTN1;HSP90AB1;DYNC1H1;ACTR1A;CAPZB;CAPZA2;DNAJA2;DYNC1LI1;DYNC1I2;DYNLL2;TUBA8;DNAJB1;DNAJA4;TUBA4A,Reactome,Training_CR
REACTOME_LATE_ENDOSOMAL_MICROAUTOPHAGY,0.32155731795241527,0.8981098747567486,0.036715625556735534,-0.3798785515937126,-1.1073708494537697,14,HBB;RPS27A;PLIN2;CHMP3;CHMP6;PARK7,Reactome,Training_CR
REACTOME_METABOLISM_OF_FAT_SOLUBLE_VITAMINS,0.30486641221374045,0.8981098747567486,0.037697812585632456,-0.3935439347715514,-1.1196344978377464,13,RETSAT;VKORC1L1,Reactome,Training_CR
REACTOME_MITOCHONDRIAL_UNFOLDED_PROTEIN_RESPONSE_UPRMT,0.320761306093941,0.8981098747567486,0.030417233173291813,0.4467936528045942,1.1218153811697422,10,LONP1;AKT1,Reactome,Training_CR
REACTOME_NEF_MEDIATES_DOWN_MODULATION_OF_CELL_SURFACE_RECEPTORS_BY_RECRUITING_THEM_TO_CLATHRIN_ADAPTERS,0.326755151938526,0.8981098747567486,0.030076693636010416,0.4325460881761668,1.1158947765301042,11,AP1B1;AP1M1;AP2M1;AP2B1;AP2A2;AP2A1,Reactome,Training_CR
REACTOME_OPIOID_SIGNALLING,0.31547772340973473,0.8981098747567486,0.038621806236827656,-0.30200247424644,-1.0872824425146237,30,PRKAR2B;GNG2;GNAQ;PRKCD;PPP3CB;PPP3R1;GNB1;CALM1,Reactome,Training_CR
REACTOME_ORGANELLE_BIOGENESIS_AND_MAINTENANCE,0.32608695652173914,0.8981098747567486,0.027368682586879602,0.26141059568465713,1.0756027714191025,78,ATP5F1D;DCTN1;DYNC1H1;ACTR1A;IDH2;ATP5F1C;PPP2R1A;ATP5MG;SAMM50;MAPK14;ATP5PO;CHCHD3;CCT5;TMEM11;PRKAG1;ATP5PF;DYNC1I2;DYNLL2;ATP5PD;ATP5PB;TUBA8;ATP5ME;SIRT5;TUBA4A;CCT8;APOO;ATP5MF;MT-ATP8;IMMT,Reactome,Training_CR
REACTOME_RHOH_GTPASE_CYCLE,0.326161369193154,0.8981098747567486,0.036779139019993384,-0.3542346078439202,-1.094090296039867,17,RAB7A;CAV1;VCP;VAMP3;NSFL1C;PAK1;ARHGDIA;DBT;ARHGDIB;LAMTOR1;TFRC;STOM,Reactome,Training_CR
REACTOME_RSV_HOST_INTERACTIONS,0.32273152478952294,0.8981098747567486,0.03606464328968114,-0.411431692728297,-1.1112526584122637,11,MAP1B;RPS27A;BCAP31;ARIH1,Reactome,Training_CR
REACTOME_SARS_COV_2_HOST_INTERACTIONS,0.30921855921855923,0.8981098747567486,0.028626147089758785,0.27226743875922255,1.0880015227241722,68,RPS2;G3BP2;RPS13;RPS24;SNRPB;HSP90AB1;AKT1;RPS3;AKT2;YWHAH;RPS4X;RPS9;RPS15A;SEC23A;SEC24C,Reactome,Training_CR
REACTOME_TBC_RABGAPS,0.3160233918128655,0.8981098747567486,0.03651105900735313,-0.4272118684493055,-1.1199439714160482,10,RAB5B;RAB7A;TBC1D17,Reactome,Training_CR
REACTOME_RHOQ_GTPASE_CYCLE,0.3290532443074816,0.8992875597266969,0.02958164258707458,0.40032759563225917,1.1122149091274312,14,IQGAP1;OBSCN;JUP;PAK2;ARHGAP1;TRIP10,Reactome,Training_CR
REACTOME_NON_INTEGRIN_MEMBRANE_ECM_INTERACTIONS,0.33394208192016694,0.9023940528292151,0.03766401961587815,-0.2901045009426317,-1.0656318398905087,33,DAG1;ITGA6;SGCA;ITGB1;LAMA4;UTRN;SGCB;DTNA;COL4A1,Reactome,Training_CR
REACTOME_TRANS_GOLGI_NETWORK_VESICLE_BUDDING,0.3327887600065349,0.9023940528292151,0.028529035859604573,0.32380875281046634,1.084646039565704,29,FTL;FTH1;AP1B1,Reactome,Training_CR
REACTOME_SMOOTH_MUSCLE_CONTRACTION,0.33615257048092867,0.9032926614599256,0.028617288909743265,0.3371385683125414,1.088740593124822,25,MYL9;TPM2;DYSF;TPM1;PAK2;TPM4;MYH11;TPM3;PXN;MYL12B;CALD1,Reactome,Training_CR
REACTOME_UB_SPECIFIC_PROCESSING_PROTEASES,0.33875,0.9052152777777777,0.027425097940002603,0.28267715370686153,1.0719199533308763,52,USP9X;PSMD7;UFD1;VDAC2;PSMD3;PSMD6;VDAC3;OTUB1;TOMM70;PSMD2;PSMC5;PSMC4;VDAC1;PSMD8;PSMD1;PSMB2;PSMA6;PSMD11;IDE;USP7;PSMB1;PSMD12;PSMA4,Reactome,Training_CR
REACTOME_CILIUM_ASSEMBLY,0.3550436854646545,0.9281305038505371,0.03666816754854119,-0.27859958210213964,-1.0553671655122754,37,PRKAR2B;TUBB4A;TUBB4B;TUBB2B;YWHAE;DCTN3,Reactome,Training_CR
REACTOME_MITOTIC_PROMETAPHASE,0.3509485094850949,0.9281305038505371,0.037412951720586486,-0.26418162333611506,-1.0570527474939393,46,PRKAR2B;TUBB4A;TUBB4B;NEK9;TUBB2B;DYNC1LI2;YWHAE;DCTN3,Reactome,Training_CR
REACTOME_SARS_COV_2_MODULATES_HOST_TRANSLATION_MACHINERY,0.3521509675355829,0.9281305038505371,0.027153373433666566,0.30586947159921085,1.0706333554425405,35,RPS2;RPS13;RPS24;SNRPB;RPS3;RPS4X;RPS9;RPS15A,Reactome,Training_CR
REACTOME_TRANSCRIPTIONAL_REGULATION_BY_TP53,0.35368802902055624,0.9281305038505371,0.026106273527806447,0.2613519449117317,1.057142207717387,72,COX7A1;COX5A;MT-CO2;CRADD;COX5B;COX4I1;AKT1;COX6C;LAMTOR2;AKT2;YWHAH;PPP2R1A;MAPK14;PPP2CB;PRKAG1;PIP4K2B;ELOB;RABGGTA;ELOC;NDUFA4;MAP2K6;PRKAA1;PPP2CA;COX6B1;COX7A2,Reactome,Training_CR
REACTOME_G_ALPHA_Q_SIGNALLING_EVENTS,0.3596723681040713,0.9351481570705855,0.03444452840877292,-0.3503423163563115,-1.0640963508164925,16,GNG2;GNAQ;PRKCD;GNB1,Reactome,Training_CR
REACTOME_CARGO_CONCENTRATION_IN_THE_ER,0.3699777739784579,0.9366279435980961,0.027457446786596337,0.37826450984060556,1.0718785275902196,15,LMAN2;PREB;SEC23A;SEC24C;LMAN1;GOSR2,Reactome,Training_CR
REACTOME_CYCLIN_A_CDK2_ASSOCIATED_EVENTS_AT_S_PHASE_ENTRY,0.3691371858492076,0.9366279435980961,0.026356359719670906,0.30092804685947083,1.0573422776655672,36,PSMD7;PSMD3;AKT1;AKT2;PSMD6;PSMD2;PSMC5;CUL1;PSMC4;PSMD8;PSMD1;PSMB2;PSMA6;PSMD11;PSMB1;RBBP4;PSMD12;PSMA4,Reactome,Training_CR
REACTOME_GLYCEROPHOSPHOLIPID_BIOSYNTHESIS,0.3668798384382363,0.9366279435980961,0.027328537026610478,0.34637672751792203,1.069881365829285,21,LPCAT3;PCYT1A;AGK;CPNE1;HADHA;HADHB;LPIN1,Reactome,Training_CR
REACTOME_INTERLEUKIN_4_AND_INTERLEUKIN_13_SIGNALING,0.3665426251691475,0.9366279435980961,0.027433177525934792,0.36779653461456935,1.0763063823053247,17,IL18;FSCN1;AKT1,Reactome,Training_CR
REACTOME_THROMBIN_SIGNALLING_THROUGH_PROTEINASE_ACTIVATED_RECEPTORS_PARS,0.36912280701754385,0.9366279435980961,0.0333359157343354,-0.4078302825648207,-1.0691347784350556,10,GNG2;GNAQ;GNB1;GNA13,Reactome,Training_CR
REACTOME_METABOLISM_OF_AMINO_ACIDS_AND_DERIVATIVES,0.3740038472107722,0.9418630916669185,0.023593662840134092,0.22329070641696394,1.0353856378915123,184,RPL4;RPS2;RPL30;PSMD7;RPL27;RPL32;SMS;RPS13;RPLP0;TSTD1;RPL15;ETHE1;RPS24;NNMT;RPL11;AUH;CKM;EPRS1;PSMD3;GOT2;CKMT2;RPL7;RPS3;SRM;HIBCH;RPS4X;RPL6;DLST;AIMP2;PSMD6;LARS1;RPS9;RPL31;RPS15A;KARS1;SARS1;RARS1;GOT1;AIMP1,Reactome,Training_CR
REACTOME_MITOTIC_PROPHASE,0.3792842741935484,0.9452628802440247,0.03428268500329419,-0.30614724456657905,-1.0409146795186426,24,RAB2A;NEK9;RAB1B;ARPP19;EMD;NUP93;ENSA;NEK7,Reactome,Training_CR
REACTOME_UNFOLDED_PROTEIN_RESPONSE_UPR,0.3792528352234823,0.9452628802440247,0.02659632640631492,0.3338778807566437,1.0539897965431146,23,DCTN1;EIF2S3;PREB;EIF2S1;SRPRB;SEC31A;ACADVL;GOSR2;EIF2S2,Reactome,Training_CR
REACTOME_G2_M_DNA_DAMAGE_CHECKPOINT,0.38263358778625955,0.948694617140159,0.03301347708154515,-0.3700758391397154,-1.0528676462962234,13,UBE2V2;UBE2N;YWHAE,Reactome,Training_CR
REACTOME_ATTENUATION_PHASE,0.3864064372538949,0.9491889342583744,0.02672567485988526,0.3830964044165588,1.0643421469665824,14,HSP90AB1;HSPH1;HSPB2;DNAJB1;HSPB1,Reactome,Training_CR
REACTOME_MRNA_SPLICING_MINOR_PATHWAY,0.38875305623471884,0.9491889342583744,0.026964978401200813,0.41064378101490817,1.059390577733022,11,SNRPB;YBX1;SRSF7,Reactome,Training_CR
REACTOME_M_PHASE,0.38789237668161436,0.9491889342583744,0.03887547499934054,-0.21805021724326656,-1.0264524450951549,108,PRKAR2B;RAB2A;TUBB4A;TUBB4B;NEK9;UBE2D1;TUBB2B;RAB1B;DYNC1LI2;YWHAE;DCTN3;ARPP19;PSMC6;EMD;NUP93;PSMC3;ENSA;RPS27A;PSMA3;DCTN2;CHMP3;PSMA7;CLIP1;PSMB6;NEK7;CHMP6;CLASP2;TUBB;H3-3A;PSMB3;CSNK2B;YWHAG;PSMA2;RAN;PSMC1;PSMB5;TUBA1C;HSP90AA1;TUBB2A,Reactome,Training_CR
REACTOME_ACTIVATION_OF_BAD_AND_TRANSLOCATION_TO_MITOCHONDRIA,0.3956696350619871,0.9606112421120326,0.026657032601263855,0.4210322485706325,1.0571333085199124,10,AKT1;AKT2;YWHAH,Reactome,Training_CR
REACTOME_DARPP_32_EVENTS,0.40278779139629894,0.9606112421120326,0.03215759632214786,-0.3561090360236799,-1.0380811553200424,14,PRKAR2B;PPP3CB;PPP3R1;CALM1,Reactome,Training_CR
REACTOME_FCERI_MEDIATED_CA_2_MOBILIZATION,0.4015861571737563,0.9606112421120326,0.032215355992217656,-0.3563383640655656,-1.038749661576795,14,IGKV3-11;PPP3CB;PPP3R1;CALM1;IGLV1-51,Reactome,Training_CR
REACTOME_FCERI_MEDIATED_MAPK_ACTIVATION,0.40341677943166443,0.9606112421120326,0.02578270514873918,0.3557125265329605,1.040944181202222,17,MAPK1;MAPK9;PAK2;MAP2K4,Reactome,Training_CR
REACTOME_GLUCOSE_METABOLISM,0.39974063867725723,0.9606112421120326,0.025220448350039667,0.3013390038468925,1.0365055599039277,33,PKM;HK1;FBP1;PFKM;PPP2R1A;ENO3;PPP2CB;GAPDH;HK2;PPP2CA;ALDOA;SEC13;PGAM2;GPI,Reactome,Training_CR
REACTOME_SENSORY_PROCESSING_OF_SOUND,0.40618101545253865,0.9624289085353255,0.03239009724902763,-0.3213806653550927,-1.0261001773343854,19,ATP2B2;VAMP2;EPB41L3;ATP2B1,Reactome,Training_CR
REACTOME_EPHB_MEDIATED_FORWARD_SIGNALING,0.41191576784797124,0.9663729262033953,0.025634502084971054,0.3759039581235665,1.0443596474151082,14,ARPC2;ARPC4;ACTR3;ACTR2,Reactome,Training_CR
REACTOME_N_GLYCAN_TRIMMING_IN_THE_ER_AND_CALNEXIN_CALRETICULIN_CYCLE,0.414563806777217,0.9663729262033953,0.03160401914384526,-0.3526627478103557,-1.0280349995414637,14,NGLY1;RAD23B;RPS27A;VCP;PSMC1;PRKCSH,Reactome,Training_CR
REACTOME_REGULATION_OF_PLK1_ACTIVITY_AT_G2_M_TRANSITION,0.41588190379231355,0.9663729262033953,0.032650436289288466,-0.2925486886451542,-1.017469509204941,26,PRKAR2B;TUBB4A;TUBB4B;YWHAE;DCTN3;RPS27A;DCTN2,Reactome,Training_CR
REACTOME_RHO_GTPASES_ACTIVATE_ROCKS,0.4117039586919105,0.9663729262033953,0.02573311004416222,0.3833035991043082,1.0396559334208735,13,PPP1CB;MYL9;RHOC;MYH11;MYL12B,Reactome,Training_CR
REACTOME_ASSEMBLY_AND_CELL_SURFACE_PRESENTATION_OF_NMDA_RECEPTORS,0.41816870944484497,0.967015140591204,0.03143893090232685,-0.35109382404154854,-1.023461484034196,14,TUBB4A;TUBB4B;TUBB2B,Reactome,Training_CR
REACTOME_DEADENYLATION_DEPENDENT_MRNA_DECAY,0.4441240086517664,0.9730701956271577,0.030306108451059917,-0.3439067831762984,-1.0025107893592227,14,PAIP1;EIF4B;TNKS1BP1,Reactome,Training_CR
REACTOME_DRUG_ADME,0.42320987654320985,0.9730701956271577,0.03172636304086126,-0.30275157683501397,-1.0132172610302421,22,GGT5;CES1;GSTP1;NME1;GUK1;IMPDH2;AKR1C1;ALB;HPRT1;RAC1;GSTM1,Reactome,Training_CR
REACTOME_FATTY_ACYL_COA_BIOSYNTHESIS,0.4401309635173059,0.9730701956271577,0.029968350193477846,-0.3731176799837367,-1.007768776957971,11,FASN;ACSL4;CBR4,Reactome,Training_CR
REACTOME_GAP_JUNCTION_TRAFFICKING_AND_REGULATION,0.4415803420862443,0.9730701956271577,0.030457871367450866,-0.3311974607250546,-1.0059475915515397,16,TUBB4A;TUBB4B;TUBB2B;CLTA,Reactome,Training_CR
REACTOME_GLOBAL_GENOME_NUCLEOTIDE_EXCISION_REPAIR_GG_NER,0.43170362903225806,0.9730701956271577,0.03173753958601542,-0.29727111374582804,-1.0107354274344769,24,UBE2V2;UBE2N;RAD23B;RAD23A;RPS27A,Reactome,Training_CR
REACTOME_MITOPHAGY,0.4450632911392405,0.9730701956271577,0.024110525741344244,0.334916271566445,1.0093484769265988,19,VDAC2;UBE2D3;FUNDC1;VDAC3;TOMM70;TOMM22;OPTN;VDAC1,Reactome,Training_CR
REACTOME_PROTEIN_LOCALIZATION,0.4413658828815336,0.9730701956271577,0.02232174712880363,0.24371776297501607,1.006658960407004,80,USP9X;CYC1;GET4;PMPCA;SLC25A4;PMPCB;FIS1;BCS1L;ECH1;UBE2D3;SLC25A6;NUDT19;SAMM50;TIMM44;CHCHD3;ACO2;TOMM70;TOMM22;GRPEL1;ATAD1;IDH3G;TIMM50;CS;SLC25A13;NDUFB8;CHCHD2;VDAC1;SLC25A12;ATP5F1B;TIMM8A;ALDH3A2,Reactome,Training_CR
REACTOME_PYRUVATE_METABOLISM,0.43278852568378917,0.9730701956271577,0.024374105952055598,0.320401638117635,1.0114478281891004,23,PKM;ME2;PDP1;PDHB;FAHD1;PDHA1;DLAT;PDHX;LDHA;VDAC1,Reactome,Training_CR
REACTOME_REGULATION_OF_T_CELL_ACTIVATION_BY_CD28_FAMILY,0.4347974705178602,0.9730701956271577,0.02470187266967142,0.3540866499367126,1.0199503421664013,16,AKT1;AKT2;PPP2R1A;PAK2;PPP2CB,Reactome,Training_CR
REACTOME_RHOBTB1_GTPASE_CYCLE,0.42646807053586716,0.9730701956271577,0.02505188292858877,0.3705005105031164,1.0293474547266124,14,MYO6;TRA2B;RBMX;CCT7,Reactome,Training_CR
REACTOME_SLC_MEDIATED_TRANSMEMBRANE_TRANSPORT,0.4416441136671177,0.9730701956271577,0.02427303313572141,0.3451930999143501,1.0101605143042511,17,SLC25A4;SLC16A1;SLC25A6;SLC25A11;ARL2;SLC25A5;CP,Reactome,Training_CR
REACTOME_TRANSCRIPTION_COUPLED_NUCLEOTIDE_EXCISION_REPAIR_TC_NER,0.43120834045462314,0.9730701956271577,0.024839383979947102,0.3550676746575159,1.022776194256097,16,CUL4A;COPS5;DDB1;COPS7A;RPA3;USP7;COPS2;COPS4;GPS1,Reactome,Training_CR
REACTOME_BINDING_AND_UPTAKE_OF_LIGANDS_BY_SCAVENGER_RECEPTORS,0.4540766999677731,0.9762387500839546,0.02303481080854086,0.2890213688768727,1.0020863856668294,34,FTL;FTH1;HSPH1;COL1A1,Reactome,Training_CR
REACTOME_COPI_MEDIATED_ANTEROGRADE_TRANSPORT,0.45346286430586025,0.9762387500839546,0.022609715273702067,0.26552297257722857,1.0017959154795126,51,ARCN1;COPE;DCTN1;DYNC1H1;ACTR1A;CAPZB;COPA;CAPZA2,Reactome,Training_CR
REACTOME_MITOTIC_SPINDLE_CHECKPOINT,0.45446964643095394,0.9762387500839546,0.023575809719192164,0.31567552821339695,0.9965283863706741,23,DYNC1H1;PPP2R1A;PPP2CB;DYNC1LI1;PPP1CC;DYNC1I2;DYNLL2;PPP2CA;SEC13,Reactome,Training_CR
REACTOME_MRNA_SPLICING,0.4546309355900329,0.9762387500839546,0.022571291957929323,0.2671443960691493,1.0048513188158017,50,LSM8;SNRPB;PUF60;YBX1;DHX9;HNRNPR;SNU13;TRA2B;SRSF7;DHX15;RBMX;LSM2;UBL5;HNRNPM;PCBP2,Reactome,Training_CR
REACTOME_ABC_FAMILY_PROTEINS_MEDIATED_TRANSPORT,0.49197689345314505,0.9842270713458464,0.02169882671744391,0.27500290157732976,0.9800834022956851,39,PSMD7;EIF2S3;PSMD3;EIF2S1;PSMD6;PSMD2;ABCF1;PSMC5;PSMC4;PSMD8;PSMD1;EIF2S2;PSMB2;PSMA6;PSMD11;PSMB1;PSMD12;PSMA4,Reactome,Training_CR
REACTOME_ACTIVATION_OF_NMDA_RECEPTORS_AND_POSTSYNAPTIC_EVENTS,0.46508631795928884,0.9842270713458464,0.03074582895514896,-0.2776351878733413,-0.9891847445877443,29,PRKAR2B;TUBB4A;TUBB4B;TUBB2B,Reactome,Training_CR
REACTOME_APOPTOTIC_CLEAVAGE_OF_CELLULAR_PROTEINS,0.4889573703133025,0.9842270713458464,0.02282042420288077,0.3518029069579781,0.9774006150514387,14,FNTA;PLEC;MAPT,Reactome,Training_CR
REACTOME_CHROMATIN_ORGANIZATION,0.46966330541787726,0.9842270713458464,0.02343978732004562,0.3452830124731769,0.9945913712906365,16,RPS2;PADI2;RUVBL2,Reactome,Training_CR
REACTOME_COPI_DEPENDENT_GOLGI_TO_ER_RETROGRADE_TRAFFIC,0.4784516129032258,0.9842270713458464,0.030245880950137992,-0.2707130831876112,-0.9800965025257197,31,TUBB4A;TUBB4B;TUBB2B;RAB1B;NAPA;TMED2;KLC1,Reactome,Training_CR
REACTOME_COPI_INDEPENDENT_GOLGI_TO_ER_RETROGRADE_TRAFFIC,0.4773190621814475,0.9842270713458464,0.030056929304326217,-0.27769301059042023,-0.9826831508554218,28,PAFAH1B2;TUBB4A;TUBB4B;TUBB2B;DYNC1LI2;DCTN3,Reactome,Training_CR
REACTOME_DISORDERS_OF_TRANSMEMBRANE_TRANSPORTERS,0.5030361137743689,0.9842270713458464,0.02128732917061177,0.27196145937308946,0.974212132707384,40,PSMD7;HK1;SLC16A1;PSMD3;PSMD6;PSMD2;PSMC5;CP;SEC13;PSMC4;PSMD8;PSMD1;PSMB2;PSMA6;PSMD11;PSMB1;PSMD12;PSMA4,Reactome,Training_CR
REACTOME_DNA_DAMAGE_BYPASS,0.48034632034632035,0.9842270713458464,0.02328780848762702,0.3720801694565154,0.9863404893112655,12,UFD1;CUL4A;DDB1;NPLOC4;RPA3,Reactome,Training_CR
REACTOME_METABOLISM_OF_NITRIC_OXIDE_NOS3_ACTIVATION_AND_REGULATION,0.5054139015019211,0.9842270713458464,0.022609715273702067,0.37520192631071114,0.9679566667208739,11,AKT1;SPR;DNM2;LYPLA1,Reactome,Training_CR
REACTOME_METABOLISM_OF_POLYAMINES,0.4937591181715027,0.9842270713458464,0.021801327773120622,0.2847659238563552,0.9794996982808751,33,PSMD7;SMS;PSMD3;SRM;PSMD6;PSMD2;PSMC5;PSMC4;PSMD8;PSMD1;PSMB2;PSMA6;PSMD11;PSMB1;PSMD12;PSMA4,Reactome,Training_CR
REACTOME_MITOCHONDRIAL_FATTY_ACID_BETA_OXIDATION,0.48361895161290325,0.9842270713458464,0.029610258382548948,-0.28755008088820455,-0.977683469655439,24,ACADL;HADH;DBI;ACOT2,Reactome,Training_CR
REACTOME_MYD88_INDEPENDENT_TLR4_CASCADE,0.497143789782928,0.9842270713458464,0.021801327773120622,0.2875156490050956,0.9765571574289317,31,MAPK1;UBE2D3;MAPK9;PPP2R1A;MAPK14;MAP2K4;PPP2CB;MAP2K6;CUL1;OPTN;PPP2CA,Reactome,Training_CR
REACTOME_NUCLEOTIDE_BINDING_DOMAIN_LEUCINE_RICH_REPEAT_CONTAINING_RECEPTOR_NLR_SIGNALING_PATHWAYS,0.4768475210477081,0.9842270713458464,0.02851145659711858,-0.36155529169764317,-0.9765394503222097,11,MAPK12;UBE2N;TXN;RPS27A,Reactome,Training_CR
REACTOME_NUCLEOTIDE_EXCISION_REPAIR,0.5015105740181269,0.9842270713458464,0.02893094819770947,-0.2807173909048672,-0.966661367189974,25,UBE2V2;UBE2N;RAD23B;RAD23A;RPS27A,Reactome,Training_CR
REACTOME_PINK1_PRKN_MEDIATED_MITOPHAGY,0.4983763459237737,0.9842270713458464,0.022489359318800115,0.33715053898834363,0.9711656953579307,16,VDAC2;UBE2D3;VDAC3;TOMM70;TOMM22;OPTN;VDAC1,Reactome,Training_CR
REACTOME_PLATELET_ACTIVATION_SIGNALING_AND_AGGREGATION,0.5,0.9842270713458464,0.032758359917101465,-0.21458102457275904,-0.9812539299328227,90,SOD1;GNG2;ECM1;STX4;PSAP;GNAQ;RHOA;VWF;PRKCD;SELENOP;WDR1;CD36;PROS1;GNB1;CALM1;CFL1,Reactome,Training_CR
REACTOME_REGULATION_OF_TP53_ACTIVITY,0.5049751243781094,0.9842270713458464,0.021806475438104895,0.2998039580003775,0.968173830387468,25,AKT1;AKT2;PPP2R1A;MAPK14;PPP2CB;PRKAG1;PIP4K2B;MAP2K6;PRKAA1;PPP2CA,Reactome,Training_CR
REACTOME_RESPONSE_OF_MTB_TO_PHAGOCYTOSIS,0.4859408795962509,0.9842270713458464,0.028661639950348507,-0.3334581170563925,-0.9720522435205148,14,RAB7A;ENO1;PGK1;RPS27A;ATP6V1H;GSK3A;HGS;KPNA1,Reactome,Training_CR
REACTOME_TNFR2_NON_CANONICAL_NF_KB_PATHWAY,0.5053574284343515,0.9842270713458464,0.021228254941308113,0.27732577773792333,0.9707220090252089,35,PSMD7;PSMD3;UBE2M;PSMD6;PSMD2;PSMC5;CUL1;PSMC4;PSMD8;PSMD1;PSMB2;PSMA6;PSMD11;PSMB1;UBA3;PSMD12;PSMA4,Reactome,Training_CR
REACTOME_TRANSCRIPTIONAL_REGULATION_BY_MECP2,0.48829898707649316,0.9842270713458464,0.023160659565443078,0.3815078924217881,0.9842249785532554,11,CAMK2D,Reactome,Training_CR
REACTOME_TRANSCRIPTIONAL_REGULATION_BY_RUNX2,0.48341756159191407,0.9842270713458464,0.02172437157930597,0.26761945277181837,0.9846438064857531,45,PSMD7;MAPK1;PSMD3;AKT1;AKT2;COL1A1;PSMD6;PSMD2;PSMC5;CUL1;PSMC4;PSMD8;PSMD1;PSMB2;PSMA6;PSMD11;PSMB1;BAX;PSMD12;PSMA4;GSK3B;MAPK3;STUB1,Reactome,Training_CR
REACTOME_TRIGLYCERIDE_METABOLISM,0.49923063771584886,0.9842270713458464,0.02246760274146559,0.3417897087972468,0.9685208109147212,15,PPP1CB;PLIN3;PPP1CA;LPIN1;PPP1CC;FABP3,Reactome,Training_CR
REACTOME_VIF_MEDIATED_DEGRADATION_OF_APOBEC3G,0.4874315178859169,0.9842270713458464,0.021909886139834505,0.28331864002141033,0.9823140519829394,34,PSMD7;PSMD3;PSMD6;PSMD2;ELOB;CUL5;PSMC5;ELOC;PSMC4;PSMD8;PSMD1;PSMB2;PSMA6;PSMD11;PSMB1;PSMD12;PSMA4,Reactome,Training_CR
REACTOME_ACTIVATION_OF_BH3_ONLY_PROTEINS,0.5122077922077922,0.984996174158819,0.02226281854397559,0.3628440129750877,0.9618565316831192,12,AKT1;AKT2;YWHAH;DYNLL2,Reactome,Training_CR
REACTOME_CROSS_PRESENTATION_OF_SOLUBLE_EXOGENOUS_ANTIGENS_ENDOSOMES,0.5130518852723172,0.984996174158819,0.021110955934302664,0.2790431678097307,0.9674902605371027,34,PSMD7;PSMD3;PSMD6;MRC2;PSMD2;PSMC5;MRC1;PSMC4;PSMD8;PSMD1;PSMB2;PSMA6;PSMD11;PSMB1;PSMD12;PSMA4,Reactome,Training_CR
REACTOME_DDX58_IFIH1_MEDIATED_INDUCTION_OF_INTERFERON_ALPHA_BETA,0.5162611418935197,0.984996174158819,0.02762862512811316,-0.31341905042846524,-0.9519491430721422,16,UBE2D1;PIN1;TKFC;HMGB1;RPS27A;S100B,Reactome,Training_CR
REACTOME_G_PROTEIN_MEDIATED_EVENTS,0.5161369193154034,0.984996174158819,0.027893916731726576,-0.3094072582807518,-0.9556363814075075,17,PRKAR2B;GNAQ;PRKCD;CALM1,Reactome,Training_CR
REACTOME_ION_TRANSPORT_BY_P_TYPE_ATPASES,0.5180957007529755,0.984996174158819,0.027710944757090832,-0.3029182252181465,-0.9538466073167422,18,FXYD1;ATP2B2;ATP2B1;CALM1;SRI,Reactome,Training_CR
REACTOME_SIGNALING_BY_VEGF,0.5166285859355166,0.984996174158819,0.02854663882700978,-0.273864189292365,-0.9604887217902691,27,CTNNA1;MAPK12;RHOA;NRP1;PRKCD;CALM1;CAV1;CYFIP1;PAK1;MAPKAPK3;HSP90AA1;RAC1;MAPKAPK2;CDC42,Reactome,Training_CR
REACTOME_ABC_TRANSPORTER_DISORDERS,0.8737234559896255,0.9955900853877244,0.013344029816569403,0.21359463123761607,0.7346942148780229,33,PSMD7;PSMD3;PSMD6;PSMD2;PSMC5;PSMC4;PSMD8;PSMD1;PSMB2;PSMA6;PSMD11;PSMB1;PSMD12;PSMA4,Reactome,Training_CR
REACTOME_ACTIVATION_OF_APC_C_AND_APC_C_CDC20_MEDIATED_DEGRADATION_OF_MITOTIC_PROTEINS,0.9494245420651646,0.9955900853877244,0.012135410745076855,0.18992723243466064,0.6532862652446889,33,PSMD7;PSMD3;PSMD6;PSMD2;PSMC5;PSMC4;PSMD8;PSMD1;PSMB2;PSMA6;PSMD11;PSMB1;PSMD12;PSMA4,Reactome,Training_CR
REACTOME_ACTIVATION_OF_NF_KAPPAB_IN_B_CELLS,0.7763454721237512,0.9955900853877244,0.014963852659024673,0.23326386648748532,0.8087656140563613,34,PSMD7;PSMD3;PSMD6;PSMD2;PSMC5;CUL1;PSMC4;PSMD8;PSMD1;PSMB2;PSMA6;PSMD11;PSMB1;PSMD12;PSMA4,Reactome,Training_CR
REACTOME_ACTIVATION_OF_THE_MRNA_UPON_BINDING_OF_THE_CAP_BINDING_COMPLEX_AND_EIFS_AND_SUBSEQUENT_BINDING_TO_43S,0.6839725600249454,0.9955900853877244,0.01632077650464332,0.2305392543357642,0.8803108746750153,54,RPS2;RPS13;RPS24;EIF2S3;PABPC1;RPS3;EIF2S1;RPS4X;RPS9;RPS15A,Reactome,Training_CR
REACTOME_AMINO_ACIDS_REGULATE_MTORC1,0.7480916030534351,0.9955900853877244,0.021346690209197168,-0.2788397331690472,-0.7933004603543584,13,SESN1,Reactome,Training_CR
REACTOME_AMYLOID_FIBER_FORMATION,0.6595999316122414,0.9955900853877244,0.01820543122220443,0.30117049636938653,0.8534191810330393,15,USP9X,Reactome,Training_CR
REACTOME_ANTIGEN_ACTIVATES_B_CELL_RECEPTOR_BCR_LEADING_TO_GENERATION_OF_SECOND_MESSENGERS,0.9538572458543619,0.9955900853877244,0.017786117382464665,-0.20590067778871904,-0.6002139565643604,14,IGKV3-11;CALM1;IGLV1-51,Reactome,Training_CR
REACTOME_ANTIGEN_PRESENTATION_FOLDING_ASSEMBLY_AND_PEPTIDE_LOADING_OF_CLASS_I_MHC,0.7938813877969578,0.9955900853877244,0.01549224944326501,0.264233735466943,0.7611280711927001,16,SEC23A;SEC24C;SEC31A;HLA-C;SEC13,Reactome,Training_CR
REACTOME_ANTIGEN_PROCESSING_CROSS_PRESENTATION,0.9077348066298343,0.9955900853877244,0.020624619838242313,-0.18116898949148738,-0.7435501365432123,51,STX4;PSMC6;CD36;HMGB1;S100A9;PSMC3;RPS27A;PSMA3;PSMA7;PSMB6;S100A8;VAMP3;B2M;PSMB3;PSMA2;PSMC1;PSME2;PSMB5;HLA-B,Reactome,Training_CR
REACTOME_ANTIGEN_PROCESSING_UBIQUITINATION_PROTEASOME_DEGRADATION,0.9682181051363157,0.9955900853877244,0.01075620687388353,0.16614907975592158,0.6798796716218983,76,PSMD7;UBE2F;PSMD3;ATG7;UBE2D3;UBE2M;UBE2K;PSMD6;LNPEP;UBE2H;FBXO7;PSMD2;ELOB;CUL5;PSMC5;ELOC;CUL1;UBE2O;PSMC4;HECTD1;TPP2;PSMD8;PSMD1;PSMB2;PSMA6;PSMD11;PSMB1;UBA3;UBAC1;BLMH;KLHL41;PSMD12;PSMA4,Reactome,Training_CR
REACTOME_APC_C_CDH1_MEDIATED_DEGRADATION_OF_CDC20_AND_OTHER_APC_C_CDH1_TARGETED_PROTEINS_IN_LATE_MITOSIS_EARLY_G1,0.9433409312927385,0.9955900853877244,0.01229360999029035,0.19330473922881858,0.6604424359824389,32,PSMD7;PSMD3;PSMD6;PSMD2;PSMC5;PSMC4;PSMD8;PSMD1;PSMB2;PSMA6;PSMD11;PSMB1;PSMD12;PSMA4,Reactome,Training_CR
REACTOME_APC_C_MEDIATED_DEGRADATION_OF_CELL_CYCLE_PROTEINS,0.904685750839597,0.9955900853877244,0.012642550391801519,0.2024352718067352,0.7085831520916218,35,PSMD7;PSMD3;PSMD6;PSMD2;PSMC5;CUL1;PSMC4;PSMD8;PSMD1;PSMB2;PSMA6;PSMD11;PSMB1;PSMD12;PSMA4,Reactome,Training_CR
REACTOME_APOPTOSIS,0.6437716523572827,0.9955900853877244,0.016700728570071988,0.22120637701369977,0.9051733490530149,76,PSMD7;MAPK1;PSMD3;AKT1;APPL1;FNTA;AKT2;PLEC;MAPT;YWHAH;PAK2;PSMD6;KPNB1,Reactome,Training_CR
REACTOME_APOPTOTIC_EXECUTION_PHASE,0.5272635476270616,0.9955900853877244,0.021361575608860726,0.30899162376517514,0.9544070204502674,21,FNTA;PLEC;MAPT;PAK2;KPNB1,Reactome,Training_CR
REACTOME_ASYMMETRIC_LOCALIZATION_OF_PCP_PROTEINS,0.7894565039986943,0.9955900853877244,0.01490703260201761,0.2340486015279934,0.7949544235219809,31,PSMD7;PSMD3;PSMD6;PSMD2;PSMC5;PSMC4;PSMD8;PSMD1;PSMB2;PSMA6;PSMD11;PSMB1;PSMD12;PSMA4,Reactome,Training_CR
REACTOME_AUF1_HNRNP_D0_BINDS_AND_DESTABILIZES_MRNA,0.659437751004016,0.9955900853877244,0.01729068852988103,0.2500274044455361,0.8821828333039662,37,PSMD7;PABPC1;PSMD3;PSMD6;PSMD2;PSMC5;HSPB1;PSMC4;PSMD8;PSMD1;PSMB2;PSMA6;PSMD11;PSMB1;PSMD12;PSMA4,Reactome,Training_CR
REACTOME_AUTOPHAGY,0.746806218254579,0.9955900853877244,0.014862337136554698,0.21410378718233783,0.8458583109387277,64,HSP90AB1;VDAC2;DYNC1H1;ATG7;LAMTOR2;UBE2D3;PLIN3;FUNDC1;DYNC1LI1;VDAC3;PRKAG1;TOMM70;TOMM22;DYNC1I2;DYNLL2;TUBA8;TUBA4A;OPTN;PRKAA1,Reactome,Training_CR
REACTOME_BETA_CATENIN_INDEPENDENT_WNT_SIGNALING,0.6613037447988904,0.9955900853877244,0.025789806128850585,-0.21731250798491425,-0.8964585801910507,53,GNG2;RHOA;CLTA;PPP3CB;PSMC6;PPP3R1;GNB1;CALM1;PSMC3;RPS27A;PRKG1;PSMA3;PSMA7;PSMB6;PFN1,Reactome,Training_CR
REACTOME_BRANCHED_CHAIN_AMINO_ACID_CATABOLISM,0.5853777022103474,0.9955900853877244,0.02560646974182645,-0.28995006901106263,-0.9130117193123228,18,ALDH6A1;BCAT2;ACAD8;BCKDHB;ACADSB;MCCC2;HIBADH;ECHS1;BCKDHA;DBT,Reactome,Training_CR
REACTOME_CA_DEPENDENT_EVENTS,0.6407614390499476,0.9955900853877244,0.018953519710354413,0.33727364030671564,0.870108189086831,11,CAMK2D;MAPK1,Reactome,Training_CR
REACTOME_CDC42_GTPASE_CYCLE,0.6529025989798397,0.9955900853877244,0.023797822928056385,-0.27623537651233915,-0.8698260942120867,18,RAB7A;KTN1;CAV1;GNA13;VAMP3;PAK1;YKT6;ARHGDIA;CDC42;ARHGDIB;LAMTOR1;TFRC;STOM;TMPO,Reactome,Training_CR
REACTOME_CDK_MEDIATED_PHOSPHORYLATION_AND_REMOVAL_OF_CDC6,0.9433409312927385,0.9955900853877244,0.01229360999029035,0.19330473922881858,0.6604424359824389,32,PSMD7;PSMD3;PSMD6;PSMD2;PSMC5;PSMC4;PSMD8;PSMD1;PSMB2;PSMA6;PSMD11;PSMB1;PSMD12;PSMA4,Reactome,Training_CR
REACTOME_CELLULAR_RESPONSE_TO_HEAT_STRESS,0.7863534675615212,0.9955900853877244,0.014658546824389425,0.22625138339359813,0.8104708779397124,40,CAMK2D;MAPK1;HSP90AB1;HSPH1,Reactome,Training_CR
REACTOME_CELLULAR_RESPONSE_TO_HYPOXIA,0.8242356331038899,0.9955900853877244,0.014005019511420998,0.22180301440604339,0.7793281712777436,36,PSMD7;PSMD3;UBE2D3;PSMD6;PSMD2;ELOB;PSMC5;ELOC;PSMC4;PSMD8;PSMD1;PSMB2;PSMA6;PSMD11;PSMB1;PSMD12;PSMA4,Reactome,Training_CR
REACTOME_CELLULAR_SENESCENCE,0.9216262552045065,0.9955900853877244,0.018575824993229264,-0.20877624418101592,-0.6773582551717041,20,UBE2D1;RBBP7;TXN;RPS27A;STAT3;H3-3A;MAPKAPK3;MAPKAPK2;RELA;H2BC4,Reactome,Training_CR
REACTOME_CELL_CELL_COMMUNICATION,0.7798762618039726,0.9955900853877244,0.015048011980352091,0.23588208401143973,0.8059116335721186,32,ANG;FLNC;IQGAP1;PLEC;JUP;ILF3;ACTN2;PXN;ACTN4;CDH13,Reactome,Training_CR
REACTOME_CELL_CYCLE_CHECKPOINTS,0.7844761466482589,0.9955900853877244,0.014103461587146872,0.2082094665609181,0.8291492738666371,67,PSMD7;DYNC1H1;PSMD3;BABAM2;YWHAH;PPP2R1A;PSMD6;PPP2CB;DYNC1LI1;PPP1CC;DYNC1I2;DYNLL2;PSMD2;PSMC5;PPP2CA;SEC13;PSMC4;PSMD8;PSMD1;RANGAP1;YWHAQ;PSMB2;PSMA6;RPA3;PSMD11;PSMB1,Reactome,Training_CR
REACTOME_CELL_JUNCTION_ORGANIZATION,0.9149432955303536,0.9955900853877244,0.013088336386552126,0.2139397397304954,0.6753675991953079,23,ANG;FLNC;PLEC;JUP;ILF3;PXN,Reactome,Training_CR
REACTOME_CHAPERONE_MEDIATED_AUTOPHAGY,0.696913002806361,0.9955900853877244,0.022145804957301406,-0.3026237142514294,-0.8173687465116494,11,HBB;RPS27A;PLIN2;PARK7;HSP90AA1;EEF1A1;LAMP2,Reactome,Training_CR
REACTOME_CHROMOSOME_MAINTENANCE,0.9665575304022451,0.9955900853877244,0.017191045969835304,-0.20967225874259848,-0.5663123649467746,11,RBBP7,Reactome,Training_CR
REACTOME_CIRCADIAN_CLOCK,0.6452074391988555,0.9955900853877244,0.017456100303298163,0.24602547693392562,0.8910012652903326,42,PSMD7;NAMPT;PPP1CB;PSMD3;PPP1CA;PSMD6;PPP1CC;PSMD2;PSMC5;CUL1;PSMC4;PSMD8;PSMD1;PSMB2;PSMA6;PSMD11;PSMB1;PSMD12;PSMA4,Reactome,Training_CR
REACTOME_CLASS_I_MHC_MEDIATED_ANTIGEN_PROCESSING_PRESENTATION,0.912252712188896,0.9955900853877244,0.022803657185096887,-0.16954071403074603,-0.7952782115113557,105,UBE3A;ARIH2;UBE2V2;STX4;UBE2D1;THOP1;UBE2N;CUL2;RNF126;ERAP1;PSMC6;CD36;RNF114;HMGB1;S100A9;PSMC3;RPS27A;PSMA3;PSMA7;BCAP31;PSMB6;HUWE1;S100A8;VAMP3;B2M;PSMB3;CUL3;PSMA2;UBA1;PSMC1;PSME2;UBE2B;PSMB5,Reactome,Training_CR
REACTOME_CLATHRIN_MEDIATED_ENDOCYTOSIS,0.75421875,0.9955900853877244,0.014936909079245718,0.22047582657365858,0.8360507194596317,52,ARPC2;ARF6;ARPC4;ACTR3;AP2M1;ACTR2;DNM2;COPS5;CLTC;AP2B1;TRIP10;BIN1,Reactome,Training_CR
REACTOME_CLEC7A_DECTIN_1_SIGNALING,0.8607046070460704,0.9955900853877244,0.021149930696908972,-0.19387120401853447,-0.7757242395585453,46,UBE2D1;PRKCD;UBE2N;PPP3CB;PSMC6;PPP3R1;CALM1;PSMC3;RPS27A;PSMA3;PSMA7;PSMB6,Reactome,Training_CR
REACTOME_COMPLEMENT_CASCADE,0.9204223538501158,0.9955900853877244,0.019347325419557842,-0.1949262419284055,-0.7017819339492101,30,CD81;IGKV3-11;FCN3;PROS1,Reactome,Training_CR
REACTOME_COOPERATION_OF_PDCL_PHLP1_AND_TRIC_CCT_IN_G_PROTEIN_BETA_FOLDING,0.7978800289086967,0.9955900853877244,0.020503683897624116,-0.254485091911672,-0.7729487561102933,16,GNG2;GNAQ;GNB1,Reactome,Training_CR
REACTOME_COPII_MEDIATED_VESICLE_TRANSPORT,0.5804057397328055,0.9955900853877244,0.019581205054489834,0.27928275177735196,0.9187910810490281,27,TRAPPC3;LMAN2;PREB;SCFD1;SEC23A;SEC24C;SEC31A;LMAN1;SEC13,Reactome,Training_CR
REACTOME_CREATION_OF_C4_AND_C2_ACTIVATORS,0.9686822452421103,0.9955900853877244,0.01759439099260148,-0.19015240443136344,-0.57755078449789,16,IGKV3-11;FCN3;IGLV1-51;C1QA;IGKV3-15,Reactome,Training_CR
REACTOME_C_TYPE_LECTIN_RECEPTORS_CLRS,0.9450428058547362,0.9955900853877244,0.020004852364537664,-0.1717376702526045,-0.7013637725079843,50,UBE2D1;PRKCD;UBE2N;PPP3CB;PSMC6;PPP3R1;CALM1;PSMC3;RPS27A;PSMA3;PSMA7;PSMB6,Reactome,Training_CR
REACTOME_DAG_AND_IP3_SIGNALING,0.5851262862488307,0.9955900853877244,0.024978427906915714,-0.33144093116247964,-0.8952023443273505,11,PRKAR2B;PRKCD;CALM1,Reactome,Training_CR
REACTOME_DECTIN_1_MEDIATED_NONCANONICAL_NF_KB_SIGNALING,0.5745157675684328,0.9955900853877244,0.019284303653531367,0.2654768371012349,0.9327807312661466,36,PSMD7;PSMD3;UBE2M;PSMD6;PSMD2;PSMC5;CUL1;PSMC4;PSMD8;PSMD1;PSMB2;PSMA6;PSMD11;PSMB1;UBA3;PSMD12;PSMA4,Reactome,Training_CR
REACTOME_DEFECTIVE_CFTR_CAUSES_CYSTIC_FIBROSIS,0.8737234559896255,0.9955900853877244,0.013344029816569403,0.21359463123761607,0.7346942148780229,33,PSMD7;PSMD3;PSMD6;PSMD2;PSMC5;PSMC4;PSMD8;PSMD1;PSMB2;PSMA6;PSMD11;PSMB1;PSMD12;PSMA4,Reactome,Training_CR
REACTOME_DEFECTIVE_INTRINSIC_PATHWAY_FOR_APOPTOSIS,0.6502923976608187,0.9955900853877244,0.023253001091800538,-0.32404632387985177,-0.8494935503689941,10,PRDX1;YWHAE,Reactome,Training_CR
REACTOME_DEGRADATION_OF_AXIN,0.7894565039986943,0.9955900853877244,0.01490703260201761,0.2340486015279934,0.7949544235219809,31,PSMD7;PSMD3;PSMD6;PSMD2;PSMC5;PSMC4;PSMD8;PSMD1;PSMB2;PSMA6;PSMD11;PSMB1;PSMD12;PSMA4,Reactome,Training_CR
REACTOME_DEGRADATION_OF_CRY_AND_PER_PROTEINS,0.9000966806316468,0.9955900853877244,0.012826199971589779,0.2057424030270366,0.7133440057700489,34,PSMD7;PSMD3;PSMD6;PSMD2;PSMC5;CUL1;PSMC4;PSMD8;PSMD1;PSMB2;PSMA6;PSMD11;PSMB1;PSMD12;PSMA4,Reactome,Training_CR
REACTOME_DEGRADATION_OF_DVL,0.8583523282318463,0.9955900853877244,0.013664106309906724,0.21765840986961488,0.7436488675851445,32,PSMD7;PSMD3;PSMD6;PSMD2;PSMC5;PSMC4;PSMD8;PSMD1;PSMB2;PSMA6;PSMD11;PSMB1;PSMD12;PSMA4,Reactome,Training_CR
REACTOME_DEGRADATION_OF_GLI1_BY_THE_PROTEASOME,0.7193038994521431,0.9955900853877244,0.016068049929201526,0.24393728233710976,0.8457721674230977,34,PSMD7;PSMD3;PSMD6;PSMD2;PSMC5;CUL1;PSMC4;PSMD8;PSMD1;PSMB2;PSMA6;PSMD11;PSMB1;PSMD12;PSMA4,Reactome,Training_CR
REACTOME_DEUBIQUITINATION,0.8857447132207515,0.9955900853877244,0.012223129570955003,0.19099186510768884,0.7654379176879933,69,USP9X;PSMD7;UFD1;VDAC2;PSMD3;BABAM2;PSMD6;VDAC3;OTUB1;TOMM70;PSMD2;UCHL5;UCHL3;PSMC5;PSMC4;VDAC1;PSMD8;PSMD1;PSMB2;PSMA6;PSMD11;IDE;USP7;PSMB1;NEDD8;PSMD12;PSMA4,Reactome,Training_CR
REACTOME_DNA_DOUBLE_STRAND_BREAK_REPAIR,0.938304590721399,0.9955900853877244,0.018186238230806163,-0.2057546576337389,-0.6478922883633834,18,UBE2V2;UBE2N;RPS27A;SUMO2;EYA3,Reactome,Training_CR
REACTOME_DNA_REPAIR,0.8836649550706034,0.9955900853877244,0.013032939913770388,0.20748569867012007,0.7394587050316137,39,XRCC5;APEX1;UFD1;CUL4A;BABAM2,Reactome,Training_CR
REACTOME_DNA_REPLICATION,0.9633391525154738,0.9955900853877244,0.011610174439223988,0.17789603079085364,0.6514341180693863,44,PSMD7;PSMD3;PSMD6;KPNB1;PSMD2;PSMC5;CUL1;PSMC4;PSMD8;PSMD1;PSMB2;PSMA6;RPA3;PSMD11;PSMB1;PSMD12;PSMA4,Reactome,Training_CR
REACTOME_DOWNSTREAM_SIGNALING_EVENTS_OF_B_CELL_RECEPTOR_BCR,0.936044955846936,0.9955900853877244,0.019671691052435315,-0.17965860846013018,-0.7008047965807815,41,FKBP1A;PPP3CB;PSMC6;PPP3R1;CALM1;PSMC3;RPS27A;PSMA3;PSMA7;PSMB6;PPIA;PSMB3;PSMA2;PSMC1,Reactome,Training_CR
REACTOME_DOWNSTREAM_TCR_SIGNALING,0.914102221032914,0.9955900853877244,0.020031543958231705,-0.18622528491692053,-0.7264198138513513,41,HLA-DRA;UBE2D1;UBE2N;PSMC6;PSMC3;RPS27A;PSMA3;PSMA7;PSMB6;PSMB3;PSMA2;PRKCQ;PSMC1,Reactome,Training_CR
REACTOME_ECM_PROTEOGLYCANS,0.8565625793348566,0.9955900853877244,0.02022003055862687,-0.2144696600013397,-0.7521819122454477,27,DAG1;ITGA7;ITGB1;LAMA4;COL4A1;COL6A2;VCAN;LAMB1,Reactome,Training_CR
REACTOME_ENERGY_DEPENDENT_REGULATION_OF_MTOR_BY_LKB1_AMPK,0.8941991341991342,0.9955900853877244,0.013963028796065272,0.2507015967784982,0.6645802596757807,12,LAMTOR2;PRKAG1;PRKAA1;CAB39,Reactome,Training_CR
REACTOME_ENOS_ACTIVATION,0.7562423607473372,0.9955900853877244,0.01650768557817433,0.3120868117365292,0.7835916725061053,10,AKT1;SPR;LYPLA1,Reactome,Training_CR
REACTOME_ESR_MEDIATED_SIGNALING,0.8387465317447365,0.9955900853877244,0.014033079238002663,0.22300885758674324,0.7574575394417009,31,MAPK1;HSP90AB1;AKT1;AKT2,Reactome,Training_CR
REACTOME_ESTROGEN_DEPENDENT_GENE_EXPRESSION,0.6134237605238541,0.9955900853877244,0.024197765037610505,-0.3241917164558607,-0.8756226443273034,11,CTSD;H3-3A;CBFB;PTGES3;HSP90AA1;H2BC4;PRMT1,Reactome,Training_CR
REACTOME_EXTRACELLULAR_MATRIX_ORGANIZATION,0.6030750858337065,0.9955900853877244,0.01752505682365292,0.22434899888969068,0.9289476356439237,81,LAMA2;COL14A1;COL12A1;CTSG;PCOLCE;CAPN2;COL15A1;ASPN;ACTA1;PLEC;SNTB2;BGN;COL1A1,Reactome,Training_CR
REACTOME_EXTRA_NUCLEAR_ESTROGEN_SIGNALING,0.7319831223628692,0.9955900853877244,0.016487531082077494,0.2701489491786719,0.8141570104118305,19,MAPK1;AKT1;AKT2,Reactome,Training_CR
REACTOME_FBXL7_DOWN_REGULATES_AURKA_DURING_MITOTIC_ENTRY_AND_IN_EARLY_MITOSIS,0.7184308639974064,0.9955900853877244,0.016172490789630647,0.24546350125762678,0.8443124871292317,33,PSMD7;PSMD3;PSMD6;PSMD2;PSMC5;CUL1;PSMC4;PSMD8;PSMD1;PSMB2;PSMA6;PSMD11;PSMB1;PSMD12;PSMA4,Reactome,Training_CR
REACTOME_FCERI_MEDIATED_NF_KB_ACTIVATION,0.9333333333333333,0.9955900853877244,0.019907477236785966,-0.17940155300671487,-0.7178277660484916,46,UBE2D1;UBE2N;IGKV3-11;PSMC6;PSMC3;RPS27A;PSMA3;PSMA7;PSMB6;IGLV1-51;PSMB3;PSMA2;PRKCQ;PSMC1;PSMB5;RELA;IGKV3-15,Reactome,Training_CR
REACTOME_FCGR_ACTIVATION,0.5646783625730994,0.9955900853877244,0.02557849974816034,-0.3473501367218494,-0.910584935302042,10,IGKV3-11;IGLV1-51;IGKV3-15,Reactome,Training_CR
REACTOME_FORMATION_OF_PARAXIAL_MESODERM,0.6571335185487824,0.9955900853877244,0.01759439099260148,0.26081452058223453,0.8793544549061564,30,PSMD7;PSMD3;PSMD6;PSMD2;PSMC5;PSMC4;PSMD8;PSMD1;PSMB2;PSMA6;PSMD11;PSMB1;PSMD12;PSMA4,Reactome,Training_CR
REACTOME_FORMATION_OF_TC_NER_PRE_INCISION_COMPLEX,0.5620779220779221,0.9955900853877244,0.020813041460137825,0.34804641071288206,0.9226298395504626,12,CUL4A;COPS5;DDB1;COPS7A;USP7;COPS2;COPS4;GPS1,Reactome,Training_CR
REACTOME_FORMATION_OF_THE_DYSTROPHIN_GLYCOPROTEIN_COMPLEX_DGC,0.5375308641975308,0.9955900853877244,0.027352609302624443,-0.2831109136820549,-0.9474859471500717,22,DAG1;SGCA;LAMA4;UTRN;SGCB;DTNA;LAMB1;LAMB3,Reactome,Training_CR
REACTOME_FOXO_MEDIATED_TRANSCRIPTION,0.7827453719874258,0.9955900853877244,0.01600966251423234,0.295464973825677,0.76224899485253,11,AKT1;AKT2,Reactome,Training_CR
REACTOME_G1_S_DNA_DAMAGE_CHECKPOINTS,0.7894565039986943,0.9955900853877244,0.01490703260201761,0.2340486015279934,0.7949544235219809,31,PSMD7;PSMD3;PSMD6;PSMD2;PSMC5;PSMC4;PSMD8;PSMD1;PSMB2;PSMA6;PSMD11;PSMB1;PSMD12;PSMA4,Reactome,Training_CR
REACTOME_G2_M_CHECKPOINTS,0.9685764164418347,0.9955900853877244,0.011530037087477171,0.1753589811746447,0.6421437439565633,44,PSMD7;PSMD3;BABAM2;YWHAH;PSMD6;PSMD2;PSMC5;PSMC4;PSMD8;PSMD1;YWHAQ;PSMB2;PSMA6;RPA3;PSMD11;PSMB1;PSMD12;PSMA4,Reactome,Training_CR
REACTOME_GAMMA_CARBOXYLATION_HYPUSINYLATION_HYDROXYLATION_AND_ARYLSULFATASE_ACTIVATION,0.749273628439583,0.9955900853877244,0.016330722037680188,0.2759680737851979,0.7949289568938118,16,DRG1;FN3KRP;ETF1,Reactome,Training_CR
REACTOME_GASTRULATION,0.7750938469071323,0.9955900853877244,0.015172174116417678,0.23711604634569944,0.8053731092600084,31,PSMD7;PSMD3;PSMD6;PSMD2;PSMC5;PSMC4;PSMD8;PSMD1;PSMB2;PSMA6;PSMD11;PSMB1;PSMD12;PSMA4,Reactome,Training_CR
REACTOME_GLYCOSAMINOGLYCAN_METABOLISM,0.9536038349597672,0.9955900853877244,0.012867863687077919,0.21174237772447596,0.5882757820562219,14,BGN;CD44;OGN,Reactome,Training_CR
REACTOME_GOLGI_TO_ER_RETROGRADE_TRANSPORT,0.5850180222535653,0.9955900853877244,0.018695120364016993,0.24664275490580226,0.9277353415989519,50,ARCN1;COPE;DCTN1;DYNC1H1;ACTR1A;CAPZB;COPA;CAPZA2;DYNC1LI1;DYNC1I2;DYNLL2;TUBA8;COPB1;TUBA4A;RAB6A;TMED7,Reactome,Training_CR
REACTOME_HCMV_LATE_EVENTS,0.9169275222730556,0.9955900853877244,0.01839900188751776,-0.21864777935018961,-0.6514913831945677,15,HNRNPK;NUP93;CHMP3;CHMP6,Reactome,Training_CR
REACTOME_HEDGEHOG_LIGAND_BIOGENESIS,0.937753282541741,0.9955900853877244,0.012316322980649642,0.1949638025229234,0.6706103847004717,33,PSMD7;PSMD3;PSMD6;PSMD2;PSMC5;PSMC4;PSMD8;PSMD1;PSMB2;PSMA6;PSMD11;PSMB1;PSMD12;PSMA4,Reactome,Training_CR
REACTOME_HEDGEHOG_ON_STATE,0.8930134543686172,0.9955900853877244,0.013027673858259689,0.20902066371272016,0.7189612937830044,33,PSMD7;PSMD3;PSMD6;PSMD2;PSMC5;PSMC4;PSMD8;PSMD1;PSMB2;PSMA6;PSMD11;PSMB1;PSMD12;PSMA4,Reactome,Training_CR
REACTOME_HH_MUTANTS_ABROGATE_LIGAND_SECRETION,0.8692608270921524,0.9955900853877244,0.01348156133115579,0.21516533675619326,0.7351310666937682,32,PSMD7;PSMD3;PSMD6;PSMD2;PSMC5;PSMC4;PSMD8;PSMD1;PSMB2;PSMA6;PSMD11;PSMB1;PSMD12;PSMA4,Reactome,Training_CR
REACTOME_HSF1_ACTIVATION,0.869838572642311,0.9955900853877244,0.014089358324529457,0.2395864041054256,0.7105378751600409,18,HSP90AB1;HSPH1;HSPB2;DNAJB1;HSPB1,Reactome,Training_CR
REACTOME_IMMUNOREGULATORY_INTERACTIONS_BETWEEN_A_LYMPHOID_AND_A_NON_LYMPHOID_CELL,0.8100985221674877,0.9955900853877244,0.020610604530351035,-0.23624262810002944,-0.7780833442983909,21,CD81;IGKV3-11;ITGB1;IGLV1-51;B2M;HLA-B;IFITM1;IGKV3-15,Reactome,Training_CR
REACTOME_INACTIVATION_OF_CSF3_G_CSF_SIGNALING,0.7380116959064328,0.9955900853877244,0.021252834525617333,-0.3000555422855458,-0.7866012638938342,10,STAT5B;UBE2D1;RPS27A;STAT3,Reactome,Training_CR
REACTOME_INTERCONVERSION_OF_NUCLEOTIDE_DI_AND_TRIPHOSPHATES,0.7378755618642063,0.9955900853877244,0.021431281421023272,-0.28606041436915286,-0.7934080594067008,12,TXN;CMPK1;NME1;GUK1;DCTPP1,Reactome,Training_CR
REACTOME_INTERFERON_ALPHA_BETA_SIGNALING,0.8365367965367966,0.9955900853877244,0.014924950824140883,0.26991270896691366,0.7155066442337458,12,ABCE1;KPNB1;HLA-C,Reactome,Training_CR
REACTOME_INTERFERON_GAMMA_SIGNALING,0.6610914005744214,0.9955900853877244,0.017995910584663745,0.28295402149538573,0.8640599258171839,20,CAMK2D;MAPK1;YBX1;CD44;HLA-C;CAMK2B,Reactome,Training_CR
REACTOME_INTERFERON_SIGNALING,0.8148817593010995,0.9955900853877244,0.013290421803724953,0.1992790917157491,0.8154472094329184,76,CAMK2D;ABCE1;MAPK1;EIF2S3;YBX1;MAPT;DHX9;PPP2R1A;EIF2S1;KPNA3;KPNB1;PPP2CB;CD44;ILF3;TUBA8;ILF2;TUBA4A;MAP2K6;HLA-C;CAMK2B;PPP2CA;SEC13,Reactome,Training_CR
REACTOME_INTERLEUKIN_1_FAMILY_SIGNALING,0.8166482736875296,0.9955900853877244,0.013918368406786286,0.213069399104592,0.7975591883434793,49,IL18;PSMD7;CTSG;PSMD3;PSMD6;MAP2K4;PSMD2;PSMC5;MAP2K6;CUL1;PSMC4;PSMD8;PSMD1;PSMB2;PSMA6;PSMD11;PSMB1;NLRX1;PSMD12;PSMA4,Reactome,Training_CR
REACTOME_INTERLEUKIN_1_SIGNALING,0.9638344914718888,0.9955900853877244,0.011530037087477171,0.17687571317357997,0.6507732292637581,45,PSMD7;PSMD3;PSMD6;MAP2K4;PSMD2;PSMC5;MAP2K6;CUL1;PSMC4;PSMD8;PSMD1;PSMB2;PSMA6;PSMD11;PSMB1;NLRX1;PSMD12;PSMA4;UBE2V1;MAP2K1,Reactome,Training_CR
REACTOME_INTRACELLULAR_SIGNALING_BY_SECOND_MESSENGERS,0.8029981829194428,0.9955900853877244,0.01357937708306303,0.20370408110358662,0.8219339581596649,71,CAMK2D;PSMD7;MAPK1;PSMD3;AKT1;LAMTOR2;AKT2;AHCYL1;PPP2R1A;PSMD6;PPP2CB;PIP4K2B;PSMD2;PSMC5;CAMK2B;PPP2CA;PSMC4;PSMD8;PSMD1;PSMB2;PSMA6;PSMD11;USP7;PSMB1;RBBP4;PRKAR1A;PSMD12;PSMA4;CAMK2G;LAMTOR5;GSK3B;MAPK3,Reactome,Training_CR
REACTOME_INTRA_GOLGI_AND_RETROGRADE_GOLGI_TO_ER_TRAFFIC,0.720807453416149,0.9955900853877244,0.015501594836038702,0.22266357604533257,0.8592962529671947,57,ARCN1;COPE;DCTN1;DYNC1H1;ACTR1A;CAPZB;COPA;CAPZA2;PLIN3;DYNC1LI1;DYNC1I2;DYNLL2;TUBA8;COPB1;TUBA4A;RAB6A;TMED7,Reactome,Training_CR
REACTOME_INTRINSIC_PATHWAY_FOR_APOPTOSIS,0.6849798387096774,0.9955900853877244,0.017391117196105844,0.27282318523924054,0.8514216501151551,22,MAPK1;AKT1;AKT2;YWHAH,Reactome,Training_CR
REACTOME_ION_CHANNEL_TRANSPORT,0.639483870967742,0.9955900853877244,0.025139253499649045,-0.24679740952319743,-0.8935115918962097,31,FXYD1;ATP2B2;ATP2B1;CALM1;SRI;RPS27A;ATP6V1H,Reactome,Training_CR
REACTOME_ION_HOMEOSTASIS,0.858257804632427,0.9955900853877244,0.02006275777425114,-0.21783053143576303,-0.7501079952854548,25,FXYD1;ATP2B2;ATP2B1;CALM1;SRI,Reactome,Training_CR
REACTOME_IRE1ALPHA_ACTIVATES_CHAPERONES,0.6703315290933695,0.9955900853877244,0.017808428493884594,0.29058614075387734,0.8503606980164365,17,DCTN1;PREB;SRPRB;SEC31A;ACADVL;GOSR2,Reactome,Training_CR
REACTOME_LYSOSOME_VESICLE_BIOGENESIS,0.7332079986327124,0.9955900853877244,0.016646250441790425,0.2798180915024626,0.8060189736701369,16,AP1B1;AP1M1;DNM2;CLTC,Reactome,Training_CR
REACTOME_MAP2K_AND_MAPK_ACTIVATION,0.6990717299578059,0.9955900853877244,0.017159182620751817,0.2779992312790172,0.8378156706625485,19,MAPK1;IQGAP1;LAMTOR2,Reactome,Training_CR
REACTOME_MAPK1_MAPK3_SIGNALING,0.5868065967016491,0.9955900853877244,0.017992133374585276,0.22788848267463163,0.9376723345790321,78,CAMK2D;PSMD7;MAPK1;PPP1CB;IQGAP1;PSMD3;FNTA;LAMTOR2;PPP2R1A;PSMD6;PPP2CB;PPP1CC;LYPLA1;ARL2;PPP5C;PSMD2;ACTN2;PSMC5;CAMK2B;PPP2CA;PSMC4;PSMD8;PSMD1;RAP1A;PSMB2;PSMA6;PSMD11;PSMB1;PSMD12;PSMA4;CAMK2G;MAP2K2;ARAF;MAPK3;MAP2K1,Reactome,Training_CR
REACTOME_MAPK6_MAPK4_SIGNALING,0.7735035913806864,0.9955900853877244,0.01488019821605687,0.22746738233178576,0.8183950758148942,41,PSMD7;PSMD3;PAK2;PSMD6;PSMD2;DNAJB1;PSMC5;HSPB1;PSMC4;PSMD8;PSMD1;PSMB2;PSMA6;PSMD11;PSMB1;PSMD12;PSMA4,Reactome,Training_CR
REACTOME_MAPK_FAMILY_SIGNALING_CASCADES,0.5764075067024129,0.9955900853877244,0.018159417459742668,0.22526415843252628,0.944341994839929,88,CAMK2D;PSMD7;MAPK1;PPP1CB;IQGAP1;PSMD3;FNTA;LAMTOR2;PPP2R1A;PAK2;PSMD6;PPP2CB;PPP1CC;LYPLA1;ARL2;PPP5C;PSMD2;DNAJB1;ACTN2;PSMC5;CAMK2B;PPP2CA;HSPB1;PSMC4;PSMD8;PSMD1;RAP1A;PSMB2;PSMA6;PSMD11,Reactome,Training_CR
REACTOME_MATERNAL_TO_ZYGOTIC_TRANSITION_MZT,0.7015140591204038,0.9955900853877244,0.02247303826806378,-0.28416039221008765,-0.8283461479534853,14,PAIP1;EIF4B;TNKS1BP1,Reactome,Training_CR
REACTOME_MATURATION_OF_TCA_ENZYMES_AND_REGULATION_OF_TCA_CYCLE,0.5361038961038961,0.9955900853877244,0.021546667829907402,0.356394343135511,0.9447592203301484,12,ISCA2;IDH2;ACO2;CS;SDHB;SDHC,Reactome,Training_CR
REACTOME_METABOLISM_OF_COFACTORS,0.6418263543884551,0.9955900853877244,0.023647377648751206,-0.31088475370034385,-0.8622600567662403,12,ACO1;IDH1;CALM1;COQ6,Reactome,Training_CR
REACTOME_METABOLISM_OF_NUCLEOTIDES,0.59375,0.9955900853877244,0.026988376603236428,-0.23874047002504617,-0.9241322391829556,40,GMPR2;TXN;NT5C3A;CMPK1;NT5C1A;NME1;GUK1;PFAS;ADSS1;IMPDH2;DCTPP1;NUDT16;HPRT1;NT5E;TYMP,Reactome,Training_CR
REACTOME_METABOLISM_OF_STEROIDS,0.7531959300808766,0.9955900853877244,0.02264825928787937,-0.22679109765273056,-0.8330646848883562,33,LSS;SCP2;FASN;AKR1C2;ACAT2;IDI1;HSD17B4,Reactome,Training_CR
REACTOME_MET_ACTIVATES_PTK2_SIGNALING,0.8595878449179183,0.9955900853877244,0.01465561481828913,0.2697953287417137,0.6960257098718321,11,LAMA2;COL1A1,Reactome,Training_CR
REACTOME_MITF_M_DEPENDENT_GENE_EXPRESSION,0.9032025042138213,0.9955900853877244,0.018623405677086296,-0.22430389201968198,-0.6683445553489031,15,ASAH1;HINT1;ATP6V1H,Reactome,Training_CR
REACTOME_MITOTIC_G2_G2_M_PHASES,0.9458346048214831,0.9955900853877244,0.011298646846069972,0.17749811586215392,0.712577172282015,70,PSMD7;PPP1CB;DCTN1;HSP90AB1;DYNC1H1;PSMD3;ACTR1A;PPP2R1A;PSMD6;PPP2R2A;PPP2CB;DYNC1I2;PSMD2;TUBA8;PSMC5;TUBA4A;CUL1;OPTN;PPP2CA,Reactome,Training_CR
REACTOME_MTOR_SIGNALLING,0.8239506172839506,0.9955900853877244,0.020388515661165535,-0.2281235085635086,-0.7634598601918674,22,EIF4EBP1;EIF4B;FKBP1A;PRKAA2,Reactome,Training_CR
REACTOME_M_DECAY_DEGRADATION_OF_MATERNAL_MRNAS_BY_MATERNALLY_STORED_FACTORS,0.5514499532273153,0.9955900853877244,0.02597584934189349,-0.3411892887584997,-0.9215320814020403,11,PAIP1;EIF4B;TNKS1BP1,Reactome,Training_CR
REACTOME_NCAM_SIGNALING_FOR_NEURITE_OUT_GROWTH,0.6008190797398217,0.9955900853877244,0.02503180688733822,-0.2957201222766026,-0.8981921060814805,16,CACNA1S;CACNB3;COL4A1;COL6A2,Reactome,Training_CR
REACTOME_NEDDYLATION,0.6019079345851,0.9955900853877244,0.017763845738213897,0.22910433998921365,0.9244225053259201,71,PSMD7;UFD1;UBE2F;PSMD3;CUL4A;UBE2D3;UBE2M;CCDC22;PSMD6;COPS5;FBXO7;PSMD2;ELOB;CUL5;UCHL3;PSMC5;ELOC;CUL1;DDB1;NPLOC4;PSMC4;PSMD8;PSMD1;COPS7A;PSMB2;PSMA6;PSMD11;PSMB1;UBA3;NEDD8;KLHL41;PSMD12;PSMA4,Reactome,Training_CR
REACTOME_NEGATIVE_REGULATION_OF_MAPK_PATHWAY,0.6569501324981932,0.9955900853877244,0.023563921969872396,-0.2843369808432452,-0.8636180375360626,16,MAPK12;PEBP1,Reactome,Training_CR
REACTOME_NEGATIVE_REGULATION_OF_NOTCH4_SIGNALING,0.5478970094354709,0.9955900853877244,0.019987090193658408,0.27064780644314934,0.947347140073785,35,PSMD7;PSMD3;AKT1;PSMD6;PSMD2;PSMC5;CUL1;PSMC4;PSMD8;PSMD1;PSMB2;PSMA6;PSMD11;PSMB1;PSMD12;PSMA4,Reactome,Training_CR
REACTOME_NEUROTRANSMITTER_RECEPTORS_AND_POSTSYNAPTIC_SIGNAL_TRANSMISSION,0.571583514099783,0.9955900853877244,0.027919069286901885,-0.23749473653981135,-0.93485544810475385,43,PRKAR2B;TUBB4A;TUBB4B;GNG2;TUBB2B;PRKAA2;GNB1;CALM1,Reactome,Training_CR
REACTOME_NEUTROPHIL_DEGRANULATION,0.8476946334089192,0.9955900853877244,0.026833192053993853,-0.16895721242063583,-0.8735268723062907,201,PAFAH1B2;RAB5B;ASAH1;PGAM1;PYGL;TUBB4B;ACAA1;RAB7A;HEBP2;PA2G4;PSAP;IDH1;GSTP1;RHOA;PRKCD;DERA;PLEKHO2;CPNE3;CSTB;PRDX6;RAB10;GNS;NAPRT;NDUFC2;CD36;CTSD;LTA4H;COTL1;SDCBP;HMGB1;S100A9;HBB;PSMC3;CAT;GDI2;MGST1;RAB18;MME;CYFIP1;IMPDH2;CPPED1;CYB5R3;HUWE1;MPO;VCL;FABP5;PPIA;VCP;NPC2;S100A8;KRT1;TUBB;B2M,Reactome,Training_CR
REACTOME_NUCLEAR_ENVELOPE_NE_REASSEMBLY,0.5995364408962143,0.9955900853877244,0.026193976396820005,-0.2545545694898333,-0.9164584321991761,30,TUBB4A;TUBB4B;TUBB2B;EMD;NUP93;CHMP3;CHMP6;RAN;TUBA1C;TUBB2A;SIRT2;TNPO1;CHMP2A,Reactome,Training_CR
REACTOME_NUCLEOTIDE_CATABOLISM,0.888054488298987,0.9955900853877244,0.01418552756158397,0.2601525448007226,0.6711489799114911,11,NT5C2;NUDT9,Reactome,Training_CR
REACTOME_NUCLEOTIDE_SALVAGE,0.831812865497076,0.9955900853877244,0.01942337965520689,-0.2749691738594328,-0.7208368758736052,10,GMPR2;HPRT1;TYMP;ADK;GMPR;AMPD1;PNP;AMPD3;PUDP;APRT,Reactome,Training_CR
REACTOME_ORC1_REMOVAL_FROM_CHROMATIN,0.7184308639974064,0.9955900853877244,0.016172490789630647,0.24546350125762678,0.8443124871292317,33,PSMD7;PSMD3;PSMD6;PSMD2;PSMC5;CUL1;PSMC4;PSMD8;PSMD1;PSMB2;PSMA6;PSMD11;PSMB1;PSMD12;PSMA4,Reactome,Training_CR
REACTOME_OXIDATIVE_STRESS_INDUCED_SENESCENCE,0.7594460591554112,0.9955900853877244,0.016139764152162093,0.2758212780302902,0.7815877452995545,15,MAPK1;MAPK9;MAPK14;MAP2K4,Reactome,Training_CR
REACTOME_PCP_CE_PATHWAY,0.8122905027932961,0.9955900853877244,0.0141741808694094,0.22040282327757643,0.7929778037493312,41,PSMD7;PSMD3;AP2M1;PSMD6;CLTC;AP2B1;PSMD2;PSMC5;PSMC4;AP2A2;AP2A1;PSMD8;PSMD1;PSMB2;PSMA6;PSMD11;PSMB1;PSMD12;PSMA4,Reactome,Training_CR
REACTOME_PKR_MEDIATED_SIGNALING,0.6609627378858148,0.9955900853877244,0.017191045969835304,0.25214171323853585,0.8825703561724821,35,EIF2S3;MAPT;DHX9;PPP2R1A;EIF2S1;PPP2CB;ILF3;TUBA8;ILF2;TUBA4A;MAP2K6;PPP2CA,Reactome,Training_CR
REACTOME_PLASMA_LIPOPROTEIN_ASSEMBLY_REMODELING_AND_CLEARANCE,0.8771452846219201,0.9955900853877244,0.013968620734384032,0.2367904450689497,0.7022459405645456,18,PLTP;AP2M1;CLTC;AP2B1;AP2A2;AP2A1;APOE;APOC2;A2M,Reactome,Training_CR
REACTOME_PLASMA_LIPOPROTEIN_CLEARANCE,0.7785539643730353,0.9955900853877244,0.01608756978243887,0.2969463450259785,0.7660706786677476,11,AP2M1;CLTC;AP2B1;AP2A2;AP2A1;APOE,Reactome,Training_CR
REACTOME_PLATELET_AGGREGATION_PLUG_FORMATION,0.8129910948140388,0.9955900853877244,0.015458037970262545,0.294401314576272,0.7391866935779751,10,AKT1;COL1A1,Reactome,Training_CR
REACTOME_POTENTIAL_THERAPEUTICS_FOR_SARS,0.8974093264248705,0.9955900853877244,0.019819620119267335,-0.19996122476276987,-0.729644045790053,32,FXYD1;RBBP7;FKBP1A;IGKV3-11;ITGB1;IMPDH2;IGLV1-51;TUBB;CUL3;PTGES3,Reactome,Training_CR
REACTOME_PROCESSING_OF_CAPPED_INTRON_CONTAINING_PRE_MRNA,0.6647957592765825,0.9955900853877244,0.01673489421942348,0.23334508900077955,0.8910249145693049,54,LSM8;SNRPB;PUF60;YBX1;DHX9;HNRNPR;SNU13;TRA2B;SRSF7;DHX15;RBMX;LSM2;UBL5;HNRNPM;PCBP2,Reactome,Training_CR
REACTOME_PROGRAMMED_CELL_DEATH,0.7492200267419403,0.9955900853877244,0.014305201790620213,0.20425491836956527,0.8582453723893803,89,IL18;PSMD7;MAPK1;PSMD3;AKT1;APPL1;FNTA;AKT2;PLEC;MAPT;YWHAH;PAK2;PSMD6;KPNB1,Reactome,Training_CR
REACTOME_PROTEASOME_ASSEMBLY,0.9301204819277108,0.9955900853877244,0.01230370111009849,0.1943526668202335,0.6857431754566071,37,PSMD7;PSMD3;PSMD6;PSMD2;PSMC5;PSMC4;PSMD8;PSMD1;PSMB2;PSMA6;PSMD11;PSMB1;PSMD12;PSMA4,Reactome,Training_CR
REACTOME_PROTEIN_HYDROXYLATION,0.7733542867120656,0.9955900853877244,0.016182324649097753,0.3067336950276221,0.770150996651484,10,DRG1;ETF1;DRG2;RPS6;U2AF2,Reactome,Training_CR
REACTOME_PROTEIN_UBIQUITINATION,0.7137931034482758,0.9955900853877244,0.02258774436095482,-0.25579117994692047,-0.8424680098413898,21,UBE2V2;UBE2D1;UBE2N;USP5,Reactome,Training_CR
REACTOME_PTEN_REGULATION,0.6339724290920615,0.9955900853877244,0.01766778753235466,0.24238650865754507,0.8985846776760719,47,PSMD7;MAPK1;PSMD3;AKT1;LAMTOR2;AKT2;PSMD6;PSMD2;PSMC5;PSMC4;PSMD8;PSMD1;PSMB2;PSMA6;PSMD11;USP7;PSMB1;RBBP4;PSMD12;PSMA4;LAMTOR5;MAPK3;STUB1,Reactome,Training_CR
REACTOME_RAC2_GTPASE_CYCLE,0.6525212181727409,0.9955900853877244,0.0242541732601094,-0.2594783946339124,-0.8760915441159688,23,RAB7A;MCAM;ESYT1;ITGB1;EMD;PGRMC2;CAV1;CYFIP1;VAMP3;PAK1;ARHGDIA;MTX1;CDC42,Reactome,Training_CR
REACTOME_RECYCLING_PATHWAY_OF_L1,0.7076884672990514,0.9955900853877244,0.02293843846947535,-0.2507364775404341,-0.8465757161960197,23,TUBB4A;TUBB4B;TUBB2B;CLTA,Reactome,Training_CR
REACTOME_REGULATED_NECROSIS,0.7653631284916201,0.9955900853877244,0.021272533833070602,-0.2536491987077437,-0.798705417812866,18,FLOT2;SDCBP;HMGB1;RPS27A;CHMP3;CHMP6,Reactome,Training_CR
REACTOME_REGULATION_OF_APOPTOSIS,0.692656832549846,0.9955900853877244,0.016704141076757575,0.2505911834098709,0.8619500016639303,33,PSMD7;PSMD3;PAK2;PSMD6;PSMD2;PSMC5;PSMC4;PSMD8;PSMD1;PSMB2;PSMA6;PSMD11;PSMB1;PSMD12;PSMA4,Reactome,Training_CR
REACTOME_REGULATION_OF_CHOLESTEROL_BIOSYNTHESIS_BY_SREBP_SREBF,0.7061036074542657,0.9955900853877244,0.017201684786716444,0.28944930533010416,0.8202051398900206,15,PMVK;ACACA;KPNB1;SEC23A;SEC24C,Reactome,Training_CR
REACTOME_REGULATION_OF_HSF1_MEDIATED_HEAT_SHOCK_RESPONSE,0.9206012089527855,0.9955900853877244,0.012699243624829576,0.2031459779920664,0.6804679569973455,29,MAPK1;HSPH1;HSPB2;DNAJB1;SEC13;HSPB1;HIKESHI;RPA3;BAG3;GSK3B;MAPK3,Reactome,Training_CR
REACTOME_REGULATION_OF_INSULIN_LIKE_GROWTH_FACTOR_IGF_TRANSPORT_AND_UPTAKE_BY_INSULIN_LIKE_GROWTH_FACTOR_BINDING_PROTEINS_IGFBPS,0.9031676538758692,0.9955900853877244,0.0196328297361647,-0.20019776246854767,-0.7207606914675166,30,LGALS1;NUCB1;KTN1;P4HB;VCAN;ALB;FBN1;LAMB1,Reactome,Training_CR
REACTOME_REGULATION_OF_MRNA_STABILITY_BY_PROTEINS_THAT_BIND_AU_RICH_ELEMENTS,0.8095538388775028,0.9955900853877244,0.014044317979961793,0.21423126425713718,0.8019082700601533,49,PSMD7;SET;PABPC1;PSMD3;AKT1;MAPK14;PSMD6;PSMD2;PSMC5;HSPB1;PSMC4;PSMD8;PSMD1;PSMB2;PSMA6;PSMD11;PSMB1;PSMD12;PSMA4,Reactome,Training_CR
REACTOME_REGULATION_OF_ORNITHINE_DECARBOXYLASE_ODC,0.6571335185487824,0.9955900853877244,0.01759439099260148,0.26081452058223453,0.8793544549061564,30,PSMD7;PSMD3;PSMD6;PSMD2;PSMC5;PSMC4;PSMD8;PSMD1;PSMB2;PSMA6;PSMD11;PSMB1;PSMD12;PSMA4,Reactome,Training_CR
REACTOME_REGULATION_OF_PTEN_STABILITY_AND_ACTIVITY,0.6404674243636945,0.9955900853877244,0.01766778753235466,0.2551162186958832,0.8963776110616213,36,PSMD7;PSMD3;AKT1;AKT2;PSMD6;PSMD2;PSMC5;PSMC4;PSMD8;PSMD1;PSMB2;PSMA6;PSMD11;PSMB1;PSMD12;PSMA4,Reactome,Training_CR
REACTOME_REGULATION_OF_RAS_BY_GAPS,0.9634224943602965,0.9955900853877244,0.01183282923927387,0.18210147803607984,0.6313768862796526,34,PSMD7;PSMD3;PSMD6;PSMD2;PSMC5;PSMC4;PSMD8;PSMD1;PSMB2;PSMA6;PSMD11;PSMB1;PSMD12;PSMA4,Reactome,Training_CR
REACTOME_REGULATION_OF_RUNX2_EXPRESSION_AND_ACTIVITY,0.9246586345381526,0.9955900853877244,0.012389705943645808,0.1965784200951376,0.6935963999247201,37,PSMD7;PSMD3;PSMD6;PSMD2;PSMC5;CUL1;PSMC4;PSMD8;PSMD1;PSMB2;PSMA6;PSMD11;PSMB1;PSMD12;PSMA4,Reactome,Training_CR
REACTOME_REGULATION_OF_RUNX3_EXPRESSION_AND_ACTIVITY,0.8591663953109736,0.9955900853877244,0.013650408679882684,0.2171823540889179,0.7420223816504418,32,PSMD7;PSMD3;PSMD6;PSMD2;PSMC5;PSMC4;PSMD8;PSMD1;PSMB2;PSMA6;PSMD11;PSMB1;PSMD12;PSMA4,Reactome,Training_CR
REACTOME_REGULATION_OF_TP53_ACTIVITY_THROUGH_PHOSPHORYLATION,0.831559025313461,0.9955900853877244,0.019598389203236078,-0.2628142117464694,-0.7289331317865614,12,PIN1;PRKAA2;RPS27A,Reactome,Training_CR
REACTOME_REPRODUCTION,0.9680460974332111,0.9955900853877244,0.012935790454911196,0.22112618166872178,0.5552065259167801,10,SYNE2;RPA3;RPA2;RPA1;UBE2I;HSPA2;LMNA;H2BC4;CD9;H3-3A,Reactome,Training_CR
REACTOME_RESOLUTION_OF_SISTER_CHROMATID_COHESION,0.8566998531091888,0.9955900853877244,0.013727273794491452,0.21882337544236502,0.743241400043629,31,DYNC1H1;PPP2R1A;PPP2CB;DYNC1LI1;PPP1CC;DYNC1I2;DYNLL2;TUBA8;TUBA4A;PPP2CA;SEC13,Reactome,Training_CR
REACTOME_RESPONSE_TO_ELEVATED_PLATELET_CYTOSOLIC_CA2,0.5527283008199039,0.9955900853877244,0.029270884953179605,-0.2245178751282539,-0.9499163754214451,60,SOD1;ECM1;STX4;PSAP;VWF;SELENOP;WDR1;CD36;PROS1;CALM1;CFL1;PFN1;VCL;PPIA;ALB,Reactome,Training_CR
REACTOME_RHOA_GTPASE_CYCLE,0.8121814475025484,0.9955900853877244,0.02109637236994823,-0.2226259298358959,-0.7878151118319985,28,RHOA;MCAM;FLOT2;CAVIN1;PGRMC2;KTN1;DDRGK1;CAV1;BCAP31,Reactome,Training_CR
REACTOME_RHOB_GTPASE_CYCLE,0.6008989827300686,0.9955900853877244,0.024727948614473298,-0.3215033797922834,-0.891711540082275,12,MCAM;FLOT2;CAVIN1;CAV1;VAMP3,Reactome,Training_CR
REACTOME_RHOC_GTPASE_CYCLE,0.9022784810126582,0.9955900853877244,0.01346261283901153,0.22418155070860593,0.6756235094354999,19,IQGAP1;RHOC;JUP;VAPB;ARHGAP1,Reactome,Training_CR
REACTOME_RHOD_GTPASE_CYCLE,0.6114790286975718,0.9955900853877244,0.025038495319218236,-0.28185634961422285,-0.8999074353226136,19,RAB7A;HINT2;MCAM;ESYT1;EMD;PGRMC2;CAV1,Reactome,Training_CR
REACTOME_RHOF_GTPASE_CYCLE,0.9080636877247047,0.9955900853877244,0.01357665162461913,0.2354549717840106,0.6541555788397733,14,DIAPH2;CAPZB,Reactome,Training_CR
REACTOME_RHOJ_GTPASE_CYCLE,0.9184160305343512,0.9955900853877244,0.018236201468499937,-0.22668006208340585,-0.6449059305866602,13,RAB7A;CAV1;VAMP3;PAK1;CDC42;LAMTOR1;TFRC;STOM;TMPO,Reactome,Training_CR
REACTOME_RHO_GTPASES_ACTIVATE_FORMINS,0.8306168104825823,0.9955900853877244,0.01386828394443188,0.21746313115735583,0.7789898659846515,40,DIAPH2;DYNC1H1;PPP2R1A;RHOC;PPP2CB;DYNC1LI1;PPP1CC;DYNC1I2;DYNLL2;TUBA8;TUBA4A;PPP2CA;SEC13,Reactome,Training_CR
REACTOME_RHO_GTPASES_ACTIVATE_PAKS,0.631765899864682,0.9955900853877244,0.018687131568121306,0.29897298157817,0.8749036435230455,17,PPP1CB;MYL9;PAK2;MYH11,Reactome,Training_CR
REACTOME_RHO_GTPASES_ACTIVATE_PKNS,0.5488051161225177,0.9955900853877244,0.020742042769131396,0.3040717364844453,0.9392105730406735,21,PPP1CB;MYL9;YWHAH;RHOC;MYH11,Reactome,Training_CR
REACTOME_RHO_GTPASE_CYCLE,0.6017411834144902,0.9955900853877244,0.01738751675977535,0.21760250349547933,0.9312533932072575,101,DIAPH2;USP9X;MYO6;NDUFS3;HSP90AB1;IQGAP1;CAPZB;TMOD3;OBSCN;RHOC;SAMM50;STBD1;JUP;PAK2;VAPB;TPM4;CCT6A;SCFD1;ARHGAP1;TRA2B;CLTC;RBMX;TRIP10,Reactome,Training_CR
REACTOME_RHO_GTPASE_EFFECTORS,0.6127494787012213,0.9955900853877244,0.017258575519582153,0.22083936323097064,0.9257925728791921,88,DIAPH2;ARPC2;MAPK1;PPP1CB;MYL9;IQGAP1;DYNC1H1;ARPC4;ACTR3;YWHAH;PPP2R1A;RHOC;MAPK14;PAK2;ACTR2;PPP2CB;DYNC1LI1;MYH11;PPP1CC;DYNC1I2;DYNLL2;TUBA8;TUBA4A;ARPC3;MYL12B;PPP2CA;SEC13,Reactome,Training_CR
REACTOME_RNA_POLYMERASE_II_TRANSCRIPTION_TERMINATION,0.9641913001682287,0.9955900853877244,0.017627366667513196,-0.19980627717723765,-0.5824483797668958,14,SRSF11;ALYREF,Reactome,Training_CR
REACTOME_ROLE_OF_PHOSPHOLIPIDS_IN_PHAGOCYTOSIS,0.6202980837473385,0.9955900853877244,0.024204019965755136,-0.3166799226023508,-0.8783333527607776,12,PRKCD;IGKV3-11;IGLV1-51,Reactome,Training_CR
REACTOME_SARS_COV_1_ACTIVATES_MODULATES_INNATE_IMMUNE_RESPONSES,0.9129406198249349,0.9955900853877244,0.01820159026488622,-0.23467073697073157,-0.6508752860128909,12,FKBP1A;TKFC;RPS27A;PPIA,Reactome,Training_CR
REACTOME_SARS_COV_1_HOST_INTERACTIONS,0.7839612318274191,0.9955900853877244,0.014385534399301703,0.21495146040462842,0.817963127903107,53,RPS2;RPS13;RPS24;RPS3;YWHAH;RPS4X;KPNB1;RPS9;RPS15A;TOMM70;RPS5;PPIB;RPS12;PCBP2,Reactome,Training_CR
REACTOME_SARS_COV_1_MODULATES_HOST_TRANSLATION_MACHINERY,0.592640833604689,0.9955900853877244,0.019072407433212653,0.2683695226546172,0.9169077902205708,32,RPS2;RPS13;RPS24;RPS3;RPS4X;RPS9;RPS15A,Reactome,Training_CR
REACTOME_SARS_COV_2_ACTIVATES_MODULATES_INNATE_AND_ADAPTIVE_IMMUNE_RESPONSES,0.8546569439840902,0.9955900853877244,0.013982609751224461,0.22978335178505277,0.7348918560062784,24,G3BP2;HSP90AB1;SEC23A;SEC24C;TOMM70;HLA-C;SEC13,Reactome,Training_CR
REACTOME_SCF_BETA_TRCP_MEDIATED_DEGRADATION_OF_EMI1,0.7184308639974064,0.9955900853877244,0.016172490789630647,0.24546350125762678,0.8443124871292317,33,PSMD7;PSMD3;PSMD6;PSMD2;PSMC5;CUL1;PSMC4;PSMD8;PSMD1;PSMB2;PSMA6;PSMD11;PSMB1;PSMD12;PSMA4,Reactome,Training_CR
REACTOME_SCF_SKP2_MEDIATED_DEGRADATION_OF_P27_P21,0.7184308639974064,0.9955900853877244,0.016172490789630647,0.24546350125762678,0.8443124871292317,33,PSMD7;PSMD3;PSMD6;PSMD2;PSMC5;CUL1;PSMC4;PSMD8;PSMD1;PSMB2;PSMA6;PSMD11;PSMB1;PSMD12;PSMA4,Reactome,Training_CR
REACTOME_SELECTIVE_AUTOPHAGY,0.7381368036819552,0.9955900853877244,0.015473577951447269,0.22903269229842757,0.8386904938418349,44,VDAC2;DYNC1H1;UBE2D3;PLIN3;FUNDC1;DYNC1LI1;VDAC3;PRKAG1;TOMM70;TOMM22;DYNC1I2;DYNLL2;TUBA8;TUBA4A;OPTN,Reactome,Training_CR
REACTOME_SEMA4D_IN_SEMAPHORIN_SIGNALING,0.8105134474327629,0.9955900853877244,0.015504711399028865,0.2864281137987701,0.7389354447455826,11,MYL9;RHOC;MYH11;MYL12B,Reactome,Training_CR
REACTOME_SEMAPHORIN_INTERACTIONS,0.7911941294196131,0.9955900853877244,0.015187392487254259,0.24853945302196306,0.7845923992625655,23,HSP90AB1;MYL9;RHOC;PAK2;DPYSL3;MYH11,Reactome,Training_CR
REACTOME_SENSORY_PROCESSING_OF_SOUND_BY_OUTER_HAIR_CELLS_OF_THE_COCHLEA,0.5755827925979332,0.9955900853877244,0.025711914639762558,-0.3135715135012976,-0.9140814921338752,14,ATP2B2;EPB41L3,Reactome,Training_CR
REACTOME_SEPARATION_OF_SISTER_CHROMATIDS,0.9626485568760611,0.9955900853877244,0.011207739417923064,0.17268070972320843,0.6797416961324352,63,PSMD7;DYNC1H1;PSMD3;PPP2R1A;PSMD6;PPP2CB;DYNC1LI1;PPP1CC;DYNC1I2;DYNLL2;PSMD2;TUBA8;PSMC5;TUBA4A;PPP2CA;SEC13;PSMC4;PSMD8;PSMD1;RANGAP1;PSMB2;PSMA6;PSMD11;PSMB1,Reactome,Training_CR
REACTOME_SIGNALING_BY_CSF3_G_CSF,0.6791507633587787,0.9955900853877244,0.022870863012466183,-0.29583980763107526,-0.8416657587410457,13,STAT5B;UBE2D1;RPS27A;STAT3;PTPN11;STAT1,Reactome,Training_CR
REACTOME_SIGNALING_BY_EGFR,0.7020579981290926,0.9955900853877244,0.022029898793432232,-0.3007921999787306,-0.8124219348283777,11,RPS27A;HGS;PTPN11;EPS15;CDC42,Reactome,Training_CR
REACTOME_SIGNALING_BY_ERBB2,0.9389638041163946,0.9955900853877244,0.017786117382464665,-0.22128548834589856,-0.6137503865068719,12,RHOA;PRKCD;RPS27A,Reactome,Training_CR
REACTOME_SIGNALING_BY_FGFR,0.646093349290477,0.9955900853877244,0.0185126661813019,0.30431820498226003,0.8623387629273905,15,MAPK1;PPP2R1A;PPP2CB;HNRNPM;PPP2CA,Reactome,Training_CR
REACTOME_SIGNALING_BY_FGFR2,0.646093349290477,0.9955900853877244,0.0185126661813019,0.30431820498226003,0.8623387629273905,15,MAPK1;PPP2R1A;PPP2CB;HNRNPM;PPP2CA,Reactome,Training_CR
REACTOME_SIGNALING_BY_INSULIN_RECEPTOR,0.788221195000856,0.9955900853877244,0.015620531814550632,0.2726172954434026,0.7574022470254032,14,MAPK1;AKT2,Reactome,Training_CR
REACTOME_SIGNALING_BY_INTERLEUKINS,0.9609629147690306,0.9955900853877244,0.022284214344768315,-0.15868511505286667,-0.754643818263228,115,SOD1;MAOA;STAT5B;VAMP2;STX4;TALDO1;UBE2N;HNRNPF;ITGB1;PSMC6;CD36;HNRNPDL;HMGB1;CFL1;CRKL;PSMC3;RPS27A;S100B;PSMA3;PSMA7;HNRNPA2B1;PSMB6;P4HB;PPIA;STAT3;PSMB3;MAPKAPK3;PSMA2;PITPNA;PSMC1;PSME2;PTPN11;STAT1;RALA;PSMB5;HSP90AA1;GSTO1;MAPKAPK2;RELA;CDC42,Reactome,Training_CR
REACTOME_SIGNALING_BY_MET,0.8710976837865055,0.9955900853877244,0.019837141296745433,-0.2146945049135562,-0.7393089647169219,25,ITGB1;LAMA4;CRKL;RPS27A;STAT3;LAMB1;LAMB3;HGS;PTPN11;EPS15;RAC1,Reactome,Training_CR
REACTOME_SIGNALING_BY_MODERATE_KINASE_ACTIVITY_BRAF_MUTANTS,0.5295698924731183,0.9955900853877244,0.02126760602983777,0.30425313210235644,0.9495076584496727,22,CAMK2D;MAPK1;IQGAP1,Reactome,Training_CR
REACTOME_SIGNALING_BY_NOTCH,0.7615274916811916,0.9955900853877244,0.014999858620349053,0.22398759304253202,0.8303755032089223,47,PSMD7;PSMD3;AKT1;YBX1;PSMD6;PSMD2;PSMC5;CUL1;RAB6A;PSMC4;POFUT1;PSMD8;PSMD1;PSMB2;PSMA6;PSMD11;PSMB1;PSMD12;PSMA4,Reactome,Training_CR
REACTOME_SIGNALING_BY_NOTCH4,0.5478970094354709,0.9955900853877244,0.019987090193658408,0.27064780644314934,0.947347140073785,35,PSMD7;PSMD3;AKT1;PSMD6;PSMD2;PSMC5;CUL1;PSMC4;PSMD8;PSMD1;PSMB2;PSMA6;PSMD11;PSMB1;PSMD12;PSMA4,Reactome,Training_CR
REACTOME_SIGNALING_BY_NTRKS,0.8285530132130197,0.9955900853877244,0.014024655758595328,0.22346874430721825,0.7748042546560797,34,MAPK1;PPP2R1A;AP2M1;MAPK14;PPP2CB;DNM2;CLTC;AP2B1;PPP2CA;AP2A2;AP2A1;RAP1A;CRK;BAX;RRAD;MAP2K2;MAPK3;MAP2K1;DUSP3,Reactome,Training_CR
REACTOME_SIGNALING_BY_NUCLEAR_RECEPTORS,0.9642019696732843,0.9955900853877244,0.011373090930902826,0.17376807861008275,0.6612464081056122,53,MAPK1;PLTP;HSP90AB1;AKT1;PDHB;AKT2;PDHA1;CRABP2;PPP5C;DLAT,Reactome,Training_CR
REACTOME_SIGNALING_BY_PDGF,0.5647921760391198,0.9955900853877244,0.026326680318915677,-0.29784381097025425,-0.9199214760565373,17,STAT5B;CRKL;COL4A1;COL6A2;STAT3;PTPN11;STAT1,Reactome,Training_CR
REACTOME_SIGNALING_BY_PTK6,0.9455117010129235,0.9955900853877244,0.013279721899359862,0.23211836870336178,0.5988256101561992,11,AKT1;GPNMB,Reactome,Training_CR
REACTOME_SIGNALING_BY_RETINOIC_ACID,0.7565395794152847,0.9955900853877244,0.016195447894419245,0.2768902680669377,0.7846169151970243,15,PDHB;PDHA1;CRABP2;DLAT;PDHX,Reactome,Training_CR
REACTOME_SIGNALING_BY_WNT,0.9007633587786259,0.9955900853877244,0.011737099454890994,0.18375119480000374,0.7549937506623906,77,CTBP1;PSMD7;PSMD3;AKT1;AKT2;PPP2R1A;AP2M1;VPS26A;PSMD6;VPS35;PPP2CB;CLTC;AP2B1;PSMD2;PPP3CA;PSMC5;CUL1;PPP2CA;PSMC4;AP2A2;AP2A1;PSMD8;PSMD1;PSMB2;PSMA6;PSMD11,Reactome,Training_CR
REACTOME_SIGNAL_TRANSDUCTION_BY_L1,0.7845614035087719,0.9955900853877244,0.02031081561510417,-0.2882594400622234,-0.7556775594116283,10,NRP1;ITGB1;PAK1;CSNK2B;RAC1,Reactome,Training_CR
REACTOME_SOMITOGENESIS,0.6571335185487824,0.9955900853877244,0.01759439099260148,0.26081452058223453,0.8793544549061564,30,PSMD7;PSMD3;PSMD6;PSMD2;PSMC5;PSMC4;PSMD8;PSMD1;PSMB2;PSMA6;PSMD11;PSMB1;PSMD12;PSMA4,Reactome,Training_CR
REACTOME_STABILIZATION_OF_P53,0.7894565039986943,0.9955900853877244,0.01490703260201761,0.2340486015279934,0.7949544235219809,31,PSMD7;PSMD3;PSMD6;PSMD2;PSMC5;PSMC4;PSMD8;PSMD1;PSMB2;PSMA6;PSMD11;PSMB1;PSMD12;PSMA4,Reactome,Training_CR
REACTOME_SULFUR_AMINO_ACID_METABOLISM,0.5629665302191187,0.9955900853877244,0.026120848518622168,-0.30912731210161826,-0.9210876997828857,15,SUOX;MPST;ENOPH1;SQOR;TST;APIP,Reactome,Training_CR
REACTOME_SUMOYLATION,0.9119796091758708,0.9955900853877244,0.013405904726048131,0.2236385538046547,0.663241570061301,18,CTBP1;SAE1;DDX17;SEC13;RANGAP1,Reactome,Training_CR
REACTOME_SWITCHING_OF_ORIGINS_TO_A_POST_REPLICATIVE_STATE,0.9000966806316468,0.9955900853877244,0.012826199971589779,0.2057424030270366,0.7133440057700489,34,PSMD7;PSMD3;PSMD6;PSMD2;PSMC5;CUL1;PSMC4;PSMD8;PSMD1;PSMB2;PSMA6;PSMD11;PSMB1;PSMD12;PSMA4,Reactome,Training_CR
REACTOME_SYNTHESIS_OF_ACTIVE_UBIQUITIN_ROLES_OF_E1_AND_E2_ENZYMES,0.7783549783549784,0.9955900853877244,0.015967653195889334,0.2896207190411255,0.7677502462734435,12,USP9X;UBE2K;UBE2H;UCHL3,Reactome,Training_CR
REACTOME_SYNTHESIS_OF_DNA,0.8593875260541928,0.9955900853877244,0.013424784634064317,0.21352012467783982,0.7573091534376648,38,PSMD7;PSMD3;PSMD6;PSMD2;PSMC5;CUL1;PSMC4;PSMD8;PSMD1;PSMB2;PSMA6;RPA3;PSMD11;PSMB1;PSMD12;PSMA4,Reactome,Training_CR
REACTOME_S_PHASE,0.5636623748211731,0.9955900853877244,0.019465835913180393,0.2591638659519666,0.9385830092009239,42,PSMD7;PSMD3;AKT1;AKT2;PSMD6;PSMD2;PSMC5;CUL1;PSMC4;PSMD8;PSMD1;PSMB2;PSMA6;RPA3;PSMD11;PSMB1;RBBP4;PSMD12;PSMA4,Reactome,Training_CR
REACTOME_TCF_DEPENDENT_SIGNALING_IN_RESPONSE_TO_WNT,0.5527352987545325,0.9955900853877244,0.01963714159635021,0.25242603682596565,0.9448785508089392,49,CTBP1;PSMD7;PSMD3;AKT1;AKT2;PPP2R1A;PSMD6;PPP2CB;PSMD2;PSMC5;PPP2CA;PSMC4;PSMD8;PSMD1;PSMB2;PSMA6;PSMD11;PSMB1;PSMD12;PSMA4,Reactome,Training_CR
REACTOME_TCR_SIGNALING,0.9610354223433243,0.9955900853877244,0.019546908641449836,-0.16883574997842585,-0.6713459504572952,45,HLA-DRA;UBE2D1;UBE2N;PSMC6;PSMC3;RPS27A;PSMA3;PSMA7;PSMB6;PSMB3;PAK1;PSMA2;PRKCQ;PSMC1,Reactome,Training_CR
REACTOME_TGF_BETA_RECEPTOR_SIGNALING_ACTIVATES_SMADS,0.5793528505392912,0.9955900853877244,0.0201748891170302,0.32745543579548053,0.9097569633973186,14,PPP1CB;PPP1CA;UBE2M;PPP1CC;UCHL5;STRAP,Reactome,Training_CR
REACTOME_THE_ROLE_OF_GTSE1_IN_G2_M_PROGRESSION_AFTER_G2_CHECKPOINT,0.8671366594360087,0.9955900853877244,0.021043047632887658,-0.19555038421018014,-0.7697490256893335,43,TUBB4A;TUBB4B;TUBB2B;PSMC6;PSMC3;RPS27A;PSMA3;PSMA7;PSMB6;PSMB3;PSMA2;PSMC1;PSMB5;TUBA1C;HSP90AA1;TUBB2A,Reactome,Training_CR
REACTOME_TOLL_LIKE_RECEPTOR_9_TLR9_CASCADE,0.5487002303389272,0.9955900853877244,0.020397689348097936,0.28385049180366584,0.9417098583081885,28,MAPK1;MAPK9;PPP2R1A;MAPK14;MAP2K4;PPP2CB;MAP2K6;CUL1;PPP2CA,Reactome,Training_CR
REACTOME_TOLL_LIKE_RECEPTOR_CASCADES,0.574784276126558,0.9955900853877244,0.019250823360803797,0.2602608816657729,0.9322986763359211,40,MAPK1;UBE2D3;MAPK9;PPP2R1A;MAPK14;MAP2K4;PPP2CB;DNM2;LGMN;MAP2K6;CUL1;OPTN;PPP2CA,Reactome,Training_CR
REACTOME_TOLL_LIKE_RECEPTOR_TLR1_TLR2_CASCADE,0.8423371960176269,0.9955900853877244,0.013971417489001998,0.22222752844209132,0.754803727132152,31,MAPK1;MAPK9;PPP2R1A;MAPK14;MAP2K4;PPP2CB;MAP2K6;CUL1;PPP2CA,Reactome,Training_CR
REACTOME_TRANSCRIPTIONAL_ACTIVATION_OF_MITOCHONDRIAL_BIOGENESIS,0.8561038961038961,0.9955900853877244,0.014591263090150821,0.26380751870686275,0.6993225074730235,12,IDH2;SIRT5;CYCS;GLUD1;ATP5F1B,Reactome,Training_CR
REACTOME_TRANSCRIPTIONAL_REGULATION_BY_RUNX3,0.9511762810183694,0.9955900853877244,0.012020752628152708,0.18915695901480062,0.6558394423203424,34,PSMD7;PSMD3;PSMD6;PSMD2;PSMC5;PSMC4;PSMD8;PSMD1;PSMB2;PSMA6;PSMD11;PSMB1;PSMD12;PSMA4,Reactome,Training_CR
REACTOME_TRANSLATION_OF_SARS_COV_2_STRUCTURAL_PROTEINS,0.5701962110960758,0.9955900853877244,0.020233605492233565,0.3124851381846219,0.9144451264504847,17,MOGS;DAD1;STT3A;OSTC;STT3B;RPN2;DDOST;GSK3B,Reactome,Training_CR
REACTOME_TRANSPORT_OF_MATURE_TRANSCRIPT_TO_CYTOPLASM,0.6599375150204277,0.9955900853877244,0.023451555985998074,-0.2935448555501263,-0.8557024730129766,14,SRSF11;ALYREF;NUP93,Reactome,Training_CR
REACTOME_TRIGLYCERIDE_CATABOLISM,0.6750556411573361,0.9955900853877244,0.017883085937243234,0.303734213544805,0.843853195238997,14,PPP1CB;PLIN3;PPP1CA;PPP1CC;FABP3,Reactome,Training_CR
REACTOME_TRNA_PROCESSING,0.6161038961038962,0.9955900853877244,0.019414905948614686,0.3339183833863106,0.8851781113203667,12,RTCB;EPRS1;DDX1;HSD17B10;SEC13,Reactome,Training_CR
REACTOME_TURBULENT_OSCILLATORY_DISTURBED_FLOW_SHEAR_STRESS_ACTIVATES_SIGNALING_BY_PIEZO1_AND_INTEGRINS_IN_ENDOTHELIAL_CELLS,0.9522342064714946,0.9955900853877244,0.012888734646140676,0.212970300402879,0.5916872728579454,14,CAPN2;PPP2R1A;PPP2R2A,Reactome,Training_CR
REACTOME_UBIQUITIN_DEPENDENT_DEGRADATION_OF_CYCLIN_D,0.8425594268967763,0.9955900853877244,0.013932310470519002,0.22238581622993786,0.7598004621344886,32,PSMD7;PSMD3;PSMD6;PSMD2;PSMC5;PSMC4;PSMD8;PSMD1;PSMB2;PSMA6;PSMD11;PSMB1;PSMD12;PSMA4,Reactome,Training_CR
REACTOME_UCH_PROTEINASES,0.75497432605905,0.9955900853877244,0.015306677507733898,0.23327106617804028,0.8313552289288377,39,PSMD7;PSMD3;PSMD6;PSMD2;UCHL5;UCHL3;PSMC5;PSMC4;PSMD8;PSMD1;PSMB2;PSMA6;PSMD11;PSMB1;NEDD8;PSMD12;PSMA4,Reactome,Training_CR
REACTOME_VEGFR2_MEDIATED_VASCULAR_PERMEABILITY,0.6078225947267331,0.9955900853877244,0.019745432846040765,0.35489617865594525,0.891077994137768,10,AKT1;AKT2;JUP;PAK2,Reactome,Training_CR
REACTOME_VISUAL_PHOTOTRANSDUCTION,0.725528297303862,0.9955900853877244,0.022108806581103826,-0.2624622975944866,-0.8264566185437325,18,RETSAT;GNB1;CALM1;AKR1C1;RBP4;PRKCQ,Reactome,Training_CR
REACTOME_SIGNALLING_TO_ERKS,0.9730315434625572,0.9979278729328145,0.017521418159225137,-0.18983951310967712,-0.5656531584650625,15,MAPK12,Reactome,Training_CR
REACTOME_CELL_EXTRACELLULAR_MATRIX_INTERACTIONS,0.9941480206540447,0.9986278735632185,0.012339064754358437,0.1745775298638444,0.47351646368317535,13,FLNC,Reactome,Training_CR
REACTOME_DNA_DAMAGE_RECOGNITION_IN_GG_NER,0.9857865574560347,0.9986278735632185,0.017337217493372484,-0.1742888456049178,-0.5293683233160794,16,RAD23B;RAD23A;RPS27A,Reactome,Training_CR
REACTOME_DNA_REPLICATION_PRE_INITIATION,0.9832214765100671,0.9986278735632185,0.011409205468266286,0.16937734636117935,0.6067384187862961,40,PSMD7;PSMD3;PSMD6;KPNB1;PSMD2;PSMC5;PSMC4;PSMD8;PSMD1;PSMB2;PSMA6;RPA3;PSMD11;PSMB1;PSMD12;PSMA4,Reactome,Training_CR
REACTOME_ENDOSOMAL_SORTING_COMPLEX_REQUIRED_FOR_TRANSPORT_ESCRT,0.9931540342298288,0.9986278735632185,0.01744524664536421,-0.16129474390897217,-0.4981755317108854,17,RPS27A;CHMP3;CHMP6;VPS4B;HGS,Reactome,Training_CR
REACTOME_FC_EPSILON_RECEPTOR_FCERI_SIGNALING,0.9924207269914926,0.9986278735632185,0.010784325965363413,0.15388837925476934,0.5998558079245492,60,PSMD7;MAPK1;PSMD3;AHCYL1;MAPK9;PAK2;PSMD6;MAP2K4;PSMD2;PPP3CA;PSMC5;CUL1;PSMC4;IGHV3-7;PSMD8;PSMD1;PSMB2;PSMA6;PSMD11;PSMB1,Reactome,Training_CR
REACTOME_INITIAL_TRIGGERING_OF_COMPLEMENT,0.996551724137931,0.9986278735632185,0.017503240504604636,-0.14574731626754747,-0.4800300444336044,21,IGKV3-11;FCN3;IGLV1-51;C1QA;IGKV3-15;C4A;IGHG2;IGHG1;IGLC2;IGKV3-20;IGLV1-40;CFD;C2;C3;C1S;C1R;IGKV4-1;CFB;IGHV3-7;C1QC;C1QB,Reactome,Training_CR
REACTOME_MET_PROMOTES_CELL_MOTILITY,0.9949255751014885,0.9986278735632185,0.012073009049183995,0.16688530374544816,0.48836707426409065,17,LAMA2;COL1A1,Reactome,Training_CR
REACTOME_MITOTIC_METAPHASE_AND_ANAPHASE,0.990375939849624,0.9986278735632185,0.020591942393633076,-0.1475096484548098,-0.6582730065206271,80,TUBB4A;TUBB4B;UBE2D1;TUBB2B;DYNC1LI2;PSMC6;EMD;NUP93;PSMC3;RPS27A;PSMA3;CHMP3;PSMA7;CLIP1;PSMB6;CHMP6;CLASP2,Reactome,Training_CR
REACTOME_RUNX1_REGULATES_TRANSCRIPTION_OF_GENES_INVOLVED_IN_DIFFERENTIATION_OF_HSCS,0.9761714377098992,0.9986278735632185,0.011527613563710045,0.17188050487211487,0.6016324568262831,35,PSMD7;PSMD3;PSMD6;PSMD2;PSMC5;PSMC4;PSMD8;PSMD1;PSMB2;PSMA6;PSMD11;PSMB1;PSMD12;PSMA4,Reactome,Training_CR
REACTOME_SIGNALING_BY_THE_B_CELL_RECEPTOR_BCR,0.9838350055741361,0.9986278735632185,0.0195340721068554,-0.15719017189562273,-0.6506315413550592,54,FKBP1A;IGKV3-11;PPP3CB;PSMC6;PPP3R1;CALM1;PSMC3;RPS27A;PSMA3;PSMA7;PSMB6;IGLV1-51;PPIA;PSMB3;PSMA2;PSMC1;PSMB5;RELA;IGKV3-15,Reactome,Training_CR
REACTOME_TRANSCRIPTIONAL_REGULATION_BY_RUNX1,0.9948662523642259,0.9986278735632185,0.01890059408348904,-0.14407535525025342,-0.570546633433656,44,PSMC6;PSMC3;RPS27A;PSMA3;PSMA7;PSMB6;YAP1;H3-3A;PSMB3;CBFB;CSNK2B;PSMA2;PRKCQ;PSMC1;PTPN11;PSMB5,Reactome,Training_CR
REACTOME_CARGO_RECOGNITION_FOR_CLATHRIN_MEDIATED_ENDOCYTOSIS,0.9994818652849741,0.9994818652849741,0.01820543122220443,-0.11779344670261302,-0.4298197669153895,32,VAMP2;CLTA;RPS27A;VAMP3;SCARB2;HGS;COPS3;EPS15;AGFG1;ARRB1;TFRC;COPS6;UBQLN1;GRB2;STAM;EPS15L1;TF;COPS8;CLTB;GPS1;COPS4;COPS2;EPN1;NEDD8;PICALM;COPS7A;AP2A1;AP2A2;AP2B1;CLTC;COPS5;AP2M1,Reactome,Training_CR
